0
0
0
0
0
0
0
0
0
0
0
0
0
0
0
0
0
1
1
1
0
0
1
0
0
0
0
1
1
0
0
0
0
0
0
0
0
0
0
0
0
0
1
1
1
1
0
0
0
0
0
0
0
0
0
0
0
0
0
0
1
1
1
1
1
0
0
0
1
0
1
0
0
0
0
0
0
0
0
1
0
0
1
1
0
0
0
0
0
0
0
0
0
0
0
0
0
0
0
1
2
1
2
1
2
0
4
0
8
1
18
0
22
0
26
0
30
1
33
0
40
1
44
0
48
0
69
0
73
0
77
1
80
1
83
0
87
0
91
1
105
0
109
0
113
0
119
0
122
0
126
0
130
0
134
0
156
0
161
0
164
0
169
0
186
0
190
0
193
0
197
0
202
0
206
0
227
0
231
1
243
0
247
0
277
0
280
0
285
0
289
0
316
0
320
0
350
0
372
0
395
0
416
0
420
0
424
0
452
0
458
0
462
0
493
1
504
0
510
1
511
0
515
0
520
0
525
0
528
0
557
0
587
0
590
0
608
0
636
0
640
0
658
1
677
0
701
0
706
0
736
1
739
0
751
0
772
1
785
0
788
1
790
0
825
0
843
0
847
1
852
0
856
0
860
0
877
0
926
0
952
1
960
0
964
0
984
0
988
0
992
0
1024
0
1028
1
1030
0
1065
0
1069
0
1088
0
1094
0
1127
0
1144
0
1149
0
1179
0
1222
0
1255
0
1258
0
1292
0
1322
0
1358
0
1394
0
1428
0
1456
0
1460
0
1463
1
1470
1
1474
0
1502
0
1545
0
1576
1
1601
0
1606
0
1609
1
1618
0
1621
1
1628
1
1633
0
1637
0
1655
0
1658
1
1664
0
1668
0
1672
0
1698
0
1736
1
1737
0
1750
1
1758
0
1801
0
1827
1
1830
0
1851
0
1891
0
1924
1
1928
1
1930
0
1960
1
1963
1
1965
1
1967
1
2
1
1968
1
2
1
2
1
2
1
2
1
1969
1
1971
0
1991
0
2020
0
2024
0
2049
0
2071
0
2077
1
2084
0
2112
0
2132
0
2158
0
2355
0
2372
1
2407
1
2413
1
2414
1
2415
0
2450
1
2515
0
2593
0
2623
0
2656
1
2696
1
2716
1
2744
0
2808
1
2822
1
2826
0
2845
1
2859
0
2882
0
2929
1
2979
1
2985
0
3012
0
3043
0
3125
0
3141
0
3171
0
3200
0
3247
0
3284
0
3312
0
3391
0
3474
0
3499
0
3503
0
3534
0
3553
1
3561
1
3578
0
3602
0
3660
0
3684
1
3716
0
3754
0
3782
1
3795
1
3798
1
3809
1
3811
0
3881
0
3902
1
3961
0
4071
1
4089
1
4099
0
4109
0
4134
1
4137
0
4220
1
4248
0
4322
0
4371
0
4397
1
4558
0
4631
0
4664
0
4744
0
4772
1
4849
1
4851
0
4855
0
4859
0
4881
1
4924
0
4956
0
4989
1
5083
1
5110
0
5140
1
5166
1
5182
1
5189
0
5224
0
5256
1
5286
1
5307
1
5407
0
5411
1
5421
1
5449
1
5451
1
5552
0
5571
0
5595
0
5629
1
5636
0
5669
0
5693
1
5826
0
5850
0
5880
1
5888
0
5947
0
5982
1
6040
1
6051
0
6062
0
6068
0
6085
1
6108
0
6135
1
6182
0
6204
0
6312
0
6334
0
6376
0
6452
1
6483
1
6492
1
6502
1
6509
0
6585
0
6597
0
6646
0
6709
1
6717
1
6794
1
6799
0
6832
0
6919
1
7031
0
7086
0
7218
0
7249
1
7444
0
7447
0
7480
1
7588
0
7591
1
7648
0
7692
0
7761
0
7829
0
7847
0
7926
1
8125
0
8244
1
8273
1
8286
0
8348
0
8381
0
8408
0
8465
0
8486
1
8494
0
8498
1
8524
0
8548
1
8564
0
8590
0
8662
1
8665
1
8666
0
8703
0
8722
0
8773
1
8781
0
8828
0
8852
0
8902
1
8945
1
8957
1
8972
0
8991
0
9020
1
9049
0
9096
0
9148
0
9155
0
9198
0
9202
1
9259
1
9265
0
9289
0
9332
0
9345
1
9391
0
9493
0
9522
1
9562
0
9627
0
1
9675
1
9717
1
9718
1
9756
0
9804
1
9860
0
9937
0
9970
1
9978
0
10055
0
10108
1
10115
0
10136
1
10161
1
10169
0
10231
0
10266
0
10274
1
10280
0
10297
0
10319
0
10337
1
2
0
10343
0
10367
0
10384
0
10406
0
10468
0
10490
0
10510
0
10570
1
10606
1
10620
0
10692
1
10729
0
10784
0
10804
0
10818
1
10819
1
2
1
2
1
2
1
2
1
10820
1
10822
1
10829
0
10857
0
10903
0
10960
0
10966
1
10996
1
11035
0
11061
1
11081
0
11130
