0, 102, 0
0, 97, 0
0, 115, 0
0, 99, 0
0, 218, 0
0, 96, 0
0, 195, 0
0, 98, 0
0, 100, 0
0, 208, 0
0, 151, 0
0, 138, 0
0, 165, 0
0, 185, 1
0, 152, 0
0, 97, 0
0, 102, 0
0, 148, 0
0, 118, 0
0, 150, 0
0, 154, 0
1, 148, 0
0, 164, 0
0, 96, 0
0, 93, 0
0, 95, 0
0, 93, 0
0, 148, 0
0, 115, 0
0, 187, 0
0, 138, 0
0, 95, 0
0, 178, 0
0, 169, 0
0, 193, 0
0, 156, 0
0, 99, 0
0, 95, 0
0, 103, 0
0, 137, 0
0, 116, 0
0, 175, 0
0, 97, 0
0, 101, 0
0, 98, 0
0, 94, 0
0, 193, 0
0, 115, 1
0, 96, 0
0, 95, 0
0, 101, 0
0, 95, 0
0, 151, 0
0, 94, 0
0, 93, 0
0, 149, 0
0, 107, 0
0, 94, 0
0, 96, 0
0, 170, 1
0, 99, 1
1, 95, 0
0, 129, 0
0, 104, 1
0, 147, 0
0, 95, 0
0, 206, 1
0, 191, 0
0, 96, 0
0, 163, 0
0, 253, 1
0, 178, 0
0, 184, 0
0, 106, 0
0, 99, 0
0, 163, 0
1, 65, 0
0, 207, 0
0, 199, 0
0, 236, 0
0, 94, 0
0, 160, 0
0, 93, 0
0, 95, 0
0, 93, 0
1, 105, 0
0, 92, 0
0, 99, 0
0, 96, 0
0, 99, 0
0, 112, 0
0, 161, 0
0, 120, 0
0, 105, 0
1, 168, 0
0, 465, 0
0, 127, 1
1, 135, 0
0, 100, 0
0, 183, 0
0, 107, 0
0, 98, 0
0, 111, 0
0, 94, 0
0, 104, 0
0, 186, 0
0, 97, 0
0, 164, 0
0, 103, 0
0, 101, 0
1, 60, 1
0, 144, 0
0, 193, 0
0, 157, 1
0, 181, 0
1, 128, 0
0, 238, 0
0, 111, 0
0, 227, 0
0, 161, 0
0, 100, 0
0, 164, 0
0, 148, 0
0, 152, 0
0, 108, 0
0, 99, 0
0, 101, 0
0, 94, 0
0, 98, 0
0, 113, 0
0, 98, 0
0, 192, 1
0, 96, 0
0, 98, 0
0, 98, 1
0, 93, 0
0, 94, 0
0, 94, 0
0, 206, 0
0, 95, 0
0, 197, 1
0, 177, 1
0, 281, 0
0, 94, 0
0, 95, 0
0, 165, 0
0, 92, 0
0, 187, 0
0, 209, 0
0, 92, 1
0, 249, 0
1, 1, 0
0, 94, 0
0, 230, 0
0, 246, 0
0, 92, 0
0, 168, 0
0, 170, 0
0, 96, 0
1, 188, 0
0, 147, 0
0, 192, 0
0, 103, 1
0, 169, 1
0, 94, 0
0, 99, 0
0, 134, 0
1, 161, 0
0, 96, 0
0, 179, 0
1, 86, 0
0, 96, 0
0, 205, 0
0, 97, 0
0, 95, 0
0, 94, 0
0, 206, 0
0, 174, 0
0, 216, 0
0, 162, 0
0, 93, 0
0, 103, 0
0, 163, 0
0, 155, 0
0, 151, 0
0, 166, 0
0, 165, 0
0, 155, 0
0, 93, 0
0, 102, 0
0, 165, 0
0, 168, 0
0, 96, 0
0, 195, 0
0, 116, 0
0, 102, 0
0, 97, 0
0, 107, 0
0, 130, 0
0, 161, 0
0, 151, 0
0, 96, 0
0, 94, 0
0, 397, 0
0, 93, 0
0, 195, 0
0, 198, 0
0, 93, 0
0, 174, 0
0, 215, 0
0, 172, 0
1, 26, 0
0, 421, 0
0, 99, 0
0, 147, 0
0, 216, 0
0, 120, 0
0, 143, 0
0, 138, 0
0, 103, 0
0, 155, 0
0, 225, 0
0, 102, 0
0, 97, 0
0, 148, 0
0, 269, 0
0, 235, 0
0, 144, 0
0, 101, 0
0, 246, 0
0, 239, 0
0, 95, 0
0, 206, 0
0, 188, 1
0, 103, 0
0, 92, 0
0, 155, 0
0, 98, 0
0, 161, 0
0, 149, 0
1, 44, 0
0, 117, 0
0, 259, 0
0, 168, 0
0, 167, 0
0, 149, 0
0, 96, 0
0, 116, 0
0, 167, 1
0, 133, 0
0, 93, 0
0, 96, 0
0, 210, 0
0, 190, 0
0, 147, 0
0, 114, 0
0, 190, 0
0, 109, 0
0, 154, 0
0, 165, 0
0, 92, 0
0, 175, 0
0, 96, 1
0, 149, 0
0, 97, 1
0, 179, 0
0, 189, 0
0, 101, 0
0, 350, 0
0, 152, 1
0, 173, 0
0, 204, 0
0, 100, 1
0, 163, 0
0, 95, 0
0, 167, 0
0, 143, 0
0, 129, 0
0, 441, 0
0, 199, 0
0, 202, 0
0, 145, 0
0, 146, 0
0, 191, 1
0, 92, 0
0, 736, 0
0, 94, 0
1, 62, 0
0, 93, 0
0, 140, 0
0, 225, 0
0, 105, 0
0, 96, 0
0, 158, 0
1, 71, 0
0, 114, 0
0, 143, 0
0, 169, 0
0, 116, 0
0, 282, 0
0, 93, 0
0, 96, 0
0, 102, 0
0, 97, 0
0, 169, 0
0, 107, 0
0, 96, 0
0, 215, 0
0, 98, 0
0, 483, 1
0, 142, 0
0, 108, 0
0, 153, 0
0, 206, 0
0, 96, 1
0, 94, 0
0, 96, 0
0, 184, 0
0, 178, 0
0, 103, 0
0, 116, 0
0, 255, 0
0, 100, 0
0, 95, 0
0, 95, 0
0, 145, 0
0, 95, 0
0, 198, 0
0, 162, 0
0, 98, 0
0, 294, 0
0, 95, 0
0, 154, 0
0, 197, 1
0, 100, 0
0, 113, 0
0, 94, 0
0, 116, 1
0, 95, 0
0, 153, 0
0, 185, 0
0, 97, 0
0, 94, 0
0, 94, 1
0, 141, 0
0, 144, 0
0, 115, 0
0, 167, 0
0, 161, 0
0, 95, 0
0, 171, 0
0, 148, 0
0, 96, 0
0, 93, 1
0, 111, 0
0, 109, 0
0, 94, 1
0, 162, 0
0, 96, 0
0, 155, 0
0, 99, 0
0, 181, 0
0, 105, 0
0, 177, 0
0, 184, 0
0, 223, 0
0, 117, 0
0, 455, 0
0, 141, 0
0, 820, 0
0, 147, 0
0, 204, 0
0, 103, 0
0, 183, 0
0, 167, 0
0, 161, 0
0, 97, 0
0, 226, 0
0, 336, 1
0, 151, 0
0, 96, 0
1, 1, 0
1, 168, 0
0, 157, 0
0, 184, 0
0, 181, 0
0, 305, 0
0, 279, 0
0, 233, 0
0, 201, 0
0, 109, 0
0, 167, 0
0, 121, 0
0, 157, 0
0, 97, 0
0, 137, 0
0, 151, 0
0, 97, 0
0, 190, 0
0, 208, 0
0, 165, 0
1, 32, 0
0, 109, 1
0, 146, 0
0, 342, 0
0, 154, 0
0, 468, 0
0, 223, 0
0, 156, 0
0, 184, 0
0, 97, 0
0, 201, 1
0, 343, 0
0, 161, 0
0, 207, 0
0, 238, 0
0, 181, 0
0, 203, 0
0, 147, 0
0, 169, 0
0, 147, 0
1, 202, 0
0, 135, 1
0, 100, 0
0, 143, 0
0, 541, 0
0, 169, 0
0, 99, 0
0, 206, 0
0, 358, 0
0, 96, 0
0, 188, 0
0, 95, 0
0, 161, 0
0, 103, 0
0, 210, 0
0, 216, 0
0, 94, 0
0, 108, 0
0, 173, 0
0, 193, 0
0, 162, 0
0, 103, 0
0, 185, 0
0, 163, 0
0, 188, 0
0, 206, 0
0, 102, 0
0, 191, 0
0, 148, 0
0, 160, 0
0, 167, 0
0, 149, 0
0, 206, 1
0, 112, 0
0, 208, 0
0, 100, 1
0, 211, 0
0, 198, 0
0, 317, 0
0, 177, 0
0, 116, 0
0, 197, 0
0, 139, 0
0, 135, 0
0, 194, 0
0, 117, 0
0, 94, 0
0, 168, 0
0, 99, 0
0, 538, 0
0, 160, 1
0, 96, 0
0, 287, 0
1, 288, 0
0, 194, 0
0, 171, 0
1, 90, 0
0, 311, 0
0, 191, 0
0, 252, 0
0, 257, 0
0, 216, 0
0, 214, 0
0, 139, 1
0, 161, 0
0, 92, 0
0, 185, 0
0, 155, 0
0, 204, 0
0, 147, 1
0, 224, 0
0, 164, 0
0, 103, 0
0, 102, 1
0, 191, 0
0, 308, 0
0, 221, 0
0, 164, 0
0, 153, 0
0, 185, 0
0, 249, 0
0, 104, 0
0, 142, 0
0, 99, 0
0, 195, 0
0, 167, 0
0, 168, 0
0, 286, 0
0, 144, 0
0, 195, 0
0, 469, 0
0, 143, 1
0, 166, 0
0, 107, 0
0, 183, 1
0, 179, 0
0, 191, 0
0, 224, 0
0, 197, 0
0, 97, 0
0, 102, 0
0, 163, 0
0, 179, 0
0, 395, 0
0, 203, 0
0, 627, 0
0, 224, 0
0, 167, 0
0, 486, 0
0, 322, 0
0, 183, 0
0, 239, 0
0, 96, 0
0, 176, 0
0, 94, 0
0, 199, 0
0, 358, 0
0, 92, 0
0, 160, 0
0, 170, 0
0, 154, 1
0, 243, 0
0, 93, 0
0, 157, 0
0, 101, 0
0, 176, 0
0, 180, 1
0, 208, 0
0, 167, 0
0, 187, 0
0, 138, 0
0, 144, 1
0, 100, 0
0, 205, 0
0, 408, 0
0, 163, 0
0, 178, 0
1, 247, 0
0, 162, 0
0, 99, 0
0, 202, 0
0, 494, 0
0, 179, 0
0, 184, 0
0, 352, 0
0, 263, 0
0, 222, 0
0, 371, 0
0, 170, 1
0, 193, 0
1, 127, 0
0, 498, 0
0, 586, 0
0, 154, 0
0, 186, 0
0, 206, 0
0, 178, 0
0, 169, 0
1, 64, 0
0, 142, 0
0, 177, 0
1, 99, 0
0, 272, 0
0, 136, 0
0, 158, 0
0, 187, 0
0, 144, 0
0, 346, 0
0, 97, 0
0, 162, 0
0, 101, 0
0, 168, 0
0, 94, 0
0, 479, 1
0, 187, 0
0, 389, 0
0, 183, 0
0, 431, 1
0, 139, 0
0, 542, 0
0, 145, 0
0, 191, 0
0, 264, 0
0, 164, 0
0, 156, 0
0, 442, 0
0, 206, 0
0, 169, 0
0, 402, 0
0, 267, 0
1, 72, 0
0, 190, 1
0, 340, 0
1, 189, 0
0, 98, 0
0, 366, 0
1, 192, 0
0, 207, 0
0, 96, 0
0, 203, 1
0, 211, 0
0, 145, 0
1, 170, 0
0, 526, 0
0, 103, 0
1, 57, 0
0, 166, 0
0, 183, 0
0, 144, 0
0, 175, 0
0, 785, 0
0, 182, 0
0, 1105, 0
0, 206, 0
0, 513, 0
0, 142, 0
0, 170, 0
0, 186, 0
0, 272, 0
0, 176, 0
0, 140, 0
0, 189, 1
0, 143, 0
0, 283, 0
1, 41, 0
0, 537, 0
0, 137, 0
0, 170, 0
0, 291, 0
0, 587, 0
0, 215, 0
0, 374, 0
0, 431, 0
1, 102, 0
0, 146, 0
0, 210, 0
0, 229, 0
0, 435, 0
0, 672, 0
0, 135, 0
1, 772, 0
0, 184, 0
0, 519, 0
0, 147, 0
0, 208, 0
0, 627, 0
0, 1111, 0
0, 146, 0
0, 208, 0
0, 303, 0
0, 329, 0
1, 1, 0
0, 167, 0
0, 221, 0
0, 145, 0
0, 292, 0
0, 94, 0
0, 151, 1
0, 318, 0
0, 486, 0
0, 175, 0
0, 175, 0
0, 548, 0
1, 413, 0
0, 160, 0
0, 434, 0
0, 403, 0
0, 581, 0
0, 197, 0
0, 511, 0
0, 169, 0
1, 212, 0
0, 573, 0
0, 426, 0
0, 303, 0
0, 598, 0
0, 161, 0
0, 302, 0
0, 164, 0
0, 221, 0
0, 164, 0
1, 50, 0
0, 244, 0
0, 96, 0
0, 95, 0
0, 146, 0
0, 690, 0
0, 171, 0
0, 262, 1
0, 245, 0
1, 855, 0
0, 191, 0
0, 409, 0
0, 247, 0
0, 939, 0
0, 197, 0
0, 438, 0
0, 1135, 0
0, 400, 0
0, 518, 1
0, 99, 0
0, 746, 0
1, 150, 0
0, 285, 0
1, 421, 0
0, 535, 0
0, 448, 0
0, 421, 0
0, 99, 0
0, 351, 1
0, 1028, 0
0, 173, 0
0, 186, 0
1, 68, 0
0, 532, 0
0, 1154, 0
0, 142, 0
0, 365, 0
1, 54, 0
0, 276, 0
0, 181, 0
0, 148, 0
0, 257, 0
0, 396, 1
0, 171, 0
0, 412, 0
0, 1347, 0
0, 878, 0
1, 590, 0
1, 506, 0
0, 164, 0
0, 490, 0
0, 93, 0
0, 177, 0
0, 298, 0
1, 437, 0
1, 74, 0
0, 378, 0
1, 531, 0
1, 542, 0
0, 212, 0
0, 99, 0
1, 400, 1
0, 535, 0
0, 1244, 1
0, 373, 0
1, 338, 0
0, 181, 0
0, 407, 0
1, 76, 0
0, 546, 0
0, 170, 0
0, 93, 0
0, 424, 0
0, 400, 0
0, 617, 0
0, 1366, 0
0, 373, 0
0, 1383, 0
0, 137, 0
1, 68, 0
1, 708, 0
0, 802, 0
1, 871, 0
0, 578, 0
0, 316, 0
0, 262, 0
1, 181, 0
0, 196, 0
1, 175, 0
0, 274, 0
1, 372, 0
0, 480, 0
1, 1093, 0
0, 648, 0
0, 1100, 1
0, 288, 0
1, 696, 0
1, 172, 0
1, 313, 0
0, 452, 0
1, 116, 0
1, 302, 0
0, 148, 0
0, 1260, 0
0, 409, 0
0, 262, 0
1, 254, 0
0, 393, 0
0, 365, 0
0, 291, 0
0, 188, 0
1, 99, 0
0, 410, 0
0, 976, 0
0, 708, 0
0, 1954, 0
1, 297, 0
0, 359, 0
0, 754, 0
1, 794, 0
1, 370, 0
1, 770, 0
0, 147, 0
0, 490, 0
0, 1793, 0
0, 326, 0
0, 189, 0
0, 369, 0
0, 466, 0
0, 364, 0
1, 118, 0
1, 293, 0
0, 481, 0
1, 790, 0
0, 253, 0
0, 751, 0
0, 205, 0
0, 459, 0
0, 454, 0
0, 529, 0
0, 2654, 0
1, 348, 0
1, 31, 0
0, 426, 0
0, 476, 0
0, 629, 0
1, 147, 0
1, 89, 0
1, 324, 0
1, 347, 0
1, 240, 0
0, 567, 0
0, 351, 0
0, 553, 0
1, 253, 0
0, 393, 0
0, 453, 0
0, 715, 0
1, 277, 0
1, 256, 0
1, 890, 0
0, 434, 0
0, 398, 0
1, 135, 0
0, 393, 0
0, 858, 0
0, 336, 0
0, 419, 0
1, 117, 0
1, 432, 0
0, 1459, 0
1, 95, 0
1, 830, 1
1, 247, 0
0, 1025, 0
0, 641, 0
0, 577, 0
0, 393, 0
1, 489, 0
1, 58, 0
0, 547, 0
1, 312, 0
1, 647, 0
1, 90, 0
0, 583, 0
1, 42, 0
1, 124, 0
1, 167, 0
0, 873, 0
1, 124, 0
0, 624, 0
1, 108, 0
1, 261, 0
0, 103, 0
0, 478, 0
1, 848, 0
0, 543, 0
0, 470, 0
1, 1156, 0
1, 243, 1
1, 848, 0
1, 162, 0
1, 53, 0
1, 40, 0
0, 448, 0
1, 33, 0
0, 590, 1
0, 665, 0
0, 215, 0
0, 368, 0
0, 759, 0
1, 617, 0
0, 623, 1
1, 247, 0
0, 146, 0
1, 119, 0
1, 355, 0
1, 51, 0
0, 1522, 0
0, 1429, 0
1, 222, 0
1, 111, 1
0, 443, 0
1, 265, 0
1, 407, 0
1, 506, 0
1, 1042, 0
1, 442, 0
0, 1880, 0
1, 762, 0
0, 205, 0
1, 336, 0
0, 351, 0
0, 513, 0
1, 647, 0
1, 188, 0
1, 234, 0
1, 780, 0
1, 236, 0
1, 478, 0
1, 253, 0
1, 481, 0
0, 518, 0
0, 189, 0
1, 230, 0
0, 411, 0
1, 79, 0
1, 242, 0
1, 428, 0
1, 257, 0
1, 334, 0
1, 213, 0
1, 86, 1
1, 1032, 0
0, 283, 1
1, 266, 0
0, 337, 0
1, 764, 0
1, 70, 0
1, 376, 0
0, 2034, 0
1, 434, 0
0, 560, 0
1, 141, 1
0, 344, 0
0, 916, 0
1, 322, 0
1, 844, 0
1, 251, 0
1, 165, 0
1, 375, 0
1, 328, 0
1, 137, 0
1, 386, 0
0, 313, 0
1, 130, 0
1, 1640, 0
1, 1230, 0
1, 512, 0
1, 311, 0
1, 120, 0
0, 1768, 1
1, 362, 0
1, 323, 0
1, 359, 0
1, 205, 0
1, 191, 0
0, 841, 0
0, 504, 0
0, 218, 0
1, 178, 0
1, 503, 0
1, 220, 0
1, 293, 0
1, 423, 1
1, 698, 0
1, 150, 0
1, 329, 1
1, 319, 0
1, 1279, 0
1, 400, 0
1, 1124, 0
1, 727, 0
1, 175, 0
1, 375, 0
1, 516, 0
0, 100, 0
0, 169, 0
1, 33, 0
1, 172, 0
1, 183, 0
1, 285, 0
1, 161, 0
1, 93, 0
1, 467, 0
1, 1561, 0
1, 251, 0
1, 233, 0
1, 116, 0
1, 57, 0
0, 258, 0
1, 101, 0
0, 466, 0
1, 384, 0
1, 300, 1
1, 7, 0
1, 671, 0
1, 444, 1
1, 409, 0
1, 363, 0
0, 783, 0
1, 368, 0
1, 268, 0
0, 455, 0
0, 241, 0
0, 219, 0
1, 374, 0
1, 203, 1
1, 170, 0
1, 158, 0
1, 186, 0
1, 284, 0
1, 701, 0
1, 128, 0
1, 129, 0
1, 558, 0
1, 144, 1
1, 205, 0
1, 220, 0
0, 165, 0
1, 97, 0
1, 411, 0
1, 320, 1
1, 146, 0
1, 122, 0
0, 583, 0
1, 1191, 0
1, 259, 0
0, 832, 0
0, 179, 0
0, 272, 0
1, 375, 0
1, 122, 0
1, 316, 0
1, 558, 0
0, 517, 0
1, 114, 0
1, 397, 0
1, 73, 0
1, 373, 0
1, 393, 0
1, 376, 0
1, 779, 0
1, 49, 0
1, 299, 0
1, 102, 0
1, 72, 0
1, 163, 0
1, 331, 0
1, 898, 0
1, 150, 0
1, 85, 0
1, 134, 0
1, 96, 0
1, 32, 0
0, 984, 0
1, 86, 0
1, 273, 0
1, 347, 0
0, 540, 0
1, 690, 0
0, 159, 0
1, 168, 0
1, 337, 1
1, 170, 0
1, 375, 0
1, 330, 0
1, 842, 0
1, 2955, 0
1, 582, 0
1, 113, 0
1, 89, 0
1, 751, 0
1, 105, 0
1, 114, 0
1, 397, 0
1, 345, 0
1, 607, 0
1, 1, 0
0, 97, 1
1, 266, 0
0, 210, 0
0, 476, 0
0, 623, 0
1, 95, 0
1, 85, 0
1, 368, 0
1, 227, 0
1, 192, 0
1, 228, 1
1, 224, 0
0, 813, 0
1, 33, 0
1, 117, 0
0, 2032, 1
1, 388, 1
0, 470, 0
1, 118, 0
1, 162, 0
1, 117, 0
1, 258, 0
1, 224, 0
1, 76, 0
1, 87, 0
1, 33, 0
1, 386, 0
0, 232, 0
1, 780, 0
1, 323, 0
1, 91, 0
1, 201, 1
1, 359, 0
0, 341, 1
0, 904, 1
0, 504, 0
1, 49, 0
1, 393, 1
1, 282, 0
1, 569, 0
1, 234, 0
1, 182, 0
0, 509, 0
1, 2556, 0
1, 68, 0
1, 183, 0
1, 73, 0
1, 242, 0
1, 234, 1
1, 149, 0
1, 170, 0
1, 215, 1
1, 369, 0
1, 131, 0
1, 178, 0
1, 121, 0
1, 78, 0
1, 102, 0
1, 312, 0
1, 142, 0
1, 151, 0
1, 197, 0
1, 168, 0
1, 203, 1
1, 144, 0
1, 310, 0
1, 153, 0
1, 661, 0
1, 183, 0
1, 205, 0
1, 274, 0
1, 130, 0
1, 117, 1
1, 43, 0
1, 179, 0
1, 863, 0
0, 1673, 0
1, 212, 0
0, 480, 1
1, 778, 1
1, 268, 0
1, 140, 0
1, 377, 0
0, 935, 0
1, 530, 0
1, 289, 1
1, 1114, 0
1, 269, 0
1, 219, 0
1, 724, 0
1, 133, 1
1, 166, 0
1, 206, 0
1, 283, 0
1, 314, 0
1, 246, 0
1, 181, 0
1, 106, 0
1, 148, 0
1, 263, 0
0, 808, 0
1, 249, 0
1, 242, 0
1, 188, 0
1, 297, 0
1, 155, 0
1, 179, 0
1, 207, 0
1, 71, 0
1, 308, 0
1, 232, 0
1, 367, 0
1, 359, 0
0, 1510, 0
1, 78, 0
1, 354, 1
1, 307, 0
1, 352, 0
1, 185, 0
1, 219, 0
1, 259, 0
1, 186, 0
1, 553, 0
1, 219, 0
1, 322, 0
1, 106, 0
0, 165, 0
1, 348, 0
0, 470, 0
1, 325, 0
1, 120, 0
1, 168, 1
1, 166, 0
1, 391, 0
1, 263, 0
1, 163, 0
1, 359, 0
1, 342, 0
1, 177, 0
1, 243, 0
1, 230, 0
1, 412, 0
1, 692, 0
1, 190, 0
1, 72, 1
0, 4875, 1
1, 235, 0
1, 379, 0
1, 124, 0
1, 217, 0
1, 248, 0
1, 53, 0
1, 247, 0
1, 348, 0
1, 1033, 0
1, 70, 0
1, 214, 1
1, 178, 0
1, 820, 0
1, 430, 0
1, 235, 0
1, 160, 0
1, 255, 0
1, 605, 0
1, 166, 0
1, 103, 0
1, 253, 1
1, 242, 0
1, 120, 0
0, 44, 0
0, 51, 0
0, 49, 0
1, 223, 0
0, 70, 0
0, 48, 0
0, 146, 0
0, 61, 0
1, 99, 0
0, 170, 0
0, 359, 0
0, 336, 0
0, 47, 0
1, 91, 0
1, 217, 0
1, 134, 1
0, 887, 0
1, 798, 0
1, 487, 0
0, 286, 0
1, 161, 0
1, 283, 0
1, 111, 0
1, 310, 0
1, 20, 0
0, 46, 0
1, 165, 0
0, 632, 0
0, 46, 0
0, 90, 0
1, 230, 0
0, 463, 0
1, 194, 0
0, 46, 0
0, 63, 0
0, 61, 0
1, 636, 0
0, 202, 0
0, 238, 0
1, 192, 0
0, 180, 0
1, 148, 0
1, 230, 1
0, 63, 0
1, 90, 0
1, 240, 0
0, 374, 1
1, 155, 0
0, 545, 0
0, 56, 0
0, 233, 1
1, 679, 0
1, 81, 0
0, 185, 0
0, 280, 0
1, 418, 0
0, 322, 0
1, 409, 0
0, 252, 0
1, 78, 0
1, 139, 0
0, 305, 0
0, 45, 0
1, 148, 0
0, 242, 0
1, 396, 0
1, 245, 0
1, 150, 0
1, 143, 1
0, 517, 0
1, 254, 0
0, 46, 0
0, 55, 0
1, 201, 0
1, 406, 0
1, 528, 0
1, 333, 0
0, 61, 0
1, 466, 0
1, 193, 0
1, 77, 0
1, 161, 0
0, 93, 0
1, 296, 0
1, 1, 0
0, 240, 0
1, 208, 0
1, 227, 0
1, 377, 0
0, 45, 1
0, 44, 0
0, 248, 0
0, 404, 0
0, 451, 0
1, 325, 0
0, 63, 0
1, 325, 0
1, 185, 0
1, 112, 0
0, 57, 1
1, 510, 0
0, 287, 0
0, 534, 0
0, 278, 0
0, 258, 1
1, 428, 0
1, 253, 0
0, 51, 0
0, 513, 0
1, 223, 0
1, 110, 0
0, 178, 0
0, 194, 0
0, 49, 0
1, 164, 1
0, 45, 0
1, 194, 0
1, 135, 0
1, 103, 0
1, 292, 0
0, 272, 0
0, 61, 0
1, 104, 0
0, 169, 0
1, 186, 0
0, 233, 0
1, 767, 0
1, 467, 0
1, 355, 0
0, 55, 0
1, 1087, 0
0, 55, 0
1, 90, 0
1, 98, 0
1, 132, 0
1, 200, 0
0, 283, 0
0, 494, 1
1, 396, 0
0, 599, 0
0, 341, 0
0, 47, 0
0, 238, 0
1, 434, 0
1, 257, 0
1, 506, 1
0, 191, 0
0, 219, 0
0, 47, 1
1, 175, 0
1, 227, 0
0, 46, 0
1, 114, 0
1, 317, 0
0, 330, 0
1, 7, 0
1, 517, 0
1, 299, 0
0, 246, 0
0, 213, 0
1, 99, 0
0, 261, 0
1, 136, 1
1, 21, 0
0, 229, 0
1, 226, 0
1, 156, 0
0, 58, 0
1, 258, 1
1, 133, 0
1, 66, 0
0, 203, 0
0, 287, 0
1, 151, 0
1, 478, 0
1, 147, 0
1, 144, 0
0, 256, 0
0, 174, 0
1, 223, 0
0, 57, 0
1, 495, 1
0, 252, 0
0, 206, 0
0, 120, 0
1, 179, 0
1, 2, 0
0, 47, 0
1, 264, 0
0, 267, 0
1, 237, 0
1, 103, 0
1, 70, 0
0, 47, 0
1, 271, 0
1, 490, 0
0, 531, 0
0, 1354, 0
1, 504, 0
1, 43, 0
0, 507, 0
0, 501, 0
1, 472, 0
1, 638, 1
0, 379, 0
0, 331, 0
0, 183, 0
0, 298, 0
1, 168, 0
0, 51, 0
1, 198, 0
1, 235, 0
1, 205, 0
0, 50, 0
0, 48, 0
1, 261, 0
0, 57, 0
1, 438, 0
1, 447, 0
0, 49, 0
1, 401, 1
0, 174, 1
0, 647, 0
0, 328, 0
1, 191, 0
1, 113, 0
1, 95, 0
0, 46, 0
1, 294, 0
1, 259, 0
1, 160, 0
1, 687, 0
0, 216, 0
1, 632, 0
1, 419, 0
0, 528, 0
1, 574, 0
1, 433, 0
0, 185, 0
1, 181, 0
1, 181, 0
0, 214, 0
0, 47, 0
1, 136, 0
0, 172, 1
1, 49, 0
1, 205, 1
1, 767, 1
0, 48, 0
1, 584, 0
1, 573, 0
1, 211, 0
1, 477, 0
1, 412, 0
1, 625, 1
1, 196, 0
0, 58, 0
0, 287, 1
1, 180, 0
1, 192, 0
1, 157, 0
1, 176, 0
1, 151, 0
0, 144, 0
0, 46, 0
0, 268, 0
0, 170, 0
1, 432, 1
0, 45, 0
1, 205, 0
0, 94, 0
1, 399, 0
0, 72, 1
1, 156, 0
1, 346, 1
1, 241, 0
1, 328, 0
0, 210, 0
1, 137, 0
1, 228, 0
0, 165, 0
0, 269, 0
1, 84, 0
0, 209, 0
1, 435, 0
1, 261, 0
1, 160, 0
0, 56, 0
0, 172, 0
1, 363, 0
0, 259, 0
0, 189, 0
1, 761, 1
1, 109, 0
1, 613, 0
1, 144, 0
0, 185, 0
0, 55, 0
1, 320, 0
1, 321, 0
1, 184, 1
0, 174, 0
0, 171, 0
1, 174, 0
0, 251, 0
0, 168, 1
1, 134, 0
1, 241, 0
1, 274, 0
1, 199, 0
1, 74, 0
1, 251, 0
0, 45, 0
0, 225, 0
1, 431, 0
0, 51, 0
0, 61, 0
1, 1204, 0
0, 198, 0
0, 181, 0
0, 47, 0
0, 571, 0
1, 162, 0
0, 59, 0
0, 266, 0
1, 262, 0
0, 842, 1
1, 194, 0
0, 243, 0
1, 259, 0
1, 74, 0
1, 227, 0
0, 1407, 0
1, 476, 0
0, 772, 1
0, 170, 0
0, 47, 0
1, 210, 0
1, 103, 0
1, 446, 0
1, 97, 0
0, 328, 0
1, 125, 0
0, 202, 0
1, 190, 0
1, 479, 1
1, 435, 0
1, 290, 0
1, 94, 0
0, 52, 0
0, 44, 0
1, 126, 0
1, 315, 0
0, 188, 0
1, 356, 0
0, 191, 0
1, 542, 0
1, 346, 0
1, 221, 0
1, 319, 0
1, 162, 0
1, 225, 0
1, 414, 0
1, 111, 0
0, 182, 0
1, 289, 1
1, 79, 0
1, 77, 0
0, 202, 0
1, 284, 0
1, 67, 0
1, 617, 0
1, 106, 1
1, 430, 1
1, 178, 0
0, 58, 0
1, 169, 0
1, 150, 0
0, 233, 0
0, 740, 1
0, 59, 0
0, 272, 0
1, 260, 0
1, 565, 0
1, 988, 0
1, 103, 0
1, 387, 0
1, 286, 0
0, 524, 0
1, 332, 0
1, 342, 0
1, 499, 0
1, 332, 0
1, 133, 0
1, 138, 0
1, 113, 0
0, 518, 0
0, 764, 0
1, 358, 0
1, 321, 0
1, 433, 0
1, 121, 0
0, 245, 0
1, 220, 0
0, 259, 0
1, 212, 0
0, 51, 0
1, 522, 0
1, 287, 0
1, 241, 0
1, 487, 0
1, 10, 0
0, 45, 0
1, 241, 0
0, 252, 0
1, 521, 0
1, 482, 0
1, 397, 0
1, 143, 0
1, 525, 0
1, 296, 0
1, 83, 0
1, 134, 0
1, 497, 0
1, 358, 0
0, 45, 0
1, 40, 0
1, 308, 0
0, 211, 0
1, 476, 0
1, 144, 0
1, 526, 0
0, 172, 0
1, 318, 0
1, 73, 0
1, 525, 0
0, 186, 0
1, 388, 0
0, 57, 0
0, 46, 0
1, 472, 0
1, 149, 0
1, 148, 0
1, 259, 0
1, 425, 0
0, 120, 0
1, 86, 0
0, 227, 0
0, 219, 0
1, 11, 0
1, 346, 1
1, 498, 0
0, 202, 0
1, 922, 0
1, 102, 0
0, 211, 0
1, 130, 0
0, 321, 0
0, 46, 0
0, 184, 0
1, 235, 1
0, 352, 0
0, 436, 0
1, 204, 1
1, 419, 0
1, 189, 0
1, 325, 0
0, 268, 0
0, 265, 0
1, 144, 0
0, 276, 0
1, 414, 0
1, 405, 0
1, 349, 0
1, 177, 0
0, 237, 0
0, 46, 0
1, 501, 0
1, 54, 0
1, 436, 0
0, 252, 0
1, 420, 0
0, 254, 0
1, 469, 0
1, 454, 0
0, 172, 0
1, 274, 0
1, 108, 0
0, 47, 0
1, 432, 0
1, 571, 1
1, 129, 0
1, 239, 0
0, 421, 1
1, 449, 0
1, 358, 0
1, 203, 0
1, 473, 0
1, 507, 1
1, 474, 0
0, 291, 0
1, 353, 0
0, 193, 1
1, 880, 0
1, 367, 0
0, 173, 0
0, 257, 0
1, 244, 0
1, 134, 0
0, 94, 0
1, 123, 0
0, 179, 1
1, 509, 0
1, 268, 0
1, 419, 0
0, 608, 0
1, 458, 0
0, 250, 0
1, 208, 0
1, 522, 1
0, 139, 0
0, 288, 0
0, 556, 1
1, 269, 0
1, 159, 0
1, 298, 0
1, 105, 0
1, 158, 0
1, 127, 0
1, 28, 0
1, 401, 0
1, 436, 0
1, 17, 0
1, 380, 0
1, 394, 0
0, 490, 0
1, 654, 0
1, 250, 0
1, 311, 0
1, 143, 0
1, 106, 0
1, 487, 0
0, 254, 0
0, 989, 0
0, 336, 0
1, 432, 0
1, 118, 0
1, 430, 0
0, 247, 0
1, 96, 0
1, 371, 0
0, 576, 0
1, 297, 0
1, 462, 0
1, 307, 0
0, 267, 0
1, 323, 0
1, 191, 0
0, 174, 0
1, 204, 0
1, 274, 0
1, 122, 0
1, 311, 0
1, 647, 0
0, 94, 0
1, 150, 0
0, 200, 0
1, 324, 0
0, 193, 0
1, 416, 0
0, 142, 0
1, 256, 0
1, 206, 0
1, 494, 0
1, 103, 0
1, 383, 0
1, 306, 0
1, 514, 0
1, 886, 0
1, 186, 0
1, 450, 0
0, 166, 0
0, 286, 0
1, 147, 0
1, 225, 0
1, 117, 0
1, 432, 0
1, 268, 0
1, 353, 0
1, 198, 0
1, 705, 0
1, 125, 0
1, 364, 0
1, 195, 0
1, 209, 0
1, 401, 0
1, 494, 0
0, 634, 0
1, 407, 0
1, 444, 0
1, 419, 0
1, 88, 0
1, 209, 0
1, 558, 0
0, 240, 0
1, 302, 0
1, 108, 0
1, 228, 1
1, 602, 0
1, 535, 0
1, 419, 0
1, 451, 0
1, 135, 0
0, 606, 0
1, 136, 0
1, 512, 1
1, 114, 1
1, 98, 0
1, 99, 0
0, 200, 0
1, 598, 0
0, 523, 0
1, 504, 0
1, 311, 0
1, 355, 0
1, 381, 0
1, 489, 0
1, 315, 0
0, 598, 0
1, 183, 0
1, 127, 0
1, 279, 0
0, 45, 0
1, 461, 0
1, 127, 0
1, 143, 0
1, 472, 1
1, 432, 0
1, 301, 0
1, 205, 0
0, 667, 0
1, 142, 0
1, 656, 0
1, 595, 0
0, 189, 0
1, 119, 0
0, 50, 0
1, 474, 0
1, 435, 0
1, 272, 0
1, 359, 0
1, 96, 0
0, 189, 1
1, 132, 0
1, 154, 0
1, 550, 1
0, 591, 0
1, 214, 0
1, 890, 0
0, 375, 0
1, 313, 0
1, 222, 0
1, 380, 0
1, 517, 0
1, 358, 0
1, 344, 0
1, 32, 0
1, 115, 0
1, 505, 0
1, 203, 0
1, 199, 1
1, 424, 0
1, 330, 0
1, 308, 0
1, 96, 0
1, 326, 0
1, 378, 0
1, 437, 0
1, 359, 1
0, 256, 0
1, 261, 0
1, 349, 0
1, 123, 0
1, 372, 0
1, 451, 0
1, 159, 0
1, 252, 0
1, 327, 0
0, 220, 0
0, 265, 0
1, 144, 1
1, 373, 0
1, 354, 0
0, 532, 0
1, 394, 0
0, 577, 0
1, 307, 0
0, 180, 0
1, 167, 0
0, 247, 0
0, 168, 1
1, 571, 0
1, 522, 0
0, 564, 0
1, 304, 0
1, 511, 0
1, 325, 0
1, 217, 1
1, 135, 0
0, 575, 1
1, 300, 0
1, 377, 0
1, 354, 0
0, 46, 0
1, 155, 0
1, 304, 0
1, 29, 0
1, 206, 0
1, 324, 0
1, 756, 0
0, 496, 0
0, 498, 0
1, 236, 0
0, 420, 0
1, 436, 0
0, 100, 0
0, 179, 0
1, 387, 0
0, 186, 0
1, 392, 0
1, 469, 0
1, 115, 0
1, 475, 0
1, 186, 1
1, 148, 0
1, 991, 0
0, 520, 0
1, 319, 0
1, 186, 0
1, 427, 0
1, 316, 0
1, 139, 0
1, 30, 0
0, 1066, 0
1, 156, 0
0, 283, 0
0, 239, 0
1, 517, 0
0, 165, 0
1, 338, 1
1, 191, 0
1, 327, 0
1, 505, 0
0, 488, 0
1, 398, 0
1, 412, 0
1, 53, 1
1, 251, 0
1, 476, 0
0, 232, 0
1, 286, 0
1, 374, 1
0, 505, 0
1, 245, 1
1, 638, 0
1, 359, 0
1, 298, 0
1, 108, 0
1, 136, 0
0, 559, 0
1, 234, 0
0, 607, 0
1, 241, 0
1, 579, 0
1, 91, 1
1, 280, 0
1, 178, 0
1, 126, 0
1, 43, 0
1, 481, 0
1, 434, 0
1, 136, 0
1, 437, 0
1, 28, 0
1, 174, 0
1, 487, 0
1, 99, 0
1, 469, 0
1, 335, 0
1, 223, 0
1, 259, 0
1, 255, 0
1, 558, 0
1, 133, 0
1, 302, 0
1, 295, 0
1, 342, 0
1, 138, 0
1, 199, 0
1, 717, 0
1, 384, 0
1, 620, 0
1, 508, 0
0, 308, 0
1, 275, 0
1, 131, 0
1, 200, 0
0, 384, 0
1, 526, 0
1, 572, 1
1, 101, 0
1, 563, 0
1, 229, 0
1, 188, 0
1, 413, 0
1, 128, 0
1, 285, 0
1, 476, 0
1, 193, 0
0, 372, 0
0, 233, 0
1, 372, 0
0, 213, 0
1, 435, 0
1, 151, 0
0, 463, 0
1, 273, 0
1, 490, 0
1, 210, 0
1, 195, 0
1, 561, 0
1, 190, 0
0, 493, 0
1, 345, 0
1, 153, 0
1, 325, 0
1, 501, 0
1, 155, 0
1, 414, 0
1, 579, 0
1, 267, 0
1, 498, 0
0, 173, 0
1, 139, 0
1, 364, 0
1, 258, 0
1, 451, 0
1, 157, 0
1, 67, 0
1, 343, 1
1, 256, 0
1, 523, 0
1, 654, 0
1, 438, 0
1, 457, 0
1, 97, 0
1, 149, 0
1, 221, 0
1, 625, 1
1, 272, 0
1, 935, 0
1, 424, 0
1, 28, 0
1, 561, 0
1, 345, 0
0, 220, 0
1, 512, 0
1, 74, 0
1, 274, 0
0, 834, 0
1, 195, 0
1, 232, 0
1, 296, 0
1, 62, 0
0, 544, 0
1, 743, 0
1, 594, 0
1, 613, 0
1, 133, 0
1, 225, 0
1, 660, 0
1, 512, 0
1, 332, 1
0, 331, 0
1, 126, 0
1, 159, 0
1, 600, 0
1, 214, 0
1, 175, 0
1, 79, 0
1, 130, 0
1, 249, 0
0, 564, 0
1, 437, 0
1, 1097, 0
1, 942, 1
1, 316, 0
1, 319, 0
1, 612, 0
1, 161, 0
1, 96, 0
1, 416, 0
0, 178, 0
0, 162, 0
1, 78, 0
1, 578, 0
1, 511, 0
1, 459, 1
1, 99, 0
1, 274, 0
1, 152, 0
1, 401, 0
1, 220, 0
1, 483, 0
0, 46, 0
1, 346, 1
1, 215, 1
1, 225, 0
1, 1339, 0
1, 375, 0
1, 204, 0
1, 359, 0
1, 522, 0
1, 300, 1
1, 176, 0
1, 427, 0
1, 195, 0
1, 395, 0
1, 169, 0
1, 118, 0
1, 476, 0
1, 286, 0
1, 513, 0
1, 249, 0
1, 381, 0
1, 245, 0
1, 221, 1
0, 201, 0
1, 419, 0
1, 235, 0
1, 573, 0
1, 555, 0
0, 194, 0
1, 91, 0
1, 151, 0
1, 240, 0
1, 124, 0
1, 242, 0
1, 323, 0
1, 851, 0
1, 481, 0
1, 470, 0
1, 156, 0
1, 330, 0
1, 303, 0
1, 405, 0
1, 240, 0
1, 145, 0
1, 88, 0
1, 510, 0
1, 221, 1
0, 210, 0
1, 596, 0
0, 548, 0
1, 519, 0
1, 534, 0
1, 468, 0
1, 386, 0
1, 229, 0
0, 469, 0
1, 274, 0
1, 209, 0
1, 131, 0
1, 409, 0
1, 334, 1
1, 151, 0
1, 405, 0
1, 408, 0
1, 335, 0
1, 244, 0
1, 176, 0
0, 641, 1
1, 82, 0
1, 503, 0
1, 35, 0
1, 378, 0
1, 284, 0
1, 299, 0
1, 153, 0
0, 176, 0
0, 298, 0
1, 595, 0
1, 472, 0
1, 469, 0
0, 504, 0
1, 195, 0
1, 105, 0
1, 124, 0
1, 729, 0
0, 499, 1
0, 147, 0
1, 228, 1
0, 211, 0
1, 803, 0
0, 44, 0
0, 225, 0
1, 97, 0
1, 54, 1
1, 220, 0
0, 160, 0
1, 2174, 0
1, 232, 0
1, 151, 0
1, 314, 0
1, 523, 0
1, 467, 0
1, 166, 0
1, 446, 0
1, 1108, 0
1, 107, 0
1, 238, 0
1, 90, 0
1, 302, 0
1, 485, 0
1, 710, 1
1, 246, 0
1, 132, 0
1, 195, 0
1, 436, 0
1, 156, 0
1, 256, 0
1, 464, 0
1, 617, 0
1, 76, 0
1, 162, 0
1, 420, 0
1, 461, 0
1, 463, 1
1, 200, 0
1, 337, 0
1, 23, 0
1, 299, 0
1, 296, 0
1, 104, 0
1, 181, 0
1, 309, 0
1, 104, 0
1, 181, 0
1, 179, 0
1, 97, 1
1, 567, 0
0, 1078, 1
1, 178, 0
0, 94, 0
1, 219, 0
0, 287, 1
0, 207, 0
1, 43, 0
1, 183, 0
1, 386, 0
1, 190, 0
1, 402, 0
1, 461, 0
1, 315, 1
1, 276, 0
1, 382, 0
1, 344, 0
0, 217, 0
0, 599, 0
1, 79, 0
1, 312, 0
1, 209, 0
1, 631, 0
1, 1, 0
1, 136, 0
1, 326, 0
1, 859, 0
1, 449, 1
0, 295, 0
1, 218, 0
1, 263, 0
0, 223, 0
1, 502, 0
1, 575, 0
1, 500, 1
1, 503, 0
1, 445, 0
1, 756, 0
1, 107, 1
1, 355, 0
1, 432, 0
1, 301, 0
1, 470, 0
1, 417, 0
1, 72, 0
1, 449, 0
1, 488, 0
0, 342, 0
1, 433, 0
1, 431, 0
0, 259, 0
1, 143, 0
1, 147, 0
1, 496, 0
1, 677, 0
1, 252, 0
1, 389, 0
1, 499, 0
1, 201, 0
0, 388, 0
1, 389, 0
1, 402, 0
1, 316, 0
0, 209, 0
1, 592, 0
0, 540, 0
1, 266, 0
0, 250, 0
1, 173, 0
1, 328, 0
1, 185, 0
1, 163, 0
1, 351, 0
1, 93, 1
1, 446, 1
1, 90, 1
1, 16, 0
1, 165, 0
1, 314, 0
1, 445, 0
1, 191, 0
1, 152, 0
1, 176, 0
1, 249, 0
1, 55, 0
1, 75, 0
1, 427, 0
1, 166, 0
1, 503, 0
1, 435, 0
1, 235, 0
1, 102, 0
1, 314, 1
0, 46, 0
1, 148, 0
1, 156, 0
1, 206, 0
1, 176, 0
0, 173, 0
1, 430, 0
1, 602, 0
1, 757, 0
1, 238, 1
1, 219, 0
0, 467, 0
1, 153, 1
1, 149, 1
1, 64, 0
1, 270, 0
0, 297, 0
1, 479, 0
1, 332, 0
1, 458, 0
1, 322, 0
1, 256, 0
1, 259, 0
1, 372, 0
1, 410, 0
1, 567, 0
1, 117, 0
0, 56, 0
1, 641, 1
1, 55, 0
1, 394, 0
1, 96, 0
1, 847, 0
1, 190, 0
1, 281, 0
1, 166, 0
1, 440, 0
1, 404, 0
1, 289, 0
1, 586, 0
1, 31, 0
0, 516, 0
1, 132, 0
1, 370, 0
0, 49, 0
1, 201, 1
0, 1151, 0
1, 48, 0
1, 492, 0
1, 147, 0
1, 286, 0
1, 378, 0
1, 497, 0
1, 365, 0
1, 182, 1
1, 505, 0
1, 626, 0
1, 172, 0
1, 151, 0
1, 404, 0
1, 544, 0
1, 420, 0
1, 185, 0
1, 461, 0
1, 487, 0
1, 917, 0
1, 79, 0
1, 572, 0
1, 309, 1
1, 485, 0
1, 256, 0
1, 268, 0
1, 323, 0
1, 440, 0
1, 130, 0
1, 111, 0
0, 523, 0
1, 235, 0
1, 481, 0
1, 250, 0
0, 59, 0
1, 316, 0
1, 259, 0
1, 317, 0
1, 409, 0
1, 20, 0
1, 353, 0
1, 284, 0
1, 251, 0
1, 513, 1
0, 547, 0
1, 612, 0
1, 189, 0
1, 386, 0
0, 237, 1
1, 166, 0
1, 202, 0
1, 168, 0
0, 185, 0
1, 283, 0
1, 379, 0
1, 473, 0
1, 103, 0
1, 238, 0
1, 482, 0
1, 442, 0
1, 332, 0
1, 226, 0
0, 56, 0
1, 645, 0
1, 114, 0
1, 259, 0
1, 507, 0
0, 610, 1
1, 2430, 0
1, 451, 0
1, 256, 0
0, 212, 0
1, 148, 0
1, 486, 0
1, 216, 0
1, 117, 0
1, 158, 0
1, 159, 0
1, 171, 0
1, 445, 0
0, 503, 1
1, 605, 0
1, 307, 0
0, 177, 0
1, 157, 0
1, 426, 0
1, 235, 1
0, 180, 0
1, 408, 0
1, 381, 0
1, 79, 0
1, 433, 0
1, 135, 0
1, 1003, 0
1, 271, 0
0, 181, 0
1, 434, 0
1, 153, 0
0, 140, 0
0, 186, 0
1, 197, 0
1, 471, 0
1, 184, 1
1, 115, 0
1, 157, 0
1, 183, 0
1, 164, 0
1, 125, 0
1, 135, 0
1, 455, 0
1, 309, 0
1, 584, 0
1, 344, 0
1, 161, 0
1, 435, 0
1, 502, 0
1, 176, 0
1, 478, 0
1, 318, 0
1, 526, 1
1, 104, 0
1, 333, 0
1, 287, 0
1, 234, 0
1, 440, 0
1, 116, 0
0, 347, 0
0, 555, 0
1, 280, 1
1, 297, 1
1, 459, 0
1, 156, 0
1, 407, 0
1, 255, 0
1, 490, 0
1, 103, 0
0, 1160, 1
1, 281, 0
1, 141, 0
1, 341, 0
1, 526, 0
0, 263, 0
0, 183, 0
1, 410, 1
1, 282, 1
1, 245, 0
1, 555, 1
1, 580, 0
1, 114, 0
1, 230, 0
1, 73, 0
1, 135, 0
1, 84, 0
1, 393, 0
0, 169, 0
0, 190, 1
1, 547, 0
1, 303, 0
1, 193, 0
1, 193, 0
1, 498, 0
1, 530, 0
0, 568, 0
0, 94, 0
1, 100, 0
1, 293, 0
1, 312, 0
1, 192, 0
1, 425, 0
1, 636, 0
1, 221, 0
1, 64, 0
1, 198, 0
1, 136, 0
1, 415, 0
1, 182, 0
1, 621, 0
1, 614, 0
1, 180, 0
1, 511, 0
1, 71, 0
1, 299, 0
1, 333, 0
1, 123, 0
1, 86, 0
1, 139, 0
1, 359, 0
1, 513, 0
1, 371, 0
1, 577, 1
1, 352, 0
1, 451, 0
1, 375, 0
1, 442, 0
1, 98, 0
1, 449, 0
1, 83, 0
1, 316, 0
1, 187, 1
1, 437, 0
1, 104, 0
1, 22, 0
1, 454, 1
1, 202, 0
1, 162, 0
1, 251, 0
1, 639, 0
1, 477, 0
1, 250, 0
1, 152, 0
1, 173, 0
1, 128, 0
1, 119, 0
1, 172, 0
1, 383, 0
1, 336, 0
1, 433, 0
1, 383, 0
1, 163, 0
1, 94, 0
1, 132, 0
1, 309, 0
1, 257, 0
1, 542, 0
1, 321, 0
1, 299, 0
0, 229, 0
0, 302, 0
1, 388, 0
1, 429, 0
1, 153, 0
1, 423, 0
1, 177, 0
1, 511, 0
1, 25, 0
0, 262, 0
1, 213, 0
1, 139, 0
1, 356, 0
1, 96, 0
1, 103, 0
1, 164, 0
0, 208, 0
1, 425, 0
1, 360, 1
1, 107, 0
1, 126, 0
0, 289, 0
1, 225, 0
1, 471, 0
0, 443, 0
1, 398, 1
1, 113, 0
0, 227, 1
1, 416, 0
1, 67, 0
1, 160, 0
0, 160, 0
1, 481, 0
0, 161, 0
1, 451, 0
0, 265, 0
1, 206, 0
0, 94, 0
1, 716, 1
1, 152, 0
0, 218, 0
1, 531, 0
0, 1023, 1
1, 193, 0
1, 371, 0
1, 230, 0
0, 229, 0
1, 389, 0
1, 118, 0
0, 235, 1
0, 243, 0
1, 373, 0
1, 184, 0
1, 492, 0
1, 90, 0
1, 969, 0
1, 369, 0
0, 573, 1
0, 282, 0
1, 321, 0
0, 212, 0
0, 249, 0
1, 280, 0
1, 131, 0
1, 135, 0
0, 212, 0
1, 446, 0
1, 131, 0
0, 411, 0
1, 557, 0
1, 372, 0
0, 275, 0
0, 575, 0
0, 230, 0
0, 553, 1
1, 155, 0
1, 667, 0
1, 106, 0
1, 130, 0
1, 401, 0
1, 281, 0
1, 374, 0
0, 313, 0
1, 134, 0
1, 181, 0
1, 120, 0
1, 351, 0
1, 242, 0
1, 391, 0
0, 225, 0
1, 151, 0
1, 103, 0
1, 628, 0
0, 282, 0
1, 186, 0
1, 309, 0
1, 355, 0
1, 172, 0
0, 210, 0
1, 576, 0
1, 618, 0
1, 523, 0
1, 105, 0
1, 426, 1
1, 172, 0
0, 211, 0
1, 676, 0
1, 105, 0
1, 457, 0
1, 137, 0
1, 158, 0
1, 442, 0
1, 482, 0
1, 118, 0
1, 137, 0
1, 448, 0
1, 366, 0
0, 209, 0
0, 253, 0
0, 235, 0
0, 244, 0
1, 226, 1
1, 139, 1
0, 237, 0
1, 24, 0
0, 246, 0
1, 521, 0
1, 310, 0
0, 220, 0
0, 564, 0
1, 452, 0
1, 331, 0
0, 256, 1
1, 523, 0
1, 273, 0
1, 574, 0
1, 504, 0
1, 243, 0
1, 317, 1
1, 82, 0
1, 639, 0
0, 46, 1
0, 242, 0
1, 223, 1
1, 195, 0
0, 414, 0
1, 502, 0
0, 298, 0
1, 63, 0
1, 443, 0
1, 210, 0
1, 58, 0
0, 256, 0
1, 177, 0
1, 29, 0
0, 291, 0
1, 113, 0
1, 389, 0
1, 168, 0
1, 323, 0
1, 474, 0
1, 311, 0
0, 243, 0
1, 403, 0
0, 408, 0
1, 441, 0
1, 566, 0
1, 136, 0
1, 553, 0
1, 425, 1
1, 219, 0
1, 118, 0
1, 716, 0
1, 497, 0
1, 466, 0
1, 219, 0
0, 1308, 1
1, 280, 0
1, 126, 0
1, 730, 0
0, 250, 0
1, 177, 0
1, 148, 0
0, 213, 0
1, 228, 0
0, 257, 0
1, 471, 0
1, 288, 0
1, 682, 0
1, 399, 0
1, 600, 0
1, 271, 0
1, 228, 0
1, 502, 0
0, 215, 0
0, 521, 0
1, 153, 0
1, 222, 0
0, 223, 0
1, 530, 0
1, 125, 0
0, 1053, 0
0, 504, 0
1, 193, 0
0, 209, 1
0, 243, 0
1, 149, 0
1, 591, 0
1, 76, 0
0, 239, 0
1, 135, 0
1, 147, 0
1, 327, 0
1, 173, 0
1, 138, 0
1, 402, 1
1, 230, 0
1, 347, 1
1, 444, 1
0, 577, 0
1, 166, 0
1, 384, 0
1, 625, 0
1, 313, 0
1, 227, 1
1, 457, 0
1, 189, 0
1, 234, 1
0, 281, 0
1, 166, 0
1, 161, 1
1, 505, 0
0, 1314, 0
1, 92, 0
1, 159, 0
0, 238, 0
1, 527, 0
1, 921, 0
1, 132, 0
1, 94, 0
0, 532, 0
0, 288, 0
1, 102, 0
1, 537, 0
0, 235, 0
1, 124, 0
1, 115, 0
1, 39, 0
1, 154, 0
1, 455, 0
0, 357, 0
1, 575, 0
1, 518, 1
1, 228, 0
1, 333, 0
0, 53, 0
1, 65, 0
1, 156, 1
1, 195, 0
1, 193, 1
1, 1, 0
1, 379, 0
0, 244, 0
1, 391, 0
1, 397, 0
1, 152, 0
0, 467, 0
1, 164, 0
1, 202, 0
0, 210, 1
0, 605, 1
1, 485, 0
1, 167, 0
1, 131, 0
1, 76, 0
1, 222, 1
0, 378, 0
1, 147, 0
1, 516, 0
1, 240, 0
1, 204, 0
0, 209, 0
1, 164, 0
1, 159, 0
0, 213, 0
1, 184, 0
0, 219, 1
1, 502, 0
1, 478, 0
1, 358, 0
1, 186, 0
1, 405, 0
1, 438, 0
1, 165, 0
0, 224, 0
1, 144, 0
0, 285, 0
1, 117, 0
0, 215, 0
1, 979, 0
1, 730, 0
0, 332, 0
0, 243, 0
1, 128, 0
1, 210, 0
1, 282, 0
1, 163, 0
1, 150, 0
1, 373, 0
0, 50, 0
0, 236, 0
1, 496, 0
1, 667, 0
0, 250, 0
1, 8, 0
1, 587, 0
0, 266, 0
1, 230, 0
1, 124, 0
1, 534, 0
1, 175, 1
1, 77, 0
0, 200, 0
1, 375, 0
1, 396, 0
0, 94, 0
1, 455, 1
0, 389, 0
0, 94, 0
1, 160, 0
1, 86, 0
1, 335, 0
0, 739, 0
0, 213, 0
1, 165, 0
1, 504, 0
0, 211, 0
1, 122, 0
1, 439, 0
0, 516, 1
1, 166, 0
0, 411, 0
1, 403, 0
0, 221, 0
1, 239, 0
1, 82, 0
1, 359, 0
0, 214, 0
1, 688, 0
1, 310, 1
1, 121, 0
1, 180, 0
1, 1376, 0
1, 365, 0
1, 213, 0
1, 417, 0
1, 454, 0
1, 775, 0
0, 450, 0
0, 230, 0
1, 543, 0
1, 532, 1
1, 714, 0
1, 212, 1
1, 200, 0
1, 196, 1
1, 528, 0
0, 244, 1
1, 108, 0
0, 269, 0
1, 172, 0
1, 149, 1
1, 145, 0
1, 343, 0
0, 248, 0
0, 223, 0
1, 128, 0
1, 124, 0
1, 752, 0
1, 643, 0
1, 145, 0
1, 275, 0
0, 196, 0
1, 128, 0
0, 217, 0
1, 381, 0
1, 149, 0
0, 174, 0
1, 457, 0
1, 150, 0
1, 655, 0
0, 306, 0
0, 982, 1
1, 181, 0
1, 611, 0
0, 247, 0
1, 148, 0
1, 290, 0
1, 439, 1
1, 156, 0
1, 401, 0
1, 338, 0
1, 289, 0
1, 170, 1
1, 203, 0
1, 508, 1
1, 274, 0
1, 111, 0
0, 253, 0
1, 140, 0
1, 360, 0
1, 104, 0
1, 477, 0
1, 480, 0
1, 439, 0
1, 342, 1
0, 550, 0
1, 118, 0
1, 278, 0
1, 354, 0
1, 107, 0
1, 117, 0
0, 549, 1
1, 226, 0
1, 366, 0
1, 520, 0
1, 526, 0
1, 272, 0
1, 113, 0
1, 242, 0
1, 378, 1
1, 149, 0
1, 471, 0
1, 456, 0
1, 492, 0
0, 245, 0
1, 174, 0
1, 19, 0
1, 175, 0
0, 546, 0
1, 356, 0
1, 172, 0
1, 1369, 0
1, 127, 0
1, 133, 1
1, 82, 0
1, 324, 0
1, 242, 0
1, 373, 0
0, 212, 0
1, 570, 0
1, 514, 0
0, 709, 0
1, 561, 0
1, 310, 0
1, 284, 0
1, 308, 0
1, 256, 0
1, 205, 0
1, 26, 0
1, 117, 0
1, 150, 0
1, 596, 0
1, 29, 0
0, 208, 0
1, 547, 0
1, 98, 0
0, 402, 0
1, 153, 0
1, 220, 0
0, 202, 0
1, 35, 0
0, 210, 0
1, 657, 0
1, 178, 1
1, 186, 0
1, 169, 1
1, 368, 0
1, 116, 0
1, 512, 0
1, 468, 0
1, 160, 0
0, 19320, 0
0, 269, 0
1, 258, 1
1, 414, 0
1, 362, 0
0, 282, 0
0, 408, 1
1, 91, 0
1, 88, 0
1, 476, 0
1, 469, 0
1, 412, 0
1, 526, 1
1, 403, 0
1, 363, 0
1, 205, 0
0, 433, 1
1, 223, 0
1, 522, 0
1, 77, 0
1, 467, 0
1, 406, 1
1, 190, 0
1, 285, 0
1, 273, 0
1, 105, 0
1, 148, 0
1, 303, 0
1, 449, 0
1, 201, 0
1, 32, 0
1, 107, 0
1, 190, 0
1, 210, 0
1, 532, 0
0, 288, 0
1, 390, 0
0, 176, 0
1, 165, 0
0, 193, 0
1, 612, 0
0, 592, 0
0, 283, 0
0, 46, 0
1, 207, 0
1, 41, 0
1, 292, 0
1, 493, 0
0, 219, 0
1, 124, 0
1, 136, 0
1, 263, 0
0, 186, 0
0, 2383, 1
1, 298, 0
1, 60, 0
1, 145, 0
1, 359, 0
1, 173, 0
1, 586, 0
1, 497, 0
1, 374, 0
1, 555, 0
0, 173, 0
1, 559, 0
1, 21, 0
1, 171, 1
1, 414, 0
0, 157, 0
1, 218, 0
0, 1027, 1
1, 145, 0
1, 222, 0
1, 201, 0
1, 489, 0
1, 448, 0
1, 186, 0
1, 435, 0
0, 244, 1
1, 372, 0
1, 142, 0
1, 422, 0
1, 177, 0
0, 256, 0
1, 124, 0
0, 463, 0
1, 317, 1
1, 141, 0
1, 399, 0
1, 148, 0
1, 322, 0
1, 181, 1
1, 236, 0
1, 254, 1
1, 445, 0
1, 517, 0
1, 172, 0
1, 123, 0
1, 113, 0
1, 161, 0
0, 240, 0
1, 1380, 0
1, 113, 0
1, 461, 0
1, 413, 0
1, 1057, 0
1, 182, 0
1, 458, 0
0, 188, 0
1, 182, 0
1, 273, 0
1, 183, 0
0, 542, 0
1, 536, 0
1, 188, 0
1, 375, 0
1, 277, 0
1, 31, 0
1, 627, 0
1, 444, 0
1, 450, 0
1, 281, 0
1, 711, 0
1, 97, 0
1, 366, 0
1, 187, 0
0, 793, 0
1, 453, 0
1, 333, 0
1, 154, 0
1, 347, 0
1, 236, 0
0, 185, 0
1, 402, 0
1, 317, 0
1, 79, 0
1, 190, 0
1, 85, 0
1, 140, 0
1, 150, 0
0, 255, 0
1, 156, 0
0, 1977, 1
0, 259, 0
1, 128, 0
1, 236, 0
1, 280, 0
0, 242, 0
1, 277, 0
1, 448, 1
1, 201, 0
0, 615, 0
1, 479, 1
0, 1583, 1
1, 434, 0
1, 176, 0
1, 549, 0
1, 217, 0
1, 573, 0
1, 992, 0
1, 413, 0
1, 90, 0
1, 252, 0
0, 245, 0
1, 367, 0
0, 205, 0
1, 394, 0
1, 432, 0
1, 557, 0
0, 168, 0
1, 272, 0
0, 887, 1
0, 1748, 0
0, 1608, 1
1, 159, 0
0, 572, 0
1, 106, 0
1, 462, 1
1, 478, 0
1, 286, 0
1, 229, 0
1, 147, 0
1, 332, 0
1, 548, 0
1, 306, 1
1, 350, 0
1, 331, 0
1, 164, 0
1, 1240, 0
1, 235, 0
0, 179, 0
1, 328, 0
0, 294, 0
0, 196, 0
1, 356, 0
1, 96, 0
1, 790, 0
1, 120, 0
1, 124, 1
1, 381, 0
1, 219, 0
1, 569, 0
1, 147, 0
1, 899, 1
1, 355, 0
1, 90, 1
1, 308, 0
1, 528, 1
1, 357, 0
1, 91, 0
1, 586, 0
1, 289, 0
1, 512, 0
1, 801, 0
1, 327, 0
1, 365, 0
1, 103, 1
1, 230, 0
0, 213, 0
0, 471, 1
1, 601, 0
0, 500, 0
1, 379, 0
1, 452, 0
1, 250, 0
1, 504, 1
1, 107, 0
1, 467, 0
1, 200, 0
1, 254, 0
1, 295, 0
1, 235, 0
1, 442, 0
1, 187, 1
0, 585, 0
1, 191, 0
1, 342, 0
1, 514, 0
1, 152, 0
1, 146, 0
1, 307, 0
0, 182, 0
0, 199, 0
1, 389, 0
0, 265, 0
1, 120, 0
1, 335, 0
0, 823, 1
1, 196, 0
1, 590, 0
0, 820, 0
1, 33, 0
1, 114, 0
1, 856, 0
1, 171, 0
1, 365, 0
1, 108, 0
1, 658, 0
0, 223, 0
1, 428, 0
1, 152, 0
1, 509, 0
1, 442, 0
1, 597, 0
0, 158, 0
1, 296, 0
1, 84, 0
0, 266, 1
1, 66, 0
1, 62, 0
1, 161, 1
1, 480, 0
1, 318, 0
1, 149, 0
1, 192, 0
1, 84, 0
1, 255, 1
1, 447, 0
1, 213, 0
1, 1701, 0
1, 109, 0
1, 1215, 0
1, 403, 1
1, 1367, 0
1, 587, 0
0, 238, 0
1, 253, 0
0, 233, 0
1, 351, 0
1, 181, 1
1, 674, 0
0, 3183, 1
0, 168, 0
1, 396, 0
1, 506, 0
0, 250, 0
0, 1150, 1
1, 196, 0
1, 355, 0
1, 106, 0
1, 324, 0
0, 1482, 1
1, 505, 0
1, 367, 0
1, 400, 0
1, 265, 0
1, 204, 0
0, 2424, 1
1, 609, 1
1, 147, 0
1, 113, 0
1, 208, 0
1, 429, 0
1, 479, 0
0, 215, 0
0, 236, 0
1, 99, 0
1, 369, 0
1, 348, 0
1, 132, 0
1, 925, 0
1, 683, 0
1, 191, 0
1, 133, 0
1, 261, 1
1, 230, 1
1, 234, 0
1, 382, 0
1, 76, 0
1, 306, 0
0, 94, 0
1, 210, 0
1, 358, 0
1, 159, 0
1, 1150, 0
1, 154, 0
1, 428, 0
1, 162, 1
1, 70, 0
1, 252, 0
1, 239, 0
1, 216, 0
1, 120, 0
1, 319, 0
1, 438, 0
1, 57, 0
1, 228, 0
0, 223, 0
1, 74, 0
0, 190, 1
1, 162, 1
1, 340, 0
1, 117, 0
0, 205, 0
1, 218, 0
1, 381, 0
1, 495, 0
1, 291, 0
1, 514, 0
0, 727, 0
1, 202, 0
1, 3056, 0
1, 247, 0
1, 297, 0
1, 226, 0
1, 190, 0
1, 249, 0
1, 407, 0
1, 187, 0
0, 266, 0
1, 120, 0
1, 210, 0
0, 166, 0
1, 427, 0
1, 429, 0
1, 409, 0
0, 149, 0
1, 3, 0
1, 516, 0
1, 203, 0
1, 416, 0
1, 437, 0
1, 130, 0
0, 239, 0
0, 415, 0
1, 142, 0
1, 390, 0
1, 590, 0
1, 404, 0
1, 197, 0
1, 114, 0
1, 261, 0
1, 671, 0
1, 79, 0
1, 157, 0
1, 415, 0
1, 418, 1
1, 457, 0
1, 187, 0
1, 230, 0
1, 506, 0
1, 223, 0
1, 530, 0
1, 108, 0
1, 611, 0
1, 149, 1
1, 151, 0
0, 392, 0
1, 593, 0
1, 505, 1
1, 17, 0
1, 70, 1
1, 467, 0
1, 490, 0
0, 218, 0
1, 150, 0
0, 659, 0
1, 126, 0
1, 204, 0
1, 571, 0
1, 402, 1
1, 147, 0
1, 1002, 0
0, 2763, 1
1, 2221, 0
0, 954, 0
1, 184, 0
1, 157, 0
1, 633, 0
1, 505, 0
1, 213, 0
1, 84, 0
1, 178, 0
1, 39, 0
1, 86, 0
0, 256, 0
1, 631, 0
1, 192, 1
1, 86, 0
1, 196, 0
1, 134, 0
0, 265, 1
1, 185, 0
1, 144, 0
1, 312, 0
1, 160, 0
1, 117, 0
1, 115, 0
1, 427, 0
1, 322, 0
1, 148, 0
1, 398, 1
1, 58, 0
1, 438, 0
1, 418, 0
1, 168, 0
1, 422, 0
1, 163, 0
0, 1301, 1
1, 442, 0
1, 266, 0
0, 655, 0
1, 143, 0
1, 141, 0
0, 375, 0
0, 179, 0
0, 182, 0
1, 247, 0
1, 327, 0
0, 515, 1
1, 297, 0
0, 171, 0
0, 1596, 1
1, 245, 0
1, 221, 0
1, 645, 0
1, 2833, 0
1, 415, 0
1, 292, 0
0, 173, 0
1, 186, 0
0, 229, 0
1, 315, 0
1, 301, 0
1, 224, 0
1, 405, 0
1, 199, 0
1, 432, 0
1, 174, 0
1, 318, 0
0, 526, 0
1, 432, 0
1, 428, 0
0, 210, 0
1, 183, 0
1, 479, 0
1, 348, 0
1, 465, 1
1, 81, 0
1, 476, 0
1, 233, 0
1, 221, 0
1, 98, 0
0, 550, 1
1, 354, 0
1, 142, 0
1, 470, 0
1, 79, 0
1, 170, 0
1, 397, 0
1, 289, 0
1, 221, 1
0, 156, 0
1, 306, 0
1, 775, 1
1, 352, 0
1, 1240, 0
1, 377, 0
1, 459, 0
1, 156, 0
1, 175, 0
1, 122, 0
1, 163, 0
1, 125, 0
1, 428, 0
1, 117, 0
1, 395, 0
1, 245, 0
1, 201, 1
0, 1211, 1
1, 246, 0
1, 164, 0
1, 1485, 0
0, 216, 0
1, 1910, 0
1, 299, 0
1, 606, 0
1, 427, 0
1, 398, 0
1, 349, 0
1, 504, 0
1, 87, 1
0, 209, 0
1, 654, 0
1, 346, 0
1, 457, 0
1, 41, 0
1, 112, 0
1, 431, 0
1, 243, 0
1, 1153, 0
1, 144, 0
1, 663, 1
1, 153, 1
1, 187, 0
1, 99, 0
0, 94, 0
1, 111, 0
0, 203, 0
1, 298, 0
1, 451, 0
1, 167, 0
1, 394, 0
1, 372, 0
1, 1444, 0
1, 462, 0
1, 189, 0
1, 88, 0
1, 588, 0
0, 1577, 0
1, 447, 1
1, 624, 0
1, 488, 0
1, 278, 0
1, 428, 0
1, 466, 0
1, 367, 0
1, 340, 0
1, 337, 0
1, 105, 0
1, 100, 0
1, 194, 0
1, 174, 0
1, 651, 0
1, 400, 0
0, 230, 0
1, 262, 0
1, 1487, 0
1, 518, 0
1, 254, 0
1, 661, 0
0, 187, 0
1, 549, 0
1, 190, 0
0, 689, 1
1, 129, 1
1, 455, 0
0, 446, 0
1, 206, 0
1, 112, 0
1, 77, 0
1, 383, 0
1, 146, 0
0, 6476, 0
1, 1, 0
1, 171, 0
1, 138, 0
1, 220, 0
1, 119, 0
1, 472, 0
1, 457, 0
1, 189, 0
1, 394, 0
1, 138, 0
1, 465, 0
1, 142, 0
1, 179, 1
1, 145, 0
1, 580, 0
0, 270, 0
1, 167, 0
1, 354, 0
0, 189, 0
1, 579, 0
1, 250, 0
1, 90, 0
1, 1069, 0
1, 291, 0
1, 215, 0
1, 1617, 0
1, 162, 0
1, 352, 0
0, 170, 0
1, 1325, 1
1, 491, 0
1, 412, 1
1, 411, 0
0, 241, 0
0, 246, 0
1, 365, 0
1, 106, 0
1, 514, 1
1, 481, 0
1, 548, 0
0, 213, 0
1, 94, 0
1, 568, 0
1, 155, 0
1, 489, 0
0, 201, 0
1, 242, 0
1, 497, 0
1, 620, 0
1, 461, 0
1, 1133, 0
0, 671, 0
1, 131, 0
0, 6142, 1
0, 183, 0
1, 419, 1
1, 223, 0
1, 117, 0
1, 105, 0
0, 217, 0
1, 381, 0
1, 443, 1
0, 416, 0
1, 429, 0
1, 317, 0
1, 661, 0
1, 336, 1
1, 200, 0
1, 424, 0
1, 753, 0
1, 137, 0
1, 533, 0
0, 219, 0
1, 486, 0
1, 455, 0
1, 191, 1
0, 243, 0
1, 406, 0
1, 209, 0
1, 236, 0
1, 169, 0
1, 434, 0
1, 519, 1
1, 206, 0
1, 402, 0
1, 250, 0
1, 66, 0
1, 441, 0
1, 240, 0
1, 80, 0
1, 154, 0
1, 719, 0
1, 342, 1
1, 35, 0
0, 208, 1
1, 39, 0
1, 152, 1
1, 358, 0
1, 81, 0
1, 429, 0
1, 1015, 0
0, 235, 0
1, 112, 0
1, 107, 0
1, 405, 0
1, 161, 0
1, 196, 0
0, 205, 0
1, 247, 0
1, 162, 0
1, 105, 0
1, 15, 0
1, 361, 0
1, 362, 0
0, 227, 0
1, 211, 0
1, 67, 0
0, 275, 0
1, 856, 1
1, 214, 0
1, 677, 0
1, 452, 0
1, 372, 0
1, 122, 0
1, 183, 1
1, 75, 0
1, 420, 0
1, 349, 0
1, 436, 0
0, 439, 0
0, 231, 0
1, 30, 0
1, 893, 1
1, 398, 0
1, 367, 0
1, 257, 1
1, 199, 0
1, 120, 1
1, 132, 0
1, 134, 0
1, 33, 0
0, 436, 0
1, 364, 0
1, 408, 0
0, 846, 1
1, 69, 0
1, 183, 0
1, 141, 0
1, 73, 0
0, 322, 0
1, 330, 0
1, 201, 0
0, 243, 1
1, 446, 0
1, 508, 0
0, 179, 0
1, 458, 0
1, 234, 0
1, 85, 0
1, 303, 0
1, 119, 0
1, 173, 0
1, 778, 0
1, 140, 0
1, 427, 0
1, 183, 0
1, 88, 1
1, 123, 0
1, 443, 1
1, 1063, 0
1, 412, 0
0, 168, 0
0, 241, 0
1, 941, 1
1, 218, 0
1, 107, 0
0, 579, 1
1, 25, 0
1, 754, 0
1, 240, 0
1, 312, 0
1, 207, 0
1, 348, 0
0, 402, 0
0, 212, 0
1, 188, 0
1, 550, 0
1, 171, 0
1, 318, 0
0, 185, 0
1, 214, 1
0, 231, 0
1, 216, 0
1, 184, 0
1, 182, 0
1, 177, 0
1, 342, 0
1, 104, 0
1, 83, 0
1, 181, 0
1, 153, 0
1, 69, 0
1, 106, 0
1, 837, 0
1, 116, 0
1, 185, 0
1, 670, 0
1, 263, 0
1, 50, 0
1, 680, 0
1, 397, 0
1, 214, 0
1, 135, 0
1, 144, 0
1, 186, 0
1, 948, 0
1, 186, 0
1, 106, 0
1, 489, 0
1, 402, 0
1, 168, 1
0, 48, 0
1, 129, 0
0, 227, 0
1, 130, 0
1, 395, 0
1, 78, 0
1, 962, 0
1, 222, 0
1, 367, 0
1, 714, 1
1, 1250, 0
1, 112, 0
1, 349, 1
1, 1736, 0
1, 160, 0
1, 1613, 0
1, 29, 0
1, 338, 0
1, 409, 0
1, 443, 0
1, 129, 0
1, 363, 0
1, 140, 0
1, 105, 0
1, 175, 0
0, 5529, 0
1, 578, 0
1, 89, 0
1, 636, 0
1, 129, 0
0, 166, 0
1, 315, 0
1, 524, 0
0, 194, 0
0, 1122, 1
1, 617, 0
1, 101, 0
1, 183, 0
1, 116, 0
0, 181, 0
1, 161, 0
1, 416, 0
0, 922, 1
1, 286, 0
1, 162, 0
1, 215, 0
1, 211, 0
1, 409, 0
1, 377, 0
1, 191, 0
1, 113, 0
1, 407, 0
1, 142, 0
1, 224, 0
0, 3231, 1
1, 420, 0
1, 543, 0
1, 417, 0
1, 216, 0
1, 115, 0
1, 478, 0
1, 94, 0
1, 192, 0
1, 122, 0
0, 402, 0
1, 274, 0
1, 166, 0
1, 125, 1
0, 444, 0
1, 107, 0
1, 135, 0
1, 138, 0
1, 408, 0
1, 174, 0
1, 699, 1
1, 122, 0
1, 212, 0
1, 206, 0
1, 419, 0
1, 833, 0
1, 845, 0
1, 253, 1
1, 182, 1
1, 197, 0
1, 300, 0
1, 184, 1
1, 281, 0
1, 160, 0
1, 488, 0
1, 171, 0
0, 187, 0
1, 678, 1
1, 339, 1
1, 283, 0
1, 154, 0
1, 219, 0
1, 145, 0
1, 288, 1
1, 252, 0
1, 163, 0
1, 129, 0
1, 651, 0
1, 416, 0
1, 368, 1
1, 175, 0
1, 473, 0
1, 125, 0
1, 129, 0
1, 323, 0
1, 138, 1
1, 455, 0
0, 184, 1
1, 191, 0
1, 113, 0
1, 431, 0
1, 302, 0
1, 89, 0
1, 153, 0
1, 146, 0
1, 23, 0
1, 391, 1
1, 408, 0
1, 222, 0
1, 125, 0
1, 526, 0
1, 135, 0
1, 436, 0
1, 79, 1
1, 649, 0
1, 418, 0
1, 153, 1
0, 192, 0
1, 815, 0
1, 380, 0
1, 386, 0
1, 334, 0
1, 915, 0
1, 179, 0
0, 190, 0
1, 135, 0
0, 1121, 1
1, 437, 0
1, 393, 0
1, 84, 0
1, 498, 0
1, 152, 0
0, 382, 0
1, 425, 0
1, 235, 0
0, 187, 0
1, 198, 0
1, 337, 0
1, 573, 0
1, 210, 0
1, 494, 0
1, 376, 0
1, 351, 0
1, 170, 1
1, 44, 0
1, 363, 0
1, 76, 1
1, 2294, 0
1, 613, 1
1, 142, 0
1, 381, 0
1, 60, 1
0, 169, 0
1, 139, 0
0, 320, 0
1, 369, 0
1, 263, 0
1, 443, 0
1, 335, 0
0, 1061, 1
1, 291, 0
0, 178, 0
1, 355, 0
1, 202, 0
1, 337, 0
1, 560, 1
1, 316, 0
1, 105, 1
1, 119, 1
1, 147, 0
1, 431, 1
1, 226, 0
1, 211, 0
1, 23, 0
1, 89, 0
1, 74, 0
1, 398, 0
1, 199, 1
1, 491, 0
1, 152, 0
0, 195, 0
1, 94, 1
1, 368, 0
1, 123, 0
1, 603, 0
0, 1082, 1
1, 140, 0
1, 363, 0
1, 123, 0
0, 94, 0
1, 98, 0
1, 123, 0
1, 325, 1
1, 229, 1
1, 190, 0
1, 463, 0
1, 407, 0
1, 83, 0
1, 185, 0
1, 877, 0
1, 324, 0
1, 572, 0
0, 3130, 1
1, 190, 0
1, 33, 0
1, 111, 0
1, 384, 0
0, 469, 1
1, 129, 0
0, 251, 0
1, 215, 0
1, 209, 0
1, 264, 0
1, 154, 0
1, 74, 0
1, 528, 0
1, 357, 0
1, 585, 0
1, 325, 0
1, 343, 0
1, 309, 0
1, 470, 0
0, 187, 1
1, 285, 0
1, 198, 1
1, 359, 0
1, 852, 0
1, 478, 0
1, 214, 0
1, 184, 0
1, 177, 0
1, 182, 1
1, 396, 0
1, 26, 0
1, 92, 0
1, 1928, 0
1, 187, 0
1, 49, 0
1, 216, 0
1, 217, 0
1, 195, 1
1, 502, 0
1, 678, 0
1, 309, 0
1, 102, 0
1, 157, 0
1, 569, 1
1, 54, 1
1, 220, 0
1, 469, 0
1, 129, 0
1, 103, 0
1, 117, 0
1, 252, 0
1, 108, 0
1, 18, 0
1, 408, 0
1, 400, 0
1, 431, 0
1, 213, 0
1, 177, 0
1, 411, 0
1, 77, 0
1, 577, 0
1, 205, 0
1, 152, 0
1, 144, 0
0, 247, 0
0, 222, 0
1, 334, 0
1, 618, 1
1, 184, 0
1, 265, 0
1, 389, 0
1, 461, 0
1, 405, 0
1, 132, 0
1, 429, 0
1, 98, 0
1, 216, 0
1, 194, 0
1, 389, 0
1, 434, 0
1, 390, 0
1, 305, 0
1, 661, 0
1, 141, 0
1, 551, 1
1, 245, 0
1, 210, 0
1, 121, 1
1, 166, 0
1, 186, 0
1, 301, 0
1, 154, 0
1, 892, 0
1, 176, 0
1, 340, 0
1, 293, 0
1, 83, 0
1, 345, 1
1, 678, 0
1, 43, 0
0, 94, 0
1, 365, 1
1, 313, 0
1, 187, 0
0, 2958, 1
1, 164, 0
1, 184, 1
0, 1776, 1
1, 402, 0
1, 247, 1
1, 168, 0
1, 537, 0
1, 287, 0
1, 185, 0
1, 355, 0
1, 194, 0
1, 523, 0
1, 331, 0
1, 176, 0
1, 117, 0
1, 177, 1
1, 317, 0
1, 189, 0
0, 884, 1
1, 166, 0
1, 321, 0
1, 159, 0
0, 191, 0
1, 91, 0
1, 442, 0
1, 42, 0
1, 474, 0
1, 147, 0
1, 426, 0
1, 295, 0
1, 90, 0
1, 171, 0
1, 394, 0
1, 496, 0
1, 528, 0
1, 83, 0
0, 463, 0
0, 51, 0
1, 2, 0
1, 378, 0
1, 236, 0
1, 31, 0
0, 980, 1
1, 338, 0
1, 470, 0
1, 387, 0
1, 402, 0
1, 461, 0
1, 558, 0
1, 366, 0
1, 384, 1
1, 348, 0
1, 460, 0
1, 120, 0
1, 134, 0
1, 160, 0
1, 77, 0
0, 58, 0
1, 144, 1
1, 752, 0
1, 170, 0
0, 397, 1
0, 347, 0
1, 224, 0
1, 162, 0
1, 712, 0
1, 198, 0
1, 384, 0
0, 225, 0
1, 84, 0
1, 84, 0
0, 322, 0
1, 1058, 0
1, 162, 0
0, 180, 1
1, 341, 1
1, 328, 0
1, 118, 0
1, 307, 1
0, 663, 0
0, 157, 0
1, 1, 0
1, 528, 0
1, 767, 0
1, 476, 1
0, 361, 0
0, 46, 0
1, 335, 1
1, 302, 0
1, 367, 0
1, 677, 0
0, 450, 0
0, 397, 0
1, 66, 0
1, 421, 0
0, 703, 0
1, 174, 1
1, 425, 0
1, 169, 0
1, 627, 1
1, 668, 1
1, 39, 0
1, 143, 0
0, 198, 0
1, 84, 0
1, 507, 0
1, 452, 0
1, 336, 0
0, 642, 1
0, 1379, 0
1, 53, 0
1, 338, 0
1, 136, 0
0, 225, 0
1, 79, 0
1, 240, 0
1, 183, 0
0, 222, 0
1, 210, 0
0, 213, 0
1, 775, 0
0, 375, 0
1, 417, 0
1, 215, 0
1, 719, 0
1, 163, 0
1, 176, 0
1, 287, 0
1, 428, 0
1, 562, 0
1, 2462, 0
1, 195, 0
1, 323, 0
0, 272, 1
1, 180, 0
1, 185, 0
1, 226, 0
1, 155, 0
1, 327, 0
1, 89, 0
0, 255, 0
1, 158, 0
1, 357, 0
1, 183, 0
1, 146, 0
1, 399, 0
0, 238, 0
0, 46, 0
1, 198, 0
1, 173, 0
1, 113, 0
1, 199, 0
1, 392, 0
1, 144, 0
1, 172, 0
1, 135, 0
0, 1440, 1
1, 303, 0
1, 480, 0
0, 223, 0
1, 154, 0
1, 89, 0
1, 162, 0
1, 117, 0
1, 475, 0
1, 468, 0
1, 126, 0
1, 203, 0
1, 443, 0
0, 178, 0
1, 167, 0
1, 157, 0
1, 196, 0
0, 159, 0
1, 320, 0
1, 303, 0
1, 159, 0
1, 569, 1
0, 316, 0
1, 316, 0
1, 228, 0
1, 144, 0
1, 323, 0
1, 92, 0
1, 419, 1
0, 2699, 1
0, 263, 0
1, 428, 0
1, 367, 0
1, 376, 0
0, 436, 0
0, 176, 0
1, 614, 0
0, 56, 0
1, 424, 0
1, 154, 1
1, 634, 0
1, 406, 0
1, 356, 0
1, 465, 0
1, 26, 0
1, 1589, 0
0, 138, 0
1, 342, 0
0, 486, 0
0, 235, 0
1, 354, 0
1, 813, 0
1, 363, 1
0, 189, 1
1, 380, 0
1, 369, 0
1, 101, 1
0, 224, 0
1, 350, 0
1, 575, 0
1, 245, 0
1, 2436, 0
0, 47, 0
1, 863, 0
0, 607, 1
1, 302, 0
0, 342, 0
1, 605, 0
1, 483, 0
1, 298, 0
1, 173, 0
1, 951, 0
0, 46, 0
1, 273, 0
1, 395, 0
1, 92, 0
1, 2239, 0
1, 940, 0
0, 1100, 1
1, 399, 0
1, 324, 0
0, 689, 1
1, 122, 0
0, 200, 0
0, 307, 1
1, 1290, 0
1, 614, 0
1, 145, 0
0, 46, 0
0, 223, 0
1, 73, 0
1, 155, 0
1, 315, 0
1, 154, 0
0, 94, 0
1, 351, 0
1, 175, 0
0, 189, 0
1, 476, 1
1, 433, 0
0, 357, 0
1, 487, 0
1, 1470, 0
0, 57, 0
1, 352, 0
1, 297, 0
1, 370, 0
0, 2201, 1
1, 241, 0
0, 45, 0
0, 44, 0
1, 131, 0
1, 214, 0
1, 73, 0
1, 112, 1
1, 474, 0
1, 2147, 0
1, 133, 0
0, 2068, 0
1, 489, 0
1, 12, 0
1, 285, 0
0, 523, 0
1, 334, 1
1, 401, 0
1, 198, 0
0, 714, 1
1, 890, 0
1, 157, 0
1, 192, 0
1, 398, 0
1, 660, 0
1, 560, 0
1, 300, 0
1, 212, 0
1, 272, 0
1, 242, 0
0, 180, 0
1, 271, 0
0, 60, 0
1, 138, 0
1, 166, 0
1, 264, 0
0, 626, 0
1, 157, 0
1, 380, 0
1, 332, 0
1, 117, 0
0, 413, 0
0, 176, 0
0, 458, 0
1, 160, 0
1, 310, 0
0, 213, 0
1, 115, 0
1, 386, 0
1, 243, 0
1, 230, 0
1, 368, 0
1, 210, 0
1, 168, 0
1, 148, 0
1, 629, 0
1, 1773, 0
1, 240, 1
1, 214, 0
1, 1039, 0
1, 112, 0
1, 341, 0
1, 276, 0
1, 420, 0
0, 152, 0
1, 89, 0
1, 1219, 0
1, 184, 0
1, 150, 0
1, 120, 0
1, 83, 1
1, 819, 0
1, 412, 1
1, 119, 0
0, 219, 0
1, 101, 0
1, 148, 0
1, 264, 0
1, 120, 1
1, 905, 0
0, 2809, 0
1, 139, 0
1, 168, 0
0, 555, 0
0, 3562, 1
1, 214, 0
1, 410, 0
0, 553, 0
0, 56, 0
1, 325, 0
1, 181, 0
1, 108, 0
1, 382, 0
0, 199, 0
1, 798, 0
1, 99, 1
1, 169, 0
1, 221, 0
1, 617, 0
1, 372, 0
0, 464, 1
0, 606, 1
1, 460, 0
1, 192, 0
1, 194, 0
1, 398, 0
1, 129, 0
1, 181, 0
1, 297, 0
1, 415, 0
1, 597, 0
1, 388, 0
1, 278, 1
0, 1483, 1
1, 572, 0
0, 785, 0
1, 101, 0
1, 173, 0
1, 412, 1
0, 1127, 1
1, 149, 1
1, 700, 0
1, 351, 0
1, 740, 1
1, 118, 0
1, 281, 0
1, 134, 0
1, 448, 0
1, 91, 0
1, 464, 0
1, 373, 0
0, 200, 0
1, 338, 0
1, 86, 1
1, 419, 0
1, 93, 1
1, 284, 1
1, 211, 0
1, 216, 0
0, 57, 0
0, 285, 0
1, 321, 0
0, 192, 0
1, 146, 0
1, 453, 0
1, 345, 0
1, 387, 0
1, 258, 0
0, 233, 0
0, 187, 0
1, 520, 0
1, 136, 0
0, 796, 1
1, 726, 0
1, 410, 0
1, 156, 1
1, 149, 0
0, 169, 0
0, 231, 0
1, 142, 0
1, 323, 0
1, 193, 1
1, 154, 0
1, 221, 0
1, 682, 0
1, 533, 0
1, 434, 0
1, 540, 0
0, 129, 0
1, 208, 0
1, 393, 0
1, 244, 0
1, 549, 0
1, 140, 0
1, 149, 0
1, 649, 0
1, 146, 0
1, 285, 0
0, 534, 1
1, 406, 0
1, 134, 0
1, 338, 0
1, 423, 0
1, 290, 0
1, 109, 0
1, 266, 0
1, 331, 0
1, 1692, 0
1, 388, 1
1, 266, 0
1, 752, 0
0, 46, 0
1, 380, 0
1, 28, 0
1, 345, 0
1, 140, 0
1, 382, 0
0, 384, 0
1, 410, 0
1, 125, 0
1, 428, 0
0, 615, 0
1, 155, 0
0, 631, 0
1, 361, 0
1, 133, 0
1, 252, 0
1, 450, 0
1, 318, 0
0, 221, 0
1, 363, 0
1, 225, 0
0, 1595, 1
1, 883, 0
1, 8, 0
1, 429, 0
1, 147, 1
1, 67, 0
1, 134, 0
0, 613, 0
1, 425, 0
1, 118, 1
0, 481, 1
1, 611, 0
1, 104, 1
0, 2791, 1
1, 371, 0
1, 11657, 0
1, 242, 0
1, 383, 0
0, 246, 0
1, 119, 0
0, 304, 1
1, 411, 0
1, 400, 0
1, 425, 1
0, 454, 0
0, 1452, 1
1, 132, 0
1, 178, 0
1, 20, 0
1, 281, 0
1, 1221, 0
1, 283, 0
1, 170, 1
1, 105, 0
1, 217, 0
1, 165, 0
1, 3337, 0
1, 321, 0
1, 138, 0
1, 115, 1
1, 299, 0
1, 172, 1
1, 276, 0
1, 133, 0
0, 94, 0
1, 304, 0
1, 93, 0
1, 355, 0
1, 704, 0
1, 226, 0
1, 292, 0
1, 163, 0
0, 320, 0
1, 155, 0
1, 402, 0
1, 159, 0
1, 481, 0
1, 282, 0
1, 1101, 1
1, 557, 0
1, 508, 1
1, 438, 0
1, 493, 0
1, 462, 0
1, 127, 0
1, 137, 0
1, 257, 0
1, 500, 0
0, 94, 0
1, 118, 0
1, 232, 0
1, 217, 0
0, 215, 0
1, 137, 0
1, 202, 0
1, 206, 0
1, 115, 0
1, 503, 0
1, 103, 0
1, 201, 0
1, 524, 0
1, 396, 0
1, 212, 0
1, 126, 0
1, 476, 1
1, 116, 0
1, 415, 0
1, 486, 0
1, 184, 0
1, 70, 0
1, 439, 1
1, 1466, 0
1, 1, 0
1, 361, 0
1, 429, 0
1, 3317, 1
0, 815, 0
1, 197, 0
1, 129, 0
1, 526, 0
1, 339, 0
1, 611, 0
1, 520, 0
1, 413, 0
1, 161, 0
1, 318, 0
0, 431, 0
1, 154, 0
1, 371, 1
1, 427, 0
1, 131, 0
1, 184, 0
1, 110, 0
0, 50, 0
0, 180, 0
1, 708, 0
1, 125, 0
1, 166, 0
1, 37, 0
1, 465, 0
1, 132, 0
1, 375, 0
0, 46, 0
1, 134, 0
1, 100, 0
1, 224, 0
0, 205, 1
1, 499, 0
1, 1074, 0
1, 98, 0
1, 808, 0
1, 153, 0
0, 217, 1
1, 376, 0
1, 279, 0
1, 477, 0
1, 223, 0
0, 249, 0
1, 454, 0
0, 719, 0
1, 210, 0
1, 243, 0
1, 682, 0
1, 294, 0
1, 194, 0
1, 421, 0
1, 70, 0
1, 127, 0
1, 108, 0
1, 65, 0
1, 100, 0
1, 631, 0
1, 190, 1
1, 317, 0
1, 60, 0
0, 246, 0
1, 182, 1
1, 116, 0
1, 295, 0
1, 344, 0
1, 141, 1
1, 350, 0
1, 98, 0
1, 303, 0
1, 191, 0
1, 636, 0
1, 121, 0
1, 168, 0
0, 1911, 1
1, 119, 0
1, 488, 0
1, 130, 0
1, 369, 0
1, 145, 0
1, 3294, 0
1, 81, 0
1, 224, 0
0, 446, 1
1, 351, 0
1, 228, 1
1, 395, 0
1, 155, 0
1, 186, 0
1, 349, 0
1, 268, 0
1, 200, 0
1, 314, 0
1, 297, 0
1, 147, 0
0, 193, 0
1, 356, 0
1, 166, 0
1, 117, 0
1, 1232, 0
1, 87, 0
0, 367, 1
1, 350, 0
1, 468, 0
1, 435, 0
0, 1234, 0
1, 210, 0
1, 76, 0
1, 407, 0
1, 116, 0
1, 196, 0
1, 123, 0
1, 79, 0
1, 167, 0
1, 334, 0
1, 133, 0
1, 118, 0
1, 342, 0
1, 490, 0
1, 384, 0
0, 153, 0
1, 448, 0
1, 799, 0
1, 118, 0
1, 105, 0
1, 183, 0
1, 360, 1
1, 70, 0
1, 116, 0
1, 376, 0
1, 135, 0
1, 156, 0
0, 218, 0
0, 258, 0
1, 97, 0
0, 237, 0
0, 723, 0
1, 258, 0
1, 157, 0
1, 520, 0
1, 133, 0
1, 129, 0
1, 471, 1
1, 288, 0
1, 861, 0
1, 762, 0
1, 347, 0
1, 283, 0
0, 366, 0
1, 20, 1
1, 957, 0
1, 452, 0
1, 181, 0
1, 53, 1
1, 637, 1
1, 150, 0
1, 316, 0
1, 433, 0
1, 263, 0
1, 555, 0
1, 530, 0
0, 185, 0
1, 106, 0
1, 92, 0
1, 135, 1
1, 104, 0
1, 315, 0
1, 292, 0
1, 206, 0
1, 542, 0
0, 3726, 0
0, 48, 0
1, 138, 0
0, 176, 0
1, 277, 1
1, 633, 0
1, 143, 0
1, 423, 0
1, 938, 0
1, 225, 0
1, 320, 0
1, 230, 0
1, 538, 0
1, 660, 0
0, 982, 1
1, 383, 0
1, 209, 1
1, 191, 0
1, 1070, 0
1, 587, 0
1, 674, 0
1, 370, 0
0, 218, 1
1, 146, 0
1, 142, 0
1, 127, 1
1, 792, 0
1, 155, 0
1, 360, 0
1, 297, 0
0, 216, 1
0, 236, 0
1, 191, 0
1, 62, 0
1, 486, 0
0, 221, 0
1, 138, 0
1, 186, 1
1, 360, 0
1, 185, 0
1, 311, 0
1, 460, 1
1, 154, 0
0, 185, 0
1, 301, 0
1, 517, 0
1, 177, 0
1, 234, 0
1, 468, 0
1, 138, 0
1, 286, 1
0, 533, 0
1, 210, 0
1, 354, 0
1, 508, 0
1, 90, 0
1, 158, 0
1, 662, 0
1, 124, 0
0, 234, 0
0, 487, 0
1, 135, 0
1, 382, 0
1, 153, 0
1, 686, 1
1, 418, 0
1, 392, 0
1, 187, 0
1, 387, 0
1, 117, 0
1, 249, 0
1, 142, 0
1, 288, 0
1, 423, 0
1, 293, 0
1, 212, 0
1, 199, 1
1, 368, 0
0, 983, 1
1, 354, 0
1, 113, 0
1, 444, 0
1, 257, 0
1, 132, 0
1, 444, 0
1, 214, 0
1, 105, 0
1, 512, 0
1, 291, 0
1, 79, 1
1, 352, 0
1, 151, 0
1, 80, 1
1, 214, 0
1, 164, 0
1, 395, 0
1, 58, 0
1, 133, 0
1, 297, 0
0, 435, 0
1, 94, 0
0, 164, 0
1, 189, 1
0, 252, 0
1, 430, 0
1, 487, 0
1, 340, 0
0, 864, 0
0, 995, 1
0, 391, 1
1, 91, 0
1, 203, 0
1, 336, 0
1, 66, 0
1, 130, 0
1, 164, 0
1, 1, 0
1, 375, 0
1, 152, 0
1, 166, 0
1, 144, 0
1, 143, 0
0, 359, 0
1, 701, 0
1, 94, 0
1, 106, 0
1, 435, 0
1, 468, 0
1, 327, 0
1, 159, 1
0, 205, 0
1, 415, 1
0, 44, 0
1, 140, 0
1, 371, 0
1, 57, 0
1, 120, 0
1, 158, 0
1, 138, 0
1, 462, 0
1, 429, 1
1, 308, 0
1, 180, 0
1, 476, 1
1, 319, 0
0, 273, 0
1, 133, 0
1, 538, 0
1, 302, 0
1, 169, 0
0, 46, 0
1, 200, 0
1, 151, 0
1, 350, 0
1, 1873, 0
1, 150, 0
1, 1032, 0
1, 562, 0
1, 342, 0
0, 414, 0
1, 148, 0
1, 609, 0
1, 194, 0
1, 163, 0
0, 2269, 1
1, 455, 0
1, 814, 0
0, 197, 0
1, 235, 0
1, 121, 0
1, 956, 0
1, 104, 0
1, 462, 0
1, 2038, 0
0, 181, 0
1, 245, 0
0, 194, 0
0, 2509, 0
1, 519, 1
1, 703, 1
1, 117, 0
0, 234, 0
1, 525, 0
1, 398, 0
1, 122, 0
1, 272, 0
1, 289, 0
1, 291, 0
1, 235, 0
1, 138, 0
1, 119, 0
1, 361, 0
0, 895, 0
1, 246, 0
1, 378, 0
0, 170, 0
1, 234, 0
1, 381, 0
1, 209, 1
1, 1, 0
0, 443, 0
1, 613, 0
1, 493, 0
1, 134, 0
1, 646, 0
1, 172, 1
1, 479, 0
0, 171, 0
1, 232, 0
1, 413, 0
1, 26, 0
1, 1212, 0
1, 228, 0
1, 321, 0
1, 190, 0
1, 144, 0
0, 2335, 1
1, 67, 0
1, 367, 0
1, 151, 0
1, 335, 0
0, 228, 0
1, 328, 0
1, 243, 0
1, 113, 0
1, 395, 0
1, 375, 0
1, 475, 0
1, 803, 0
1, 84, 0
1, 647, 0
1, 449, 0
1, 312, 0
1, 276, 0
1, 116, 0
1, 88, 0
1, 153, 0
1, 83, 1
0, 194, 0
1, 173, 0
1, 192, 0
0, 502, 0
1, 542, 0
1, 381, 0
1, 22, 0
1, 491, 0
1, 511, 0
0, 214, 0
1, 373, 1
1, 459, 0
1, 94, 0
1, 85, 0
1, 91, 0
1, 208, 1
1, 147, 0
1, 130, 0
0, 3248, 1
1, 178, 0
0, 269, 0
1, 226, 0
1, 1698, 0
1, 108, 0
1, 343, 0
1, 189, 0
0, 45, 0
1, 130, 0
0, 160, 0
0, 47, 0
1, 187, 0
1, 1126, 0
0, 1238, 1
0, 206, 0
1, 807, 0
1, 21, 1
1, 451, 0
1, 301, 0
1, 818, 0
1, 131, 0
1, 144, 0
1, 394, 0
1, 352, 0
1, 309, 0
1, 134, 0
1, 406, 0
0, 236, 0
1, 339, 0
1, 240, 0
1, 407, 0
1, 342, 0
1, 116, 0
0, 185, 0
0, 670, 1
1, 384, 1
1, 26, 0
0, 353, 0
1, 60, 0
1, 1783, 0
0, 201, 0
1, 344, 0
1, 561, 0
1, 80, 0
1, 228, 0
1, 338, 0
1, 419, 0
1, 67, 1
0, 162, 0
1, 280, 0
1, 341, 0
1, 172, 0
1, 251, 0
0, 447, 0
1, 699, 0
1, 1117, 0
0, 221, 1
1, 291, 0
1, 193, 1
1, 419, 0
1, 417, 0
1, 251, 0
1, 483, 0
0, 2035, 1
0, 711, 0
1, 113, 0
1, 498, 0
1, 142, 0
1, 384, 0
1, 493, 0
1, 67, 0
1, 342, 0
1, 458, 0
1, 211, 0
1, 550, 0
0, 12242, 1
1, 514, 0
0, 183, 0
1, 93, 1
1, 128, 0
1, 661, 0
0, 48, 0
1, 271, 0
1, 560, 0
0, 188, 0
0, 1072, 1
1, 373, 0
1, 191, 0
1, 246, 0
1, 226, 0
1, 101, 1
1, 115, 0
1, 468, 1
1, 102, 0
1, 410, 1
1, 442, 0
1, 309, 0
1, 138, 0
0, 174, 0
0, 721, 1
1, 111, 0
1, 146, 0
0, 1287, 1
1, 384, 0
1, 55, 0
1, 150, 0
1, 229, 0
0, 310, 0
1, 220, 0
1, 145, 0
0, 192, 1
1, 587, 0
1, 377, 0
1, 499, 0
1, 124, 0
1, 135, 1
1, 145, 0
1, 93, 0
1, 775, 0
1, 159, 0
1, 119, 1
1, 212, 0
1, 477, 0
1, 396, 1
1, 205, 0
1, 215, 0
1, 50, 0
1, 1303, 0
1, 169, 0
1, 255, 0
1, 315, 0
1, 146, 0
0, 228, 1
1, 387, 0
1, 645, 0
1, 503, 0
1, 81, 0
0, 1094, 1
1, 198, 0
1, 452, 0
1, 1637, 1
1, 189, 0
0, 179, 0
1, 856, 0
1, 107, 0
1, 75, 0
0, 206, 1
1, 284, 0
1, 119, 0
1, 484, 1
1, 448, 0
1, 141, 0
0, 167, 0
1, 112, 1
1, 868, 0
1, 89, 0
1, 835, 0
1, 2457, 0
1, 246, 0
1, 97, 0
1, 87, 0
1, 375, 0
1, 276, 0
0, 214, 0
1, 185, 0
1, 162, 0
1, 374, 1
1, 605, 0
1, 228, 0
1, 487, 0
1, 171, 0
1, 443, 1
1, 344, 0
1, 510, 0
1, 205, 0
0, 1281, 0
1, 629, 0
1, 153, 0
0, 2192, 0
1, 154, 0
1, 98, 0
1, 323, 0
1, 421, 0
1, 115, 0
1, 301, 0
1, 480, 0
0, 217, 0
1, 133, 0
0, 183, 0
1, 4033, 0
1, 124, 0
1, 442, 0
1, 121, 0
0, 167, 0
1, 170, 0
1, 524, 0
1, 150, 0
1, 153, 0
1, 338, 0
1, 3192, 0
1, 410, 0
1, 272, 1
1, 163, 0
1, 454, 0
1, 380, 0
0, 4454, 1
1, 425, 0
1, 294, 0
1, 236, 0
1, 381, 1
1, 482, 0
1, 191, 1
1, 707, 0
1, 427, 0
1, 232, 0
1, 435, 0
1, 373, 0
1, 191, 0
1, 506, 0
1, 280, 0
1, 320, 0
1, 412, 0
1, 353, 0
1, 263, 0
1, 485, 0
1, 307, 0
1, 1101, 0
1, 90, 0
1, 155, 0
1, 65, 0
0, 1025, 1
1, 518, 0
0, 232, 0
0, 787, 0
1, 340, 0
1, 399, 0
1, 64, 0
1, 518, 0
1, 145, 0
1, 227, 0
1, 485, 0
1, 440, 0
1, 435, 0
0, 2994, 1
1, 1182, 0
1, 503, 1
1, 369, 0
1, 151, 0
1, 365, 0
1, 91, 0
1, 709, 0
0, 1396, 0
1, 151, 0
1, 195, 0
1, 215, 0
1, 453, 0
1, 366, 0
1, 210, 1
0, 47, 1
1, 542, 0
1, 124, 0
1, 21, 0
0, 161, 0
1, 259, 0
1, 942, 0
1, 129, 1
0, 809, 1
1, 559, 0
1, 436, 0
1, 92, 0
1, 412, 0
1, 124, 0
0, 193, 0
1, 121, 1
1, 358, 0
0, 186, 0
1, 86, 1
0, 220, 0
0, 713, 0
1, 321, 1
1, 320, 0
1, 139, 0
0, 365, 0
1, 5338, 0
1, 191, 0
1, 105, 0
1, 192, 0
1, 123, 0
1, 377, 0
1, 411, 0
1, 1056, 0
1, 84, 0
1, 207, 0
1, 325, 0
1, 138, 0
1, 476, 0
1, 98, 0
1, 771, 0
1, 467, 0
1, 169, 0
1, 392, 0
1, 3070, 0
1, 64, 0
1, 384, 0
1, 362, 1
0, 5320, 0
1, 1083, 0
1, 386, 0
1, 494, 0
1, 344, 1
1, 150, 0
1, 155, 0
1, 94, 0
1, 87, 0
1, 184, 0
1, 197, 0
0, 51, 0
1, 402, 0
1, 198, 1
1, 396, 0
0, 4413, 1
1, 186, 0
1, 93, 0
1, 353, 0
0, 94, 0
0, 421, 0
1, 428, 1
1, 473, 0
1, 93, 0
1, 231, 0
1, 208, 0
1, 287, 0
0, 46, 0
1, 429, 1
1, 159, 0
1, 254, 0
1, 383, 0
1, 199, 0
1, 463, 0
0, 394, 1
0, 94, 0
1, 222, 0
1, 477, 0
1, 120, 0
1, 74, 0
1, 491, 0
1, 368, 0
1, 648, 0
1, 306, 0
1, 13, 0
0, 441, 1
1, 255, 0
1, 87, 0
1, 527, 0
0, 164, 0
1, 259, 0
1, 2827, 1
1, 185, 0
1, 63, 0
0, 240, 0
1, 348, 1
1, 1, 0
1, 393, 1
1, 706, 1
0, 509, 0
0, 872, 0
0, 236, 0
1, 433, 0
1, 281, 0
1, 295, 0
1, 124, 0
0, 181, 0
1, 221, 0
1, 120, 0
1, 330, 0
1, 326, 0
1, 116, 0
1, 78, 0
1, 376, 0
1, 110, 0
1, 73, 0
0, 46, 0
1, 188, 0
1, 151, 0
1, 630, 0
1, 651, 0
0, 237, 0
1, 377, 0
1, 122, 0
1, 662, 0
1, 328, 0
1, 490, 0
1, 438, 0
1, 444, 0
1, 121, 0
0, 1184, 1
1, 486, 1
1, 499, 0
1, 583, 0
1, 203, 0
1, 410, 0
1, 176, 0
1, 1204, 1
1, 475, 0
1, 508, 0
1, 188, 0
1, 70, 1
1, 138, 1
1, 215, 0
1, 328, 0
1, 92, 1
1, 124, 0
1, 344, 1
1, 177, 0
1, 281, 0
1, 361, 0
0, 462, 0
1, 339, 0
1, 532, 0
1, 159, 0
1, 131, 1
1, 425, 0
1, 319, 0
1, 433, 0
1, 503, 0
1, 150, 0
1, 563, 0
0, 46, 0
1, 1860, 1
1, 210, 1
1, 361, 0
1, 172, 0
1, 187, 0
1, 100, 0
1, 113, 0
1, 407, 0
1, 197, 0
0, 234, 0
1, 744, 0
1, 215, 0
0, 3038, 0
1, 83, 0
1, 567, 0
1, 480, 1
1, 262, 0
1, 422, 1
1, 80, 0
1, 410, 0
1, 121, 1
1, 345, 0
1, 126, 0
1, 349, 0
1, 500, 0
1, 331, 0
1, 291, 0
1, 375, 0
0, 2052, 0
1, 40, 0
1, 479, 0
1, 524, 0
1, 2232, 0
1, 118, 0
1, 71, 0
1, 121, 0
0, 238, 1
1, 152, 0
1, 481, 0
1, 166, 0
0, 805, 1
1, 118, 1
1, 67, 0
0, 199, 0
1, 1014, 0
1, 152, 0
1, 325, 0
1, 100, 0
1, 340, 0
1, 189, 0
0, 2485, 1
1, 450, 0
1, 370, 0
1, 481, 0
1, 146, 0
1, 382, 0
0, 243, 0
1, 106, 0
1, 209, 0
1, 437, 1
1, 84, 0
1, 157, 0
1, 258, 0
0, 476, 1
1, 185, 0
0, 775, 1
1, 211, 0
1, 138, 0
1, 366, 0
1, 88, 0
1, 469, 0
1, 108, 0
0, 1476, 1
1, 105, 0
1, 145, 0
1, 312, 0
1, 160, 1
1, 194, 0
1, 222, 0
1, 361, 1
1, 168, 0
1, 146, 0
1, 138, 0
1, 434, 0
1, 195, 0
1, 136, 0
1, 423, 0
1, 320, 0
1, 155, 1
1, 138, 1
1, 355, 0
1, 387, 0
1, 465, 0
1, 246, 0
1, 436, 1
1, 397, 0
0, 242, 0
1, 140, 0
0, 177, 0
1, 180, 1
1, 284, 0
0, 467, 1
1, 364, 0
1, 824, 0
1, 357, 1
1, 409, 0
0, 180, 0
1, 96, 0
1, 217, 0
1, 206, 0
1, 382, 1
1, 211, 0
0, 104, 0
1, 105, 1
0, 746, 1
1, 140, 0
1, 124, 0
1, 154, 0
1, 21, 0
1, 412, 0
1, 132, 0
1, 423, 0
1, 1413, 0
1, 163, 0
1, 241, 1
1, 549, 0
1, 383, 0
1, 667, 0
1, 854, 0
1, 128, 0
1, 462, 0
1, 135, 0
1, 524, 0
1, 384, 0
1, 231, 0
1, 482, 0
1, 612, 0
1, 324, 0
1, 171, 0
1, 2887, 0
1, 141, 0
1, 1390, 0
1, 371, 0
1, 559, 0
1, 165, 0
1, 134, 0
1, 777, 0
1, 380, 0
1, 464, 0
0, 638, 0
1, 514, 0
1, 376, 0
1, 502, 0
1, 8460, 0
0, 479, 0
1, 248, 0
1, 150, 0
1, 144, 0
1, 264, 0
1, 999, 0
1, 884, 0
1, 476, 0
1, 112, 0
0, 1531, 0
1, 207, 0
0, 46, 0
1, 416, 0
1, 183, 0
0, 56, 0
1, 366, 0
1, 464, 0
1, 152, 0
1, 272, 0
1, 381, 0
1, 589, 0
0, 217, 0
1, 533, 0
1, 1005, 0
1, 118, 0
0, 46, 0
1, 666, 0
1, 187, 0
1, 209, 0
0, 47, 0
1, 315, 1
1, 402, 0
1, 229, 0
1, 101, 0
1, 145, 0
1, 799, 0
1, 473, 0
1, 181, 0
1, 377, 0
1, 164, 0
1, 77, 1
1, 159, 0
1, 223, 0
0, 276, 0
1, 226, 0
1, 488, 0
1, 379, 0
0, 227, 0
1, 752, 0
1, 666, 0
0, 820, 1
1, 862, 0
0, 236, 1
1, 368, 0
1, 396, 0
0, 3155, 1
1, 128, 0
1, 477, 0
1, 420, 0
1, 351, 0
1, 423, 0
1, 548, 0
1, 629, 0
0, 402, 0
1, 287, 0
1, 192, 0
1, 346, 0
1, 435, 0
1, 153, 0
1, 93, 0
0, 180, 1
0, 682, 0
0, 255, 0
1, 129, 0
1, 384, 0
1, 127, 0
1, 393, 0
1, 131, 0
1, 359, 1
1, 380, 0
1, 45, 0
1, 180, 0
1, 558, 0
1, 353, 0
1, 110, 0
0, 268, 0
1, 462, 0
1, 395, 0
1, 1382, 0
1, 449, 0
1, 356, 0
1, 216, 0
1, 162, 0
1, 1985, 0
1, 83, 0
1, 422, 0
1, 472, 0
1, 48, 0
1, 143, 0
1, 281, 0
1, 112, 0
1, 137, 0
1, 403, 0
1, 1592, 0
1, 736, 0
1, 637, 0
1, 161, 0
1, 500, 0
1, 172, 0
1, 81, 1
1, 83, 0
1, 415, 0
1, 224, 0
1, 212, 0
1, 40, 0
1, 224, 0
0, 759, 0
1, 320, 0
1, 142, 0
1, 87, 0
1, 134, 0
1, 134, 0
1, 167, 0
1, 483, 0
1, 154, 0
1, 145, 0
1, 411, 0
1, 179, 0
1, 207, 0
1, 421, 0
1, 318, 0
1, 67, 0
1, 32, 0
1, 149, 0
1, 520, 0
1, 398, 0
1, 840, 0
0, 164, 0
1, 126, 0
1, 142, 0
0, 1020, 0
1, 320, 0
1, 232, 0
1, 732, 0
1, 107, 0
1, 697, 0
1, 952, 0
1, 570, 0
1, 408, 0
0, 493, 1
1, 354, 0
1, 152, 0
1, 246, 0
1, 227, 1
1, 89, 0
1, 359, 0
1, 167, 0
1, 499, 0
1, 404, 0
1, 485, 0
1, 155, 0
1, 2477, 0
0, 590, 1
1, 1702, 0
1, 374, 0
1, 520, 0
1, 535, 0
1, 67, 0
1, 319, 0
1, 84, 0
1, 214, 0
1, 386, 0
1, 415, 0
1, 318, 0
1, 348, 0
1, 95, 0
1, 67, 0
1, 169, 1
1, 109, 0
1, 491, 0
0, 2376, 0
1, 363, 0
1, 146, 0
1, 765, 0
1, 122, 0
1, 805, 0
0, 640, 0
1, 57, 0
1, 269, 0
1, 382, 0
1, 157, 0
1, 816, 0
1, 481, 0
1, 481, 0
1, 103, 0
0, 269, 0
1, 503, 1
1, 67, 0
1, 680, 0
1, 211, 1
1, 382, 0
1, 523, 0
1, 491, 0
1, 257, 0
1, 111, 0
1, 319, 0
1, 141, 0
1, 442, 0
1, 294, 0
1, 619, 0
1, 4113, 0
1, 98, 1
1, 201, 0
1, 331, 0
1, 146, 0
1, 378, 0
1, 326, 0
1, 209, 0
1, 393, 0
1, 474, 0
1, 330, 0
1, 31, 0
1, 111, 0
1, 94, 0
1, 122, 0
1, 475, 0
1, 470, 0
1, 599, 0
1, 126, 0
1, 60, 0
1, 260, 0
1, 581, 0
1, 165, 0
0, 1576, 1
1, 244, 0
1, 483, 0
1, 453, 1
1, 373, 0
1, 480, 1
1, 54, 0
1, 387, 0
1, 388, 0
1, 717, 0
1, 521, 0
0, 183, 0
1, 1448, 0
1, 367, 0
0, 282, 0
1, 128, 1
0, 975, 0
0, 193, 0
0, 1652, 1
1, 208, 0
1, 339, 0
1, 106, 1
1, 110, 0
1, 653, 0
0, 273, 0
1, 333, 0
1, 370, 0
1, 347, 0
1, 422, 0
1, 375, 1
1, 755, 1
1, 15, 0
0, 674, 1
1, 484, 0
1, 90, 0
1, 281, 0
1, 151, 0
1, 358, 0
1, 153, 0
1, 478, 0
1, 1354, 0
1, 127, 0
1, 103, 0
0, 225, 0
1, 164, 1
1, 354, 1
1, 114, 0
1, 405, 0
1, 733, 0
1, 127, 0
1, 1554, 1
1, 328, 0
1, 457, 0
0, 193, 0
1, 92, 0
1, 82, 0
1, 562, 0
1, 523, 0
1, 117, 0
1, 123, 0
1, 342, 0
1, 180, 0
1, 428, 0
1, 286, 0
1, 278, 0
1, 837, 0
1, 552, 0
1, 493, 0
1, 246, 0
1, 94, 1
1, 604, 0
1, 337, 0
0, 230, 0
1, 93, 0
1, 130, 0
1, 215, 0
1, 1276, 0
1, 424, 0
1, 170, 0
1, 199, 0
1, 271, 0
1, 540, 0
0, 346, 0
1, 190, 1
1, 333, 0
1, 457, 0
1, 268, 0
1, 139, 1
0, 240, 0
1, 570, 0
1, 63, 0
1, 551, 0
1, 678, 0
1, 405, 0
1, 238, 0
0, 46, 0
1, 87, 0
1, 144, 0
1, 276, 0
1, 122, 0
1, 421, 0
1, 536, 0
1, 186, 0
1, 423, 0
1, 231, 0
1, 1, 0
1, 114, 0
1, 122, 0
1, 315, 1
0, 237, 0
1, 412, 0
1, 223, 0
1, 323, 0
1, 166, 0
1, 103, 0
1, 100, 1
0, 190, 0
0, 747, 1
1, 86, 0
1, 454, 1
1, 81, 0
0, 94, 0
1, 199, 0
1, 425, 0
1, 354, 0
1, 474, 0
1, 344, 1
1, 511, 0
1, 127, 0
1, 428, 1
1, 146, 0
1, 438, 0
0, 150, 0
1, 444, 0
1, 672, 0
1, 306, 0
1, 616, 0
1, 445, 0
1, 842, 0
1, 179, 0
0, 1206, 1
0, 809, 1
1, 142, 0
1, 469, 0
1, 225, 1
1, 380, 1
1, 198, 0
1, 75, 0
1, 67, 0
1, 86, 0
0, 1420, 1
1, 447, 0
1, 383, 0
1, 1, 0
1, 102, 0
1, 85, 0
1, 443, 0
0, 94, 0
1, 86, 0
0, 188, 0
1, 122, 0
1, 757, 0
1, 279, 0
1, 352, 0
1, 351, 0
0, 1028, 1
1, 69, 0
1, 190, 0
0, 55, 0
1, 465, 0
1, 1768, 0
1, 437, 0
1, 257, 0
0, 187, 0
0, 3215, 1
1, 110, 0
1, 193, 0
1, 270, 1
1, 3605, 1
1, 287, 0
1, 195, 0
0, 94, 0
1, 185, 0
1, 516, 1
1, 241, 0
0, 238, 0
1, 414, 0
1, 305, 1
1, 800, 0
0, 3453, 1
1, 376, 1
1, 360, 0
1, 361, 0
1, 460, 0
1, 372, 1
1, 436, 0
1, 703, 1
1, 151, 0
1, 462, 0
1, 524, 0
1, 418, 0
1, 645, 0
1, 107, 0
1, 432, 0
1, 247, 0
1, 200, 0
1, 554, 0
1, 160, 0
1, 2692, 0
1, 220, 0
1, 522, 1
1, 884, 0
1, 466, 0
1, 108, 0
1, 222, 0
1, 232, 0
1, 80, 0
1, 562, 1
1, 182, 0
1, 393, 0
1, 1074, 0
1, 328, 0
1, 378, 0
0, 910, 0
1, 412, 0
1, 220, 0
1, 249, 0
1, 668, 0
1, 345, 0
1, 510, 0
1, 431, 0
1, 669, 0
0, 499, 0
1, 665, 0
1, 293, 0
1, 435, 0
1, 145, 0
1, 159, 0
1, 474, 0
1, 209, 0
1, 390, 1
1, 113, 0
1, 149, 0
1, 62, 0
1, 723, 1
1, 207, 0
1, 423, 0
1, 213, 0
1, 1190, 0
1, 63, 0
1, 235, 0
1, 158, 0
1, 79, 0
0, 3062, 1
1, 573, 0
1, 94, 0
1, 271, 0
1, 408, 0
1, 1001, 0
0, 1202, 0
0, 1928, 1
1, 395, 0
1, 118, 0
1, 408, 0
1, 460, 0
1, 859, 0
1, 282, 0
1, 1129, 0
1, 329, 0
1, 188, 0
1, 385, 0
1, 436, 0
1, 218, 0
0, 255, 1
1, 355, 0
1, 117, 0
0, 94, 0
0, 406, 0
1, 337, 1
1, 145, 0
1, 31, 0
0, 859, 1
1, 380, 1
1, 109, 0
1, 498, 0
1, 108, 0
1, 251, 0
1, 373, 0
1, 476, 0
0, 412, 0
1, 586, 0
1, 105, 0
1, 468, 0
1, 194, 0
1, 152, 0
1, 418, 0
1, 337, 1
1, 370, 0
1, 156, 0
1, 182, 0
0, 187, 0
1, 350, 0
1, 458, 0
1, 170, 0
1, 67, 0
1, 507, 1
1, 478, 0
0, 45, 0
1, 332, 0
0, 482, 0
1, 745, 0
1, 184, 0
1, 297, 0
1, 232, 0
1, 313, 0
1, 444, 0
1, 101, 0
1, 76, 0
1, 315, 0
1, 90, 0
1, 53, 0
1, 379, 1
1, 226, 0
1, 118, 1
1, 101, 0
1, 291, 0
1, 388, 1
1, 292, 0
1, 181, 0
1, 663, 0
1, 1041, 0
1, 446, 0
1, 216, 0
1, 238, 0
1, 374, 0
1, 467, 0
1, 186, 0
1, 182, 0
0, 46, 0
1, 70, 0
1, 375, 0
0, 237, 0
0, 1588, 1
1, 731, 0
1, 127, 0
1, 397, 0
1, 2832, 0
1, 409, 0
1, 31, 0
1, 584, 0
1, 616, 0
1, 430, 0
1, 406, 0
1, 262, 0
1, 684, 0
1, 391, 0
1, 140, 0
1, 197, 0
1, 49, 0
0, 49, 0
0, 438, 0
1, 189, 0
1, 537, 1
0, 3470, 1
1, 241, 0
1, 76, 0
1, 323, 0
1, 404, 0
0, 1351, 0
1, 171, 0
1, 427, 0
0, 246, 0
1, 23, 0
1, 196, 0
1, 372, 0
1, 334, 0
0, 437, 0
1, 316, 0
1, 346, 0
1, 129, 0
1, 269, 0
1, 500, 0
1, 313, 0
0, 1160, 1
0, 94, 0
1, 357, 0
1, 29, 0
1, 342, 0
1, 339, 0
1, 464, 0
1, 556, 0
1, 1018, 0
1, 105, 0
1, 423, 0
1, 149, 0
1, 158, 0
1, 349, 0
1, 351, 1
1, 370, 0
1, 446, 0
1, 131, 0
1, 321, 0
0, 140, 0
1, 238, 0
1, 138, 0
1, 44, 0
0, 46, 0
1, 162, 0
1, 203, 0
1, 368, 0
1, 231, 0
0, 4241, 0
0, 94, 0
1, 481, 0
1, 5135, 0
1, 87, 0
1, 217, 1
1, 374, 0
1, 505, 0
1, 321, 0
1, 360, 1
1, 1493, 0
1, 385, 0
1, 425, 0
1, 401, 0
1, 179, 0
1, 347, 0
1, 387, 0
1, 417, 0
1, 390, 0
1, 881, 0
1, 137, 0
1, 137, 0
1, 307, 0
1, 337, 0
1, 111, 0
1, 546, 0
1, 572, 0
1, 601, 0
1, 123, 0
1, 294, 0
1, 544, 0
1, 335, 0
1, 100, 1
1, 170, 0
0, 52, 0
1, 74, 0
1, 208, 0
1, 509, 0
0, 176, 0
1, 5304, 0
1, 414, 0
1, 383, 1
1, 507, 0
1, 422, 0
0, 533, 0
1, 391, 1
1, 342, 0
1, 146, 0
1, 408, 0
1, 544, 0
1, 193, 0
1, 174, 0
1, 226, 0
1, 155, 0
1, 142, 0
1, 220, 0
1, 256, 0
1, 171, 1
1, 381, 0
1, 387, 1
1, 86, 0
1, 451, 0
1, 132, 0
1, 130, 0
1, 373, 0
1, 232, 0
1, 945, 0
1, 139, 0
1, 125, 0
1, 93, 0
0, 214, 0
1, 311, 0
0, 234, 0
1, 309, 0
1, 1081, 1
0, 617, 0
1, 473, 0
1, 397, 0
1, 756, 0
1, 578, 0
1, 133, 1
1, 114, 0
1, 210, 0
1, 125, 1
1, 187, 0
1, 112, 0
1, 190, 0
1, 121, 0
1, 162, 0
0, 4721, 1
1, 432, 0
0, 252, 0
1, 128, 1
1, 449, 1
1, 456, 0
1, 599, 0
1, 505, 0
1, 104, 0
1, 105, 0
1, 419, 0
1, 106, 1
0, 226, 0
1, 310, 0
1, 199, 0
1, 547, 0
1, 463, 0
1, 145, 0
1, 406, 0
1, 529, 0
0, 226, 0
1, 188, 0
1, 228, 0
1, 238, 0
1, 1, 0
1, 139, 0
1, 219, 0
1, 182, 0
1, 184, 0
1, 94, 0
1, 153, 0
1, 364, 0
1, 105, 0
1, 417, 0
1, 431, 0
1, 562, 0
1, 117, 0
1, 694, 0
1, 102, 0
1, 150, 0
1, 324, 0
1, 43, 0
1, 362, 0
1, 136, 0
1, 268, 0
1, 978, 0
1, 222, 0
1, 410, 0
1, 82, 0
1, 47, 0
1, 164, 0
1, 423, 0
1, 171, 0
1, 142, 0
1, 398, 0
1, 98, 0
1, 299, 0
1, 109, 0
1, 187, 0
1, 515, 0
1, 185, 0
0, 46, 0
0, 198, 0
1, 371, 0
1, 172, 0
1, 396, 0
1, 67, 0
1, 261, 0
1, 323, 0
1, 365, 0
1, 356, 0
1, 179, 0
1, 482, 0
1, 245, 0
1, 595, 0
1, 383, 0
1, 381, 0
1, 531, 0
1, 146, 0
1, 512, 0
1, 948, 0
1, 157, 0
1, 153, 0
1, 126, 0
1, 142, 0
1, 58, 0
1, 464, 0
1, 437, 0
1, 170, 0
1, 111, 0
1, 98, 0
1, 151, 0
1, 41, 1
1, 198, 0
1, 326, 1
1, 668, 0
1, 116, 0
0, 1779, 1
1, 321, 0
1, 342, 0
1, 1085, 0
1, 84, 0
1, 108, 0
1, 175, 0
1, 69, 0
1, 116, 0
1, 316, 0
1, 168, 0
1, 149, 0
1, 694, 1
1, 476, 0
1, 264, 0
0, 440, 0
1, 213, 0
1, 119, 0
1, 105, 0
1, 310, 0
1, 434, 0
0, 94, 0
1, 382, 0
1, 350, 1
1, 228, 0
1, 290, 0
1, 456, 0
1, 176, 0
1, 92, 1
1, 589, 1
1, 671, 0
1, 171, 0
1, 318, 0
1, 185, 0
1, 231, 0
1, 142, 0
1, 432, 0
1, 802, 0
0, 601, 0
1, 489, 0
1, 501, 0
0, 517, 1
0, 94, 0
0, 215, 1
1, 143, 0
1, 381, 1
1, 88, 0
1, 211, 0
1, 194, 0
1, 622, 0
1, 501, 0
1, 162, 0
1, 319, 0
1, 2495, 0
1, 114, 0
1, 11, 0
1, 453, 0
1, 140, 0
1, 478, 0
1, 214, 0
1, 2850, 0
1, 103, 1
0, 1759, 1
1, 441, 0
1, 492, 0
1, 161, 0
1, 1676, 0
1, 354, 0
1, 366, 0
1, 368, 0
1, 228, 0
0, 654, 0
1, 133, 0
1, 403, 0
1, 358, 0
1, 98, 0
1, 466, 0
1, 843, 0
1, 209, 0
1, 238, 0
0, 47, 0
1, 191, 1
1, 414, 0
1, 180, 0
1, 382, 0
1, 200, 0
1, 391, 0
1, 395, 1
1, 137, 0
1, 221, 0
1, 313, 0
1, 323, 0
1, 305, 0
0, 236, 0
1, 465, 0
1, 59, 0
1, 109, 0
1, 289, 0
1, 241, 0
1, 532, 1
1, 513, 0
1, 120, 0
1, 159, 0
1, 119, 0
1, 95, 0
1, 2277, 0
1, 205, 0
1, 103, 0
1, 333, 0
1, 513, 0
1, 164, 0
1, 47, 0
1, 469, 0
1, 409, 0
1, 482, 0
1, 255, 0
1, 340, 0
1, 105, 0
1, 191, 0
1, 147, 0
0, 5639, 1
1, 326, 0
1, 140, 0
1, 288, 0
0, 268, 0
1, 260, 0
1, 184, 0
1, 196, 0
1, 151, 0
1, 253, 0
1, 111, 0
1, 202, 0
1, 353, 0
1, 446, 0
1, 304, 0
1, 152, 0
1, 673, 0
1, 216, 0
1, 366, 0
1, 116, 0
1, 1070, 0
1, 368, 0
1, 258, 0
1, 352, 0
1, 274, 0
0, 185, 0
1, 1049, 0
0, 566, 0
1, 63, 0
1, 379, 1
1, 589, 1
1, 411, 0
1, 375, 0
1, 159, 0
1, 391, 0
0, 5201, 1
1, 397, 0
1, 476, 0
1, 589, 0
1, 426, 0
1, 275, 0
1, 54, 0
1, 344, 0
1, 365, 1
1, 4418, 0
1, 783, 0
1, 2543, 0
1, 107, 0
1, 285, 0
1, 206, 0
1, 202, 0
1, 605, 0
1, 376, 0
1, 468, 0
1, 79, 0
1, 136, 0
1, 148, 0
1, 82, 0
1, 528, 0
1, 107, 0
1, 587, 0
1, 387, 0
0, 944, 1
1, 394, 0
1, 1161, 0
1, 339, 0
1, 206, 0
1, 82, 0
1, 122, 0
1, 128, 1
1, 521, 0
1, 200, 0
0, 1599, 1
0, 1134, 1
1, 297, 0
1, 335, 0
0, 419, 0
1, 251, 0
1, 372, 0
1, 390, 0
1, 405, 0
1, 398, 0
1, 92, 0
1, 391, 0
1, 155, 0
1, 589, 0
0, 431, 1
1, 209, 0
1, 100, 0
1, 447, 0
1, 362, 0
0, 214, 0
1, 549, 0
1, 349, 0
1, 510, 0
1, 168, 0
1, 420, 0
0, 201, 0
1, 135, 0
1, 215, 0
1, 117, 0
1, 469, 0
1, 412, 0
1, 286, 0
1, 340, 0
1, 466, 0
1, 539, 0
0, 181, 1
0, 208, 0
1, 401, 1
1, 345, 0
0, 47, 0
1, 272, 0
1, 438, 0
1, 408, 0
1, 108, 0
1, 112, 0
1, 199, 0
1, 129, 0
