0, 99, 0
1, 66, 0
0, 98, 0
0, 179, 0
0, 178, 0
0, 147, 1
0, 191, 0
0, 113, 0
0, 248, 0
0, 348, 1
0, 160, 0
0, 95, 0
0, 96, 0
0, 150, 0
0, 100, 0
0, 163, 0
0, 95, 0
0, 96, 0
0, 103, 0
0, 102, 0
0, 167, 0
0, 96, 0
0, 97, 0
0, 96, 0
0, 177, 1
0, 174, 0
0, 288, 0
0, 496, 1
0, 191, 0
0, 97, 1
0, 180, 0
0, 188, 0
0, 186, 0
0, 294, 0
0, 104, 0
0, 183, 0
0, 101, 0
0, 178, 0
0, 100, 0
0, 144, 0
0, 101, 1
0, 103, 0
0, 93, 0
0, 164, 0
0, 159, 0
0, 162, 0
0, 175, 0
0, 149, 0
0, 159, 0
0, 99, 0
0, 190, 0
0, 142, 0
0, 197, 1
0, 99, 1
0, 96, 0
0, 162, 0
0, 95, 0
0, 97, 0
0, 102, 0
0, 263, 0
0, 100, 0
0, 106, 0
0, 174, 0
0, 172, 0
0, 101, 0
0, 95, 0
0, 415, 0
0, 148, 0
0, 94, 0
0, 151, 0
0, 184, 0
0, 174, 0
1, 53, 0
0, 100, 0
0, 201, 0
0, 94, 0
0, 156, 0
0, 218, 0
0, 182, 0
0, 103, 0
0, 146, 0
0, 110, 0
0, 102, 0
0, 309, 0
0, 191, 0
0, 228, 0
0, 99, 0
0, 95, 0
0, 194, 0
0, 178, 0
0, 149, 0
0, 212, 0
0, 187, 0
0, 97, 1
0, 174, 0
0, 144, 0
0, 97, 0
0, 176, 0
0, 163, 0
0, 223, 0
0, 143, 0
0, 187, 0
0, 103, 0
0, 144, 0
0, 166, 0
0, 174, 1
0, 260, 0
0, 145, 0
1, 272, 0
0, 182, 0
0, 212, 0
0, 95, 0
0, 176, 0
0, 197, 0
0, 156, 0
0, 141, 0
0, 155, 1
0, 423, 0
0, 100, 0
0, 180, 0
0, 156, 1
0, 161, 1
0, 162, 0
0, 99, 0
0, 111, 0
0, 176, 1
0, 348, 0
0, 175, 0
0, 168, 0
0, 175, 0
0, 276, 0
0, 169, 0
0, 317, 0
0, 93, 0
0, 432, 0
0, 175, 0
0, 431, 0
0, 201, 0
0, 319, 0
0, 178, 1
0, 176, 0
0, 194, 0
0, 282, 0
0, 182, 0
0, 169, 0
0, 181, 0
0, 338, 0
0, 94, 0
0, 146, 0
0, 103, 0
1, 75, 0
0, 141, 0
0, 269, 0
1, 238, 0
0, 99, 0
0, 170, 1
0, 179, 0
0, 159, 0
0, 188, 0
0, 397, 0
1, 165, 0
0, 179, 0
0, 178, 0
0, 234, 0
0, 177, 0
0, 551, 0
0, 153, 0
0, 233, 0
0, 199, 0
0, 162, 0
0, 154, 1
0, 178, 0
0, 148, 0
0, 186, 1
0, 160, 0
0, 156, 0
0, 161, 0
0, 140, 0
0, 347, 0
0, 102, 0
0, 187, 0
0, 149, 0
0, 136, 0
0, 103, 0
0, 140, 0
0, 177, 0
0, 520, 0
0, 200, 0
0, 141, 0
0, 501, 0
0, 175, 0
1, 53, 0
0, 448, 0
0, 527, 1
0, 192, 0
0, 219, 0
0, 176, 1
0, 141, 0
0, 703, 0
0, 204, 0
0, 736, 0
0, 231, 0
0, 204, 0
0, 441, 0
0, 215, 0
0, 443, 0
1, 99, 0
0, 271, 0
0, 517, 0
0, 167, 0
0, 202, 0
1, 94, 0
1, 157, 0
0, 183, 0
0, 300, 0
0, 410, 0
0, 168, 0
0, 307, 0
0, 687, 0
1, 252, 0
0, 185, 0
0, 116, 0
0, 167, 0
0, 384, 0
0, 583, 0
0, 271, 0
1, 188, 0
0, 248, 0
0, 178, 0
0, 512, 0
0, 164, 0
0, 174, 0
0, 216, 0
0, 436, 0
0, 151, 0
1, 54, 0
0, 1915, 0
0, 821, 0
0, 961, 0
0, 262, 0
0, 1793, 0
0, 150, 0
1, 155, 0
0, 906, 0
0, 329, 0
1, 266, 0
0, 346, 0
0, 1159, 0
1, 1139, 0
0, 419, 0
0, 509, 0
1, 785, 0
0, 1830, 0
0, 404, 0
1, 100, 0
1, 108, 0
0, 528, 1
0, 519, 0
0, 498, 0
1, 557, 0
0, 846, 0
1, 245, 0
1, 11, 0
0, 842, 0
1, 640, 0
0, 677, 0
0, 722, 0
0, 306, 0
0, 1128, 0
0, 357, 0
0, 187, 0
0, 658, 0
1, 336, 0
0, 97, 0
1, 505, 0
0, 890, 0
0, 174, 0
1, 1004, 0
0, 591, 0
0, 421, 0
0, 193, 0
0, 943, 0
0, 1403, 0
1, 97, 0
0, 407, 0
0, 639, 0
0, 1087, 0
1, 129, 0
1, 432, 0
0, 2640, 0
1, 328, 0
0, 359, 0
0, 747, 0
0, 4250, 0
0, 352, 0
0, 469, 0
0, 462, 0
1, 304, 0
0, 652, 0
1, 365, 0
0, 779, 0
1, 127, 0
1, 1659, 0
1, 976, 0
1, 503, 0
0, 480, 0
0, 1982, 1
1, 636, 0
1, 1405, 0
0, 361, 0
1, 1452, 0
1, 1267, 0
1, 242, 0
0, 345, 0
1, 176, 0
1, 112, 0
0, 2691, 1
0, 1294, 0
1, 542, 0
1, 8, 0
1, 112, 0
0, 2848, 0
0, 2241, 0
1, 578, 0
0, 523, 0
1, 364, 0
1, 263, 0
1, 547, 1
1, 182, 0
1, 83, 0
1, 211, 0
0, 646, 0
1, 242, 0
1, 92, 0
1, 892, 0
0, 378, 0
1, 837, 0
1, 121, 0
1, 471, 0
1, 329, 0
1, 64, 0
1, 1024, 0
1, 1122, 0
1, 512, 0
0, 212, 0
0, 225, 0
1, 381, 0
1, 158, 0
1, 92, 0
1, 319, 0
1, 581, 0
0, 857, 0
1, 362, 0
1, 319, 0
1, 300, 0
1, 441, 0
0, 389, 0
0, 358, 0
1, 197, 0
0, 799, 0
0, 732, 0
0, 164, 0
0, 647, 0
0, 1046, 1
1, 735, 0
0, 584, 0
1, 349, 0
1, 237, 0
1, 289, 1
0, 303, 0
0, 453, 0
1, 2631, 0
1, 119, 0
1, 661, 0
0, 226, 1
1, 208, 0
1, 124, 1
1, 126, 0
1, 512, 1
0, 2742, 1
0, 1704, 1
0, 1073, 0
1, 325, 0
1, 227, 0
1, 130, 0
1, 731, 1
0, 1930, 0
1, 306, 0
1, 933, 0
1, 1453, 0
1, 162, 0
0, 394, 0
1, 526, 0
0, 352, 0
1, 65, 0
1, 285, 0
1, 334, 0
1, 133, 1
1, 268, 0
1, 149, 0
1, 790, 0
1, 767, 1
1, 383, 0
1, 448, 0
0, 408, 0
1, 236, 0
1, 520, 0
0, 713, 0
1, 742, 0
0, 2482, 1
1, 103, 0
1, 70, 0
1, 787, 0
1, 493, 0
1, 305, 0
1, 480, 0
1, 266, 1
1, 368, 0
1, 378, 0
1, 577, 0
1, 364, 0
1, 2399, 0
0, 3899, 1
1, 408, 0
1, 375, 0
1, 603, 0
1, 129, 0
1, 47, 0
1, 224, 0
1, 1837, 0
1, 609, 0
1, 206, 1
1, 829, 0
1, 296, 0
1, 697, 0
1, 121, 0
1, 164, 0
1, 139, 0
1, 41, 0
1, 255, 0
1, 231, 0
0, 160, 0
0, 2641, 1
1, 651, 0
1, 515, 0
0, 460, 0
1, 284, 0
1, 1738, 0
1, 100, 0
1, 154, 0
1, 76, 0
1, 320, 0
0, 189, 0
1, 477, 0
1, 292, 0
1, 83, 0
1, 1722, 0
1, 164, 0
1, 84, 1
1, 298, 0
1, 486, 0
1, 279, 0
1, 120, 0
1, 279, 0
1, 568, 0
1, 398, 0
1, 233, 0
0, 418, 0
1, 130, 0
1, 164, 0
1, 156, 0
1, 52, 0
1, 278, 0
1, 186, 0
1, 331, 0
1, 92, 0
1, 313, 0
1, 193, 0
1, 141, 0
1, 680, 0
1, 59, 0
1, 893, 0
1, 34, 0
1, 524, 1
1, 308, 0
1, 178, 0
1, 89, 0
1, 1208, 0
1, 492, 0
1, 117, 0
1, 136, 0
0, 291, 1
1, 176, 0
0, 216, 0
1, 120, 0
1, 98, 0
1, 185, 0
0, 147, 0
1, 172, 0
1, 107, 0
1, 193, 1
1, 736, 0
1, 135, 1
1, 205, 0
0, 281, 0
0, 252, 0
1, 650, 0
0, 212, 0
0, 262, 0
1, 228, 0
1, 466, 0
1, 149, 1
1, 560, 0
1, 95, 0
1, 94, 0
0, 1099, 1
0, 260, 0
1, 359, 0
1, 452, 0
0, 238, 0
0, 744, 0
0, 254, 0
0, 1009, 1
1, 36, 0
0, 723, 0
1, 489, 0
1, 1070, 0
1, 189, 0
1, 329, 0
1, 506, 0
0, 271, 0
1, 660, 0
0, 275, 0
0, 239, 0
1, 192, 0
0, 252, 0
1, 241, 0
1, 205, 0
0, 255, 0
1, 388, 0
0, 312, 0
1, 423, 0
1, 187, 0
0, 249, 0
0, 346, 1
0, 219, 0
1, 512, 1
0, 265, 0
0, 260, 0
0, 694, 0
1, 623, 0
1, 50, 0
1, 324, 0
0, 210, 0
1, 100, 0
1, 171, 0
1, 389, 0
0, 238, 0
1, 294, 0
0, 268, 0
0, 184, 0
1, 296, 0
0, 618, 0
0, 560, 0
1, 953, 0
1, 102, 0
1, 503, 0
1, 437, 0
1, 182, 0
1, 510, 0
0, 217, 0
0, 800, 0
1, 157, 0
1, 198, 0
1, 125, 0
0, 221, 0
1, 649, 0
0, 212, 0
0, 1393, 0
1, 481, 0
1, 188, 1
1, 136, 0
0, 258, 0
1, 106, 0
1, 513, 0
0, 416, 0
0, 218, 0
0, 221, 0
0, 187, 0
1, 154, 0
1, 384, 0
1, 417, 0
1, 90, 0
1, 424, 0
1, 546, 0
1, 231, 0
0, 249, 0
1, 301, 0
1, 987, 0
1, 903, 0
1, 154, 0
1, 526, 0
1, 555, 0
0, 291, 0
0, 718, 0
1, 345, 0
1, 101, 0
1, 735, 0
0, 300, 1
1, 447, 0
1, 210, 0
1, 715, 0
1, 72, 0
0, 225, 0
1, 336, 0
1, 137, 0
0, 48, 0
0, 239, 1
1, 192, 0
1, 684, 0
1, 343, 0
1, 1452, 0
1, 328, 0
1, 146, 0
0, 559, 0
1, 137, 0
1, 1135, 0
0, 224, 1
0, 575, 0
0, 368, 0
1, 467, 0
1, 546, 1
1, 524, 0
1, 394, 0
0, 208, 0
0, 721, 0
0, 346, 0
1, 389, 0
1, 1073, 0
0, 205, 0
1, 130, 0
0, 1046, 1
1, 134, 0
1, 539, 0
0, 693, 0
1, 279, 0
1, 228, 0
1, 331, 0
0, 605, 0
1, 268, 1
1, 169, 0
0, 199, 0
1, 18, 0
1, 80, 0
1, 477, 0
1, 225, 0
1, 358, 0
1, 394, 0
1, 120, 0
1, 649, 0
1, 105, 0
1, 305, 0
1, 299, 0
1, 394, 0
0, 194, 0
1, 93, 0
1, 199, 0
1, 324, 0
0, 186, 1
1, 212, 0
1, 118, 0
1, 145, 0
1, 91, 1
1, 148, 0
0, 565, 0
1, 789, 0
1, 131, 0
0, 216, 0
1, 422, 0
1, 359, 0
1, 346, 1
1, 973, 0
1, 562, 0
1, 269, 0
1, 357, 0
1, 213, 1
0, 230, 0
0, 217, 0
0, 786, 1
1, 185, 0
0, 2539, 1
1, 122, 0
1, 333, 0
1, 158, 0
0, 411, 1
1, 113, 0
1, 355, 0
0, 220, 0
1, 452, 0
1, 154, 0
1, 294, 0
1, 195, 0
1, 117, 0
0, 567, 0
1, 131, 0
1, 399, 0
1, 128, 0
1, 189, 1
1, 46, 0
1, 144, 0
0, 517, 1
1, 148, 1
0, 238, 0
1, 102, 0
1, 240, 0
1, 153, 1
1, 191, 0
1, 172, 0
0, 2770, 1
1, 470, 0
1, 847, 0
1, 173, 1
0, 787, 0
0, 351, 0
1, 222, 0
1, 620, 0
1, 462, 0
1, 445, 1
0, 364, 0
1, 187, 0
0, 184, 0
0, 265, 0
0, 414, 0
1, 97, 0
1, 491, 1
1, 317, 0
0, 2873, 0
1, 306, 0
1, 470, 1
0, 223, 1
1, 200, 0
1, 322, 0
1, 106, 0
1, 402, 0
0, 162, 0
1, 303, 0
1, 215, 0
1, 777, 0
0, 3728, 1
0, 1885, 0
1, 264, 0
1, 176, 1
1, 620, 0
1, 114, 1
1, 219, 0
0, 631, 0
1, 146, 0
1, 344, 0
1, 310, 0
1, 536, 1
1, 105, 0
0, 1078, 1
1, 310, 0
1, 470, 0
1, 117, 0
1, 108, 0
0, 1344, 1
0, 1571, 0
1, 218, 0
1, 462, 0
1, 286, 0
1, 880, 0
0, 217, 0
1, 147, 0
1, 191, 1
1, 41, 0
1, 358, 0
1, 376, 0
1, 1145, 0
0, 1025, 1
1, 196, 0
1, 90, 0
1, 400, 0
1, 107, 0
1, 502, 0
1, 391, 0
0, 1281, 0
1, 82, 0
1, 120, 0
1, 88, 0
0, 193, 0
0, 219, 0
1, 146, 0
1, 385, 0
0, 1239, 0
1, 921, 0
1, 808, 0
1, 480, 0
1, 583, 0
1, 109, 0
1, 145, 0
1, 171, 0
1, 334, 0
0, 1309, 1
1, 130, 0
0, 204, 1
1, 13, 0
1, 496, 0
1, 113, 0
1, 345, 0
1, 305, 0
1, 213, 0
0, 736, 1
1, 316, 0
0, 277, 1
0, 2045, 1
1, 257, 0
1, 354, 0
1, 169, 0
1, 185, 1
0, 1114, 0
1, 283, 0
1, 489, 1
1, 178, 0
1, 102, 0
1, 380, 1
0, 1873, 0
1, 110, 1
1, 201, 0
1, 71, 0
0, 364, 0
1, 307, 0
1, 333, 0
0, 1400, 1
1, 88, 0
0, 2218, 0
1, 65, 0
1, 411, 0
1, 337, 0
1, 287, 1
1, 354, 0
1, 315, 0
1, 168, 0
0, 377, 0
1, 6, 0
1, 103, 0
1, 896, 1
1, 151, 0
1, 440, 0
1, 298, 1
1, 377, 1
1, 226, 0
1, 52, 0
1, 126, 0
1, 287, 0
1, 120, 0
0, 231, 0
1, 317, 0
1, 119, 0
0, 50, 0
1, 447, 0
1, 2047, 1
1, 113, 0
0, 407, 0
0, 172, 0
1, 395, 0
1, 293, 0
1, 1726, 0
1, 277, 0
1, 195, 1
1, 221, 0
1, 622, 0
1, 344, 0
0, 375, 1
1, 84, 0
1, 375, 0
1, 277, 0
1, 146, 0
0, 1628, 1
1, 173, 0
0, 3727, 1
1, 442, 0
1, 129, 0
1, 315, 0
0, 1104, 1
1, 187, 0
1, 411, 0
1, 263, 0
1, 124, 0
1, 177, 0
1, 135, 0
1, 290, 0
1, 302, 0
1, 1211, 0
1, 261, 0
1, 146, 0
1, 305, 0
1, 154, 0
1, 40, 0
1, 88, 0
1, 171, 0
1, 248, 0
0, 481, 1
1, 1315, 0
1, 635, 0
1, 89, 0
1, 161, 0
0, 1279, 1
1, 250, 0
1, 103, 1
0, 1263, 0
1, 174, 0
1, 1, 0
1, 127, 0
1, 329, 0
1, 406, 0
1, 1074, 0
1, 398, 0
1, 363, 0
1, 457, 0
1, 209, 0
0, 413, 1
1, 321, 0
1, 94, 0
1, 335, 0
1, 206, 0
1, 234, 0
0, 480, 0
0, 377, 0
1, 177, 0
1, 113, 1
1, 399, 0
1, 420, 0
1, 527, 0
1, 2958, 0
1, 353, 0
1, 112, 0
1, 189, 0
1, 256, 1
1, 369, 0
0, 306, 0
1, 136, 0
1, 478, 0
1, 71, 1
1, 95, 0
1, 269, 0
1, 465, 0
0, 970, 0
1, 429, 0
1, 125, 0
1, 467, 1
1, 571, 0
0, 241, 0
1, 537, 1
1, 292, 0
1, 381, 0
1, 175, 0
0, 239, 0
1, 141, 1
1, 415, 0
0, 1530, 1
1, 415, 0
1, 82, 0
1, 93, 0
1, 202, 0
1, 373, 0
1, 357, 0
0, 662, 1
1, 861, 0
0, 475, 0
1, 473, 0
1, 46, 0
1, 99, 0
1, 477, 0
1, 115, 0
1, 386, 0
0, 204, 0
1, 55, 0
1, 203, 0
0, 226, 0
1, 2313, 0
1, 407, 0
1, 410, 0
0, 191, 0
0, 1142, 0
0, 207, 0
1, 679, 0
1, 485, 1
1, 196, 0
0, 213, 0
1, 474, 0
1, 182, 0
1, 184, 0
1, 123, 0
1, 290, 0
1, 315, 0
0, 238, 0
0, 182, 0
0, 205, 0
1, 166, 0
1, 390, 0
0, 967, 1
1, 194, 0
1, 459, 0
0, 270, 0
1, 140, 0
0, 513, 1
1, 402, 0
1, 401, 0
1, 371, 0
1, 385, 0
1, 58, 0
1, 1136, 0
1, 387, 0
1, 559, 0
1, 553, 0
0, 3060, 1
1, 358, 0
1, 335, 0
1, 271, 0
1, 346, 0
1, 117, 0
1, 378, 0
1, 93, 0
1, 181, 0
1, 72, 0
1, 230, 0
0, 203, 0
1, 201, 0
1, 141, 0
1, 84, 0
0, 205, 0
1, 53, 0
1, 543, 0
1, 391, 0
1, 174, 0
1, 332, 1
1, 148, 0
1, 71, 0
1, 409, 0
1, 277, 0
1, 410, 0
1, 70, 0
1, 474, 0
1, 286, 1
1, 94, 0
1, 207, 0
1, 325, 0
1, 357, 0
1, 966, 0
1, 432, 1
1, 524, 0
1, 79, 0
1, 199, 0
1, 425, 0
1, 600, 1
1, 159, 0
1, 293, 0
1, 202, 0
1, 289, 0
1, 288, 0
1, 156, 0
1, 137, 0
1, 121, 0
1, 440, 0
1, 622, 0
1, 235, 0
0, 209, 0
0, 548, 0
1, 442, 0
1, 345, 0
1, 351, 0
1, 176, 0
0, 50, 0
0, 200, 0
1, 166, 0
1, 431, 0
1, 113, 0
1, 112, 0
1, 116, 0
1, 318, 0
1, 955, 0
0, 2891, 1
1, 211, 1
1, 196, 0
1, 349, 0
1, 270, 0
0, 663, 1
1, 184, 0
1, 169, 0
1, 210, 0
1, 616, 0
1, 501, 0
1, 393, 0
1, 447, 0
1, 336, 0
1, 720, 0
1, 47, 1
1, 1413, 1
1, 531, 0
0, 168, 0
1, 409, 0
1, 376, 0
1, 211, 1
1, 461, 1
1, 335, 0
1, 120, 0
1, 324, 0
1, 696, 0
1, 601, 0
1, 397, 0
1, 214, 0
0, 1353, 1
1, 487, 0
1, 16, 1
1, 148, 0
0, 171, 0
1, 462, 0
1, 368, 0
1, 366, 1
0, 262, 0
1, 658, 0
1, 132, 0
1, 279, 0
1, 336, 0
1, 303, 0
0, 1995, 1
1, 248, 0
1, 72, 0
1, 107, 0
1, 221, 0
1, 250, 0
1, 499, 0
1, 344, 0
1, 405, 0
1, 128, 0
0, 381, 0
1, 333, 1
1, 391, 0
1, 395, 0
1, 3888, 0
1, 469, 0
1, 196, 0
1, 324, 0
1, 843, 0
0, 178, 0
1, 502, 0
0, 367, 1
1, 106, 0
0, 428, 0
1, 3815, 1
0, 190, 1
0, 181, 0
1, 201, 0
1, 107, 0
1, 90, 0
0, 1435, 1
1, 196, 0
1, 230, 0
1, 889, 0
1, 507, 0
1, 109, 0
1, 210, 0
1, 220, 0
1, 331, 0
1, 121, 0
1, 250, 0
1, 1560, 0
1, 137, 0
0, 241, 0
1, 115, 0
1, 135, 0
1, 517, 0
1, 162, 0
1, 447, 1
1, 199, 0
1, 447, 0
1, 91, 0
1, 215, 0
1, 677, 0
1, 93, 0
1, 118, 0
0, 471, 1
1, 5, 0
1, 71, 0
1, 417, 0
0, 1224, 1
0, 1085, 1
1, 110, 0
1, 562, 0
0, 55, 0
1, 107, 0
1, 176, 0
1, 439, 0
1, 31, 0
1, 494, 0
1, 174, 0
1, 291, 0
1, 454, 0
1, 81, 0
1, 398, 0
1, 206, 0
1, 387, 0
1, 236, 0
1, 234, 1
0, 206, 0
1, 338, 0
1, 155, 0
1, 419, 0
1, 627, 0
1, 430, 0
1, 399, 0
1, 60, 0
0, 48, 0
1, 174, 0
1, 1085, 0
1, 220, 0
1, 150, 0
1, 329, 0
0, 258, 0
0, 392, 0
0, 1566, 1
1, 330, 0
1, 142, 0
1, 104, 0
1, 681, 1
1, 196, 0
0, 1701, 1
1, 304, 0
1, 402, 0
1, 932, 1
1, 2674, 0
1, 366, 1
1, 472, 1
1, 121, 0
0, 3120, 1
1, 505, 0
1, 47, 0
0, 6231, 0
1, 314, 1
1, 342, 0
1, 521, 0
1, 452, 0
1, 290, 0
1, 106, 0
1, 482, 0
1, 123, 0
1, 184, 1
1, 532, 0
1, 354, 0
1, 1094, 0
1, 283, 0
1, 305, 1
1, 325, 0
1, 140, 0
1, 333, 0
1, 447, 0
1, 386, 0
0, 262, 1
1, 29, 0
0, 1649, 1
1, 374, 0
1, 192, 0
1, 92, 0
1, 1042, 0
1, 648, 0
1, 341, 0
1, 417, 0
1, 398, 0
1, 289, 1
1, 188, 0
1, 128, 0
1, 72, 0
1, 202, 0
1, 182, 0
1, 8, 0
1, 345, 0
1, 379, 0
1, 345, 0
1, 159, 0
0, 1250, 1
1, 242, 0
1, 427, 0
1, 87, 0
1, 338, 0
1, 3241, 0
1, 233, 1
1, 450, 0
1, 355, 0
1, 245, 0
1, 437, 0
1, 305, 0
1, 285, 1
1, 453, 0
0, 1562, 1
1, 209, 0
1, 54, 0
1, 128, 0
1, 101, 0
1, 441, 0
1, 277, 0
1, 381, 0
1, 212, 0
0, 1135, 1
1, 348, 0
1, 291, 0
1, 268, 0
1, 139, 0
1, 327, 1
1, 166, 0
1, 404, 0
1, 553, 0
1, 286, 0
1, 658, 0
1, 230, 0
1, 1034, 0
0, 208, 0
0, 179, 0
0, 222, 0
0, 216, 0
1, 336, 1
1, 71, 0
1, 73, 0
1, 449, 0
1, 172, 0
1, 138, 1
1, 201, 1
1, 13822, 0
0, 2923, 1
1, 263, 0
1, 274, 0
1, 364, 0
1, 3126, 0
1, 268, 0
1, 1, 0
1, 446, 0
1, 441, 0
1, 145, 0
1, 384, 1
1, 367, 0
1, 384, 0
1, 415, 1
0, 46, 0
1, 17, 0
0, 282, 0
1, 397, 0
1, 201, 0
1, 363, 0
1, 311, 0
1, 36, 0
1, 602, 0
1, 913, 0
1, 137, 0
1, 699, 0
1, 454, 0
0, 48, 0
1, 443, 1
0, 564, 1
1, 466, 0
1, 36, 0
1, 224, 0
1, 419, 0
1, 218, 0
1, 442, 0
1, 863, 0
1, 217, 0
0, 1808, 0
1, 122, 0
1, 310, 0
1, 193, 0
1, 284, 0
1, 254, 0
1, 412, 0
1, 236, 0
1, 111, 0
1, 730, 0
1, 79, 0
1, 591, 0
1, 124, 0
1, 126, 1
1, 501, 0
1, 280, 0
1, 8526, 0
1, 357, 0
1, 489, 0
1, 462, 0
1, 408, 1
1, 433, 0
1, 108, 0
1, 6461, 0
1, 105, 0
1, 310, 0
1, 332, 0
1, 163, 0
1, 148, 0
1, 392, 0
1, 155, 1
1, 117, 0
0, 15255, 1
1, 521, 0
1, 383, 0
1, 498, 0
1, 806, 0
1, 349, 0
1, 118, 0
1, 172, 0
0, 233, 0
1, 6283, 0
1, 329, 0
1, 161, 0
1, 110, 0
1, 214, 0
0, 3139, 1
1, 366, 0
1, 1246, 0
1, 412, 0
1, 198, 0
1, 154, 1
1, 317, 0
1, 161, 0
1, 459, 0
1, 130, 0
1, 263, 0
1, 123, 0
1, 306, 0
1, 165, 0
1, 812, 0
1, 424, 0
1, 113, 0
1, 420, 0
1, 9244, 0
1, 1659, 0
1, 483, 0
1, 344, 0
1, 250, 0
1, 14621, 0
1, 382, 0
1, 149, 0
1, 271, 0
1, 671, 0
1, 1272, 0
1, 522, 0
1, 484, 1
1, 4202, 0
1, 501, 0
0, 55, 0
1, 104, 0
0, 212, 0
1, 368, 0
1, 542, 0
1, 27, 0
1, 113, 0
1, 421, 0
1, 307, 0
1, 91, 0
1, 428, 0
1, 32, 1
1, 414, 1
1, 185, 0
1, 156, 0
1, 156, 0
1, 721, 0
1, 328, 0
1, 83, 0
1, 174, 1
1, 223, 0
1, 108, 0
1, 343, 0
0, 251, 1
1, 428, 0
1, 593, 1
1, 377, 1
1, 247, 0
0, 307, 0
1, 586, 0
0, 129, 0
0, 108, 0
0, 204, 0
0, 72, 1
1, 442, 0
1, 173, 0
1, 69, 0
1, 12, 0
1, 560, 0
1, 66, 0
0, 190, 0
1, 68, 0
1, 15, 0
1, 173, 1
1, 284, 0
0, 132, 0
1, 435, 1
1, 460, 0
1, 26, 0
1, 411, 0
1, 266, 0
1, 956, 0
0, 392, 0
0, 862, 1
0, 103, 0
1, 93, 0
1, 185, 0
1, 80, 0
1, 432, 0
0, 33, 0
0, 33, 0
0, 35, 1
0, 38, 0
0, 237, 0
1, 72, 0
1, 27, 1
0, 1, 0
0, 1, 0
0, 1, 1
0, 1, 0
0, 1, 0
0, 1, 0
0, 1, 0
0, 1, 1
0, 1, 0
0, 1, 0
0, 1, 0
0, 1, 0
0, 1, 0
0, 1, 0
0, 1, 0
0, 1, 0
0, 1, 0
1, 922, 0
0, 179, 0
0, 60, 0
0, 56, 0
1, 573, 0
1, 143, 0
1, 115, 0
1, 269, 0
1, 264, 0
1, 434, 0
1, 169, 0
1, 174, 0
1, 140, 0
1, 311, 0
1, 395, 0
1, 1000, 0
0, 94, 1
0, 95, 0
1, 355, 0
1, 574, 0
1, 210, 0
0, 162, 0
1, 59, 0
1, 105, 0
0, 313, 1
0, 191, 0
1, 334, 0
1, 106, 0
1, 279, 0
1, 448, 0
0, 183, 0
1, 216, 1
1, 92, 1
1, 504, 0
1, 307, 0
1, 248, 0
1, 121, 0
1, 206, 0
1, 339, 0
0, 70, 0
0, 80, 0
0, 68, 0
1, 188, 0
1, 420, 0
1, 344, 0
1, 179, 0
0, 301, 0
1, 167, 0
0, 14, 0
0, 14, 0
0, 14, 0
0, 14, 0
1, 351, 0
0, 25, 0
0, 30, 0
0, 34, 0
0, 37, 0
0, 40, 0
0, 43, 0
1, 340, 1
1, 803, 0
1, 446, 0
0, 371, 0
0, 43, 0
0, 42, 0
0, 42, 1
1, 120, 0
1, 112, 0
1, 221, 0
1, 177, 0
0, 159, 0
1, 118, 0
1, 477, 0
1, 369, 1
1, 130, 0
1, 405, 0
1, 193, 0
0, 135, 0
0, 54, 1
1, 209, 0
0, 15, 0
0, 5, 0
0, 5, 0
0, 5, 0
0, 5, 0
0, 5, 0
0, 5, 0
0, 5, 0
0, 5, 0
0, 6, 0
0, 6, 0
0, 6, 0
0, 6, 0
1, 414, 0
0, 91, 0
1, 579, 0
1, 291, 0
0, 179, 0
1, 432, 0
1, 268, 0
0, 615, 1
0, 1, 0
0, 1, 0
0, 1, 0
0, 1, 0
0, 1, 0
0, 1, 0
0, 1, 0
1, 460, 0
1, 972, 0
0, 331, 1
1, 22, 0
1, 453, 0
0, 205, 0
1, 198, 0
0, 181, 1
1, 165, 0
1, 869, 1
1, 420, 0
1, 240, 1
1, 492, 0
1, 203, 0
1, 43, 0
1, 250, 0
1, 188, 0
0, 53, 0
1, 220, 0
1, 452, 0
1, 476, 1
1, 105, 0
1, 337, 0
0, 486, 0
0, 848, 1
1, 394, 0
0, 262, 0
0, 53, 0
0, 10, 0
0, 10, 0
0, 12, 0
0, 12, 0
0, 12, 0
1, 445, 0
0, 44, 1
0, 48, 0
1, 23, 0
0, 50, 0
1, 196, 0
1, 275, 0
0, 206, 0
1, 362, 0
1, 441, 0
1, 188, 0
1, 348, 0
1, 426, 0
0, 60, 0
1, 459, 0
1, 655, 0
1, 407, 1
1, 478, 1
0, 4404, 0
1, 236, 1
1, 476, 0
0, 117, 0
0, 114, 1
0, 47, 0
1, 136, 0
1, 310, 0
1, 300, 0
1, 314, 0
1, 437, 0
0, 247, 1
1, 467, 0
0, 225, 0
1, 143, 0
1, 157, 0
0, 432, 0
0, 10, 0
0, 5, 0
0, 5, 0
0, 5, 0
0, 5, 0
0, 5, 0
0, 5, 0
0, 5, 0
0, 5, 0
1, 338, 0
0, 2287, 1
0, 194, 0
1, 123, 0
1, 201, 0
1, 248, 0
1, 372, 0
1, 30, 0
1, 222, 0
0, 96, 0
0, 126, 0
0, 176, 0
0, 118, 0
0, 369, 1
1, 23, 0
1, 230, 0
1, 288, 0
1, 242, 0
1, 179, 0
0, 544, 1
1, 389, 0
1, 110, 0
0, 121, 0
0, 289, 0
0, 45, 0
1, 983, 0
0, 343, 0
1, 89, 0
1, 128, 1
1, 492, 0
1, 94, 0
1, 136, 0
1, 184, 0
1, 28, 0
1, 248, 0
0, 344, 0
0, 3013, 1
0, 555, 0
0, 94, 0
1, 306, 0
1, 343, 0
1, 430, 1
0, 520, 0
1, 433, 0
0, 194, 0
1, 292, 0
0, 225, 0
0, 808, 1
1, 493, 0
0, 60, 0
1, 223, 0
1, 140, 0
1, 385, 0
1, 509, 0
1, 352, 0
0, 62, 0
0, 491, 0
1, 319, 1
1, 444, 0
1, 343, 0
1, 387, 0
1, 215, 0
1, 220, 0
1, 264, 1
1, 115, 0
0, 1888, 1
1, 432, 0
1, 378, 0
1, 440, 0
1, 271, 0
1, 259, 0
1, 200, 0
0, 106, 0
0, 1205, 1
0, 259, 0
1, 134, 1
0, 232, 0
1, 232, 0
1, 369, 0
1, 161, 0
1, 416, 0
1, 2, 0
1, 205, 0
1, 76, 0
1, 69, 0
1, 343, 0
0, 33, 1
0, 106, 0
0, 31, 0
0, 35, 0
1, 568, 0
0, 220, 0
1, 361, 0
1, 216, 0
1, 226, 0
1, 24, 0
1, 133, 0
1, 313, 0
1, 123, 0
1, 108, 0
1, 140, 0
1, 1108, 0
1, 361, 0
1, 114, 0
1, 37, 0
0, 415, 0
1, 149, 1
1, 280, 0
1, 120, 0
1, 108, 0
1, 153, 0
1, 286, 0
0, 520, 1
0, 691, 1
1, 94, 1
1, 419, 0
1, 458, 0
1, 374, 0
1, 436, 0
1, 455, 0
1, 238, 0
0, 90, 0
1, 194, 0
1, 78, 0
1, 86, 0
0, 100, 0
1, 943, 0
1, 264, 0
0, 180, 0
0, 191, 0
1, 208, 0
0, 365, 0
1, 377, 0
0, 2482, 1
0, 26, 0
0, 21, 0
0, 19, 0
1, 410, 0
0, 758, 1
1, 303, 0
0, 118, 0
1, 347, 0
1, 408, 0
1, 200, 0
0, 310, 1
0, 92, 0
1, 326, 0
1, 466, 0
1, 925, 0
1, 157, 0
1, 400, 0
1, 53, 0
1, 516, 0
0, 92, 0
1, 198, 0
1, 77, 0
1, 381, 0
0, 4041, 1
1, 128, 0
1, 437, 0
1, 268, 0
1, 306, 0
1, 480, 0
1, 369, 0
0, 2132, 1
1, 327, 0
1, 124, 0
1, 792, 0
1, 99, 1
0, 258, 0
0, 146, 0
1, 118, 0
1, 321, 0
1, 180, 0
1, 202, 0
0, 119, 0
0, 50, 0
1, 425, 1
1, 420, 0
1, 100, 0
0, 162, 0
0, 417, 1
1, 463, 0
1, 547, 0
1, 294, 0
1, 439, 0
1, 341, 0
1, 480, 1
1, 464, 0
1, 353, 0
1, 349, 0
0, 415, 1
1, 155, 0
1, 173, 0
1, 292, 0
1, 212, 0
0, 2414, 1
1, 44, 0
1, 108, 0
1, 100, 1
1, 1302, 0
0, 198, 0
0, 6406, 1
1, 518, 0
1, 156, 0
0, 1686, 1
0, 375, 0
1, 363, 0
1, 474, 0
1, 378, 0
0, 161, 0
0, 251, 0
1, 67, 0
1, 387, 0
1, 456, 0
1, 699, 0
1, 111, 0
1, 340, 0
0, 221, 0
1, 228, 0
0, 105, 0
0, 125, 0
1, 383, 0
0, 272, 0
1, 831, 0
1, 344, 0
0, 433, 1
1, 494, 0
1, 68, 0
1, 230, 0
1, 364, 0
1, 213, 0
1, 100, 0
1, 156, 0
0, 1121, 1
1, 144, 0
0, 339, 0
1, 224, 0
1, 132, 0
1, 129, 0
1, 215, 0
1, 107, 0
1, 813, 1
1, 435, 0
1, 454, 1
1, 214, 0
1, 322, 0
1, 347, 0
1, 145, 0
1, 456, 0
1, 60, 0
1, 436, 0
1, 154, 0
1, 531, 0
1, 105, 0
1, 627, 0
1, 250, 0
1, 179, 0
1, 385, 0
1, 343, 0
1, 131, 0
1, 228, 0
1, 165, 0
1, 702, 0
1, 178, 0
1, 264, 0
0, 65, 0
1, 120, 0
1, 292, 0
1, 97, 0
1, 132, 0
1, 64, 1
1, 130, 0
1, 161, 0
1, 441, 0
0, 107, 0
1, 456, 0
1, 147, 0
1, 408, 0
0, 145, 0
0, 924, 1
0, 103, 0
1, 580, 0
1, 319, 0
1, 228, 1
1, 464, 0
0, 120, 0
1, 481, 1
1, 451, 0
1, 180, 0
1, 122, 0
1, 506, 0
1, 415, 0
0, 94, 0
1, 205, 0
1, 115, 0
0, 242, 0
1, 201, 0
0, 70, 1
1, 439, 0
1, 262, 0
1, 140, 0
0, 200, 0
1, 460, 0
1, 561, 0
1, 217, 0
1, 96, 0
1, 43, 0
1, 594, 0
0, 240, 0
0, 156, 1
1, 408, 0
0, 517, 1
1, 328, 0
1, 359, 0
0, 82, 0
1, 147, 0
1, 245, 0
1, 439, 0
1, 494, 0
1, 438, 0
1, 342, 0
1, 137, 0
1, 355, 0
1, 630, 0
1, 71, 0
1, 383, 0
0, 143, 0
1, 354, 0
1, 270, 0
1, 166, 0
1, 349, 0
1, 160, 0
1, 155, 0
0, 172, 0
1, 129, 0
1, 561, 0
0, 99, 0
1, 579, 0
1, 329, 0
1, 371, 0
1, 97, 0
0, 209, 1
1, 137, 0
1, 483, 1
1, 57, 0
1, 214, 0
0, 29, 0
0, 191, 0
1, 570, 0
1, 157, 0
1, 287, 0
1, 184, 0
0, 275, 0
1, 312, 0
1, 306, 0
0, 218, 0
1, 147, 1
1, 481, 0
1, 287, 0
1, 253, 0
1, 201, 0
1, 371, 1
1, 180, 0
0, 4, 0
0, 50, 0
1, 193, 0
0, 252, 0
0, 82, 0
1, 258, 0
1, 593, 0
1, 462, 1
1, 404, 0
1, 350, 0
1, 194, 0
1, 152, 0
0, 1, 0
0, 37, 0
1, 243, 0
1, 275, 0
1, 154, 0
0, 201, 0
1, 445, 1
0, 232, 0
1, 224, 0
0, 252, 0
1, 200, 0
0, 216, 0
1, 115, 0
0, 66, 0
1, 968, 1
1, 59, 0
1, 193, 0
1, 127, 0
1, 313, 0
0, 512, 1
0, 497, 1
1, 282, 0
1, 322, 0
0, 1759, 1
0, 230, 0
1, 405, 0
1, 85, 0
1, 423, 0
1, 369, 0
1, 185, 0
1, 712, 1
1, 195, 0
1, 489, 0
1, 543, 0
1, 620, 0
1, 436, 0
1, 442, 0
1, 333, 0
0, 265, 1
1, 370, 0
1, 85, 0
1, 136, 0
1, 392, 0
1, 128, 0
0, 4, 0
0, 4, 0
0, 4, 0
0, 3, 0
0, 4, 1
0, 4, 0
0, 3, 0
0, 4, 0
0, 94, 0
0, 29, 0
0, 77, 0
1, 467, 0
1, 449, 0
0, 69, 0
1, 724, 0
1, 575, 0
1, 809, 0
1, 130, 0
1, 102, 0
1, 160, 0
0, 1169, 1
1, 596, 0
1, 309, 0
1, 560, 0
1, 477, 0
1, 429, 0
0, 718, 1
1, 204, 0
1, 1048, 0
1, 405, 0
1, 144, 0
1, 1157, 0
1, 101, 0
1, 402, 1
1, 113, 0
1, 376, 0
1, 119, 0
1, 424, 0
1, 326, 0
1, 285, 0
0, 1289, 1
0, 10, 0
0, 11, 0
0, 12, 0
0, 12, 0
0, 12, 0
1, 328, 0
0, 1, 0
1, 1241, 0
0, 44, 0
1, 90, 1
1, 460, 0
1, 1231, 0
1, 217, 0
0, 69, 0
1, 148, 0
1, 202, 0
0, 337, 0
0, 1, 0
0, 1, 0
0, 1, 0
0, 1, 0
1, 624, 1
1, 321, 0
0, 1743, 1
1, 363, 0
1, 179, 0
1, 484, 0
0, 373, 0
1, 84, 0
1, 352, 0
0, 91, 0
1, 285, 0
1, 237, 0
1, 379, 0
1, 81, 0
1, 544, 0
1, 140, 0
1, 419, 0
1, 143, 0
1, 180, 1
1, 266, 0
1, 435, 0
1, 209, 0
1, 636, 0
1, 108, 0
1, 432, 0
1, 202, 0
1, 291, 0
1, 353, 1
0, 970, 1
1, 194, 0
1, 187, 0
1, 434, 0
1, 191, 0
1, 124, 0
1, 336, 0
0, 8, 0
0, 8, 0
0, 8, 0
0, 8, 0
0, 8, 0
0, 8, 0
0, 8, 0
0, 8, 0
0, 8, 0
0, 8, 0
0, 8, 1
0, 8, 0
0, 8, 0
0, 8, 0
0, 8, 0
0, 8, 0
0, 8, 0
0, 8, 0
0, 8, 0
0, 8, 0
0, 8, 0
0, 8, 0
0, 8, 0
0, 8, 0
0, 8, 0
0, 8, 0
0, 8, 0
0, 8, 0
0, 8, 0
0, 8, 0
0, 8, 0
0, 8, 0
0, 8, 1
0, 11, 0
0, 11, 0
1, 388, 0
1, 161, 0
1, 636, 0
1, 130, 1
1, 338, 0
1, 369, 0
1, 216, 0
1, 531, 0
0, 101, 1
1, 155, 0
1, 302, 0
0, 91, 0
1, 825, 0
1, 313, 0
0, 481, 0
1, 257, 0
1, 354, 0
0, 691, 1
1, 390, 0
1, 344, 0
1, 206, 0
1, 802, 1
1, 402, 0
0, 101, 0
1, 385, 0
1, 186, 0
1, 169, 0
1, 49, 0
1, 125, 0
1, 317, 1
0, 272, 1
1, 335, 0
1, 687, 0
0, 47, 0
1, 117, 0
1, 548, 0
1, 117, 0
1, 324, 0
1, 560, 0
0, 116, 0
1, 252, 0
1, 462, 0
1, 60, 0
1, 118, 0
1, 380, 0
0, 56, 0
0, 39, 0
1, 143, 0
1, 307, 0
1, 194, 0
0, 237, 0
0, 435, 0
1, 441, 0
1, 397, 0
0, 277, 0
1, 409, 0
1, 338, 0
0, 324, 1
1, 329, 0
0, 190, 0
1, 189, 0
0, 115, 0
0, 1114, 0
1, 364, 0
1, 199, 0
1, 968, 0
1, 272, 0
0, 107, 0
1, 392, 1
1, 139, 0
0, 487, 1
1, 168, 0
1, 588, 0
1, 59, 0
1, 201, 0
1, 257, 0
1, 426, 0
0, 13, 0
0, 15, 0
0, 15, 0
1, 192, 0
1, 221, 0
1, 297, 0
0, 1254, 1
1, 430, 0
1, 456, 0
1, 9, 0
1, 131, 0
0, 233, 0
0, 365, 0
0, 369, 0
1, 256, 0
0, 375, 0
1, 427, 1
0, 152, 0
1, 104, 0
0, 2970, 1
1, 265, 0
1, 440, 0
0, 215, 0
1, 119, 0
1, 224, 0
0, 569, 1
1, 472, 0
1, 97, 0
1, 175, 0
0, 542, 0
1, 760, 0
1, 254, 0
1, 183, 0
1, 71, 0
1, 233, 0
1, 416, 0
1, 336, 0
1, 445, 0
1, 252, 0
1, 395, 0
1, 86, 0
1, 132, 0
0, 727, 0
1, 348, 0
1, 367, 0
1, 500, 0
0, 91, 0
1, 436, 1
1, 124, 0
0, 343, 0
1, 463, 0
0, 282, 0
1, 590, 0
1, 487, 1
1, 265, 0
1, 505, 0
1, 180, 0
1, 475, 1
1, 959, 0
1, 325, 0
1, 350, 0
0, 290, 0
0, 205, 0
1, 262, 0
1, 389, 1
1, 203, 0
1, 32, 0
1, 397, 0
0, 1744, 1
1, 332, 0
1, 198, 1
1, 204, 0
1, 159, 0
0, 1, 0
0, 39, 0
0, 61, 0
1, 309, 0
1, 441, 0
1, 154, 1
1, 201, 0
1, 496, 0
1, 362, 1
1, 213, 0
0, 202, 0
1, 241, 0
1, 162, 0
1, 114, 0
1, 316, 0
1, 882, 1
1, 444, 0
1, 132, 0
1, 261, 0
1, 87, 0
1, 501, 0
0, 562, 1
1, 122, 0
1, 1338, 0
1, 579, 0
0, 609, 1
1, 120, 1
1, 243, 0
1, 112, 0
1, 111, 0
1, 1167, 0
1, 392, 0
1, 171, 0
1, 110, 1
1, 149, 0
0, 13, 1
0, 13, 0
1, 200, 0
1, 384, 0
1, 426, 1
1, 217, 0
1, 529, 0
1, 201, 0
1, 159, 0
1, 378, 0
0, 736, 1
1, 580, 0
0, 46, 0
1, 155, 0
0, 532, 0
1, 352, 0
1, 415, 0
1, 436, 0
1, 212, 0
1, 230, 0
1, 163, 0
0, 1194, 0
0, 519, 0
1, 480, 0
1, 1034, 0
1, 500, 0
1, 489, 0
1, 202, 0
1, 144, 0
1, 302, 0
1, 452, 0
1, 258, 0
1, 222, 0
0, 150, 0
1, 337, 0
1, 149, 0
1, 345, 1
1, 407, 0
1, 195, 0
1, 390, 0
1, 503, 0
1, 197, 0
1, 186, 0
1, 332, 0
1, 371, 0
1, 220, 0
1, 108, 0
1, 131, 0
1, 395, 1
1, 58, 0
1, 466, 0
1, 188, 0
1, 443, 0
0, 59, 1
0, 46, 0
1, 1083, 0
0, 209, 0
1, 192, 0
0, 75, 0
1, 154, 0
1, 445, 0
1, 381, 0
1, 2017, 0
1, 211, 0
1, 469, 0
1, 464, 0
1, 270, 1
0, 196, 0
0, 2624, 1
1, 472, 0
1, 820, 0
1, 638, 0
1, 216, 0
0, 230, 0
1, 213, 0
1, 464, 0
1, 229, 0
1, 348, 0
1, 514, 0
1, 394, 0
1, 477, 0
1, 330, 0
1, 1244, 0
1, 335, 0
0, 462, 1
1, 225, 0
1, 498, 0
1, 411, 0
1, 56, 0
1, 127, 0
1, 279, 0
1, 271, 0
1, 560, 0
0, 127, 0
1, 503, 0
0, 199, 0
1, 623, 0
1, 338, 0
1, 191, 0
1, 144, 0
1, 192, 0
1, 239, 0
0, 569, 1
1, 206, 0
0, 1707, 1
1, 467, 1
1, 561, 0
0, 6, 0
0, 6, 0
0, 12, 0
0, 13, 0
0, 12, 0
0, 551, 1
1, 325, 1
0, 55, 0
0, 54, 0
0, 229, 0
1, 460, 0
0, 534, 0
1, 525, 0
0, 48, 0
1, 116, 0
1, 7, 1
1, 314, 0
1, 1630, 0
1, 514, 0
1, 714, 0
1, 344, 0
1, 347, 0
1, 180, 0
1, 518, 0
1, 252, 0
1, 92, 0
1, 466, 0
1, 295, 0
1, 1734, 0
1, 484, 0
1, 823, 0
1, 29, 0
1, 122, 0
1, 195, 0
1, 413, 0
0, 570, 0
0, 211, 0
1, 168, 0
1, 479, 0
1, 444, 0
1, 141, 0
1, 364, 0
1, 319, 0
1, 241, 0
1, 243, 0
1, 502, 0
1, 203, 0
0, 63, 0
1, 327, 0
1, 316, 0
1, 180, 0
1, 128, 0
1, 478, 1
1, 296, 0
1, 386, 0
0, 335, 0
1, 390, 0
0, 964, 1
1, 2700, 0
1, 790, 0
1, 183, 0
1, 183, 0
1, 85, 0
1, 341, 0
1, 227, 0
1, 367, 0
1, 519, 0
1, 620, 0
1, 468, 0
1, 311, 0
1, 431, 0
1, 5687, 0
1, 211, 0
0, 211, 0
1, 160, 0
1, 288, 0
1, 813, 0
1, 140, 0
1, 121, 0
1, 266, 1
1, 317, 0
1, 113, 0
1, 202, 0
0, 200, 0
1, 102, 0
1, 430, 0
1, 110, 0
0, 650, 0
1, 463, 0
1, 486, 0
1, 168, 1
1, 111, 0
1, 512, 0
1, 212, 0
1, 90, 0
1, 447, 0
0, 189, 0
1, 232, 0
1, 445, 0
1, 171, 0
0, 1, 0
1, 332, 1
1, 313, 0
1, 105, 1
1, 451, 1
1, 159, 1
1, 191, 0
1, 57, 0
1, 321, 0
1, 416, 0
1, 298, 0
1, 992, 0
1, 308, 0
0, 110, 0
1, 246, 1
0, 222, 0
0, 987, 1
1, 117, 0
1, 371, 1
1, 492, 0
0, 176, 0
1, 177, 0
1, 422, 0
1, 134, 0
1, 124, 0
1, 344, 0
1, 160, 0
1, 319, 1
1, 144, 0
1, 127, 1
0, 1686, 1
1, 366, 0
1, 562, 0
1, 406, 0
1, 1105, 1
1, 210, 0
1, 23, 0
1, 386, 0
1, 192, 0
1, 199, 0
1, 609, 0
1, 437, 0
1, 319, 0
0, 199, 0
1, 78, 0
1, 78, 0
1, 276, 0
1, 428, 0
1, 597, 0
1, 193, 1
0, 235, 0
0, 234, 1
1, 1011, 0
1, 116, 0
1, 448, 0
1, 685, 0
1, 188, 0
1, 121, 0
1, 321, 0
1, 339, 0
1, 363, 0
1, 282, 0
0, 2445, 1
1, 482, 0
1, 358, 0
1, 448, 0
1, 475, 0
1, 570, 0
1, 405, 0
1, 193, 0
0, 358, 0
1, 145, 0
1, 655, 0
0, 253, 1
1, 395, 0
1, 370, 0
1, 479, 0
1, 410, 0
1, 320, 0
1, 396, 0
1, 124, 0
1, 206, 0
1, 35, 0
1, 457, 0
1, 208, 0
0, 1, 0
1, 127, 0
1, 249, 0
1, 3409, 0
1, 81, 0
1, 413, 0
0, 3129, 1
1, 416, 1
0, 61, 0
1, 454, 0
1, 421, 0
1, 274, 0
1, 435, 0
1, 568, 0
1, 184, 0
1, 67, 1
0, 362, 0
0, 523, 0
0, 150, 0
1, 123, 0
1, 394, 0
0, 453, 0
1, 566, 0
0, 177, 0
1, 317, 0
1, 389, 0
0, 46, 0
0, 30, 0
1, 419, 0
1, 437, 0
0, 43, 0
1, 439, 0
1, 274, 0
1, 210, 0
1, 197, 1
1, 385, 0
1, 448, 0
1, 392, 0
1, 122, 0
1, 387, 0
1, 474, 0
0, 414, 0
0, 732, 0
0, 190, 0
1, 514, 0
1, 573, 0
0, 94, 0
1, 2524, 0
1, 66, 0
1, 1752, 0
1, 159, 0
0, 352, 0
1, 84, 0
1, 60, 0
1, 663, 0
0, 32, 0
0, 128, 0
0, 1597, 1
1, 502, 1
1, 149, 0
1, 223, 0
1, 337, 0
1, 336, 0
1, 332, 0
1, 402, 0
1, 181, 0
1, 141, 0
1, 308, 0
1, 102, 0
1, 138, 0
1, 140, 0
1, 320, 0
1, 494, 0
1, 1376, 0
1, 180, 0
1, 213, 0
1, 582, 0
1, 1046, 0
1, 142, 0
1, 279, 0
0, 30, 0
1, 476, 0
1, 98, 0
1, 122, 0
1, 344, 0
1, 422, 0
1, 117, 0
1, 476, 1
0, 272, 0
1, 334, 0
1, 438, 0
1, 2157, 0
1, 50, 0
1, 285, 0
1, 230, 0
0, 5845, 1
1, 351, 0
1, 334, 0
0, 237, 0
1, 110, 0
1, 366, 1
1, 512, 0
1, 141, 0
1, 809, 0
1, 141, 0
1, 534, 0
1, 146, 0
1, 519, 0
1, 349, 0
0, 125, 0
0, 213, 0
1, 93, 0
1, 240, 0
1, 198, 0
1, 175, 1
0, 2301, 1
1, 189, 0
1, 479, 0
1, 199, 0
1, 189, 0
1, 160, 0
1, 366, 0
1, 439, 0
0, 440, 0
1, 181, 0
1, 308, 0
1, 114, 0
1, 200, 0
1, 48, 0
1, 167, 0
1, 503, 0
1, 293, 0
1, 88, 0
1, 509, 0
1, 461, 0
1, 101, 0
1, 287, 0
0, 44, 0
1, 467, 0
1, 259, 0
1, 340, 0
1, 571, 0
1, 189, 0
1, 342, 0
1, 505, 0
1, 36, 0
1, 213, 0
1, 352, 0
1, 319, 0
1, 480, 0
1, 259, 0
1, 416, 0
1, 312, 0
1, 220, 0
1, 460, 1
1, 449, 0
1, 196, 1
1, 461, 0
1, 233, 0
1, 404, 0
0, 1062, 1
1, 425, 0
1, 381, 0
1, 123, 0
1, 434, 0
1, 251, 0
1, 90, 0
0, 420, 0
1, 572, 0
1, 596, 0
1, 177, 0
1, 302, 0
1, 152, 0
1, 313, 1
1, 95, 0
1, 459, 0
1, 73, 0
1, 353, 0
1, 672, 0
1, 201, 1
1, 510, 1
1, 477, 0
1, 11860, 1
1, 142, 0
1, 217, 0
0, 484, 0
1, 474, 0
1, 382, 0
1, 189, 0
1, 446, 1
0, 121, 0
0, 366, 1
1, 115, 0
1, 1975, 0
1, 83, 0
1, 71, 0
1, 234, 1
1, 223, 0
1, 243, 0
1, 473, 0
1, 137, 0
0, 138, 0
1, 160, 0
0, 49, 0
0, 212, 0
1, 484, 0
1, 444, 0
0, 63, 0
1, 362, 0
1, 1069, 0
1, 413, 0
1, 358, 0
0, 483, 1
1, 200, 0
1, 233, 0
1, 234, 1
1, 423, 0
1, 150, 0
0, 57, 0
0, 53, 0
1, 204, 0
0, 46, 1
1, 2737, 0
1, 71, 0
1, 1519, 0
1, 790, 1
1, 406, 0
1, 613, 0
1, 245, 0
1, 452, 0
1, 340, 0
1, 659, 0
1, 328, 0
1, 105, 0
0, 116, 0
1, 336, 0
1, 329, 0
1, 75, 0
1, 377, 0
1, 376, 0
1, 422, 0
1, 430, 1
1, 200, 0
1, 681, 1
1, 453, 0
1, 1613, 0
0, 227, 0
1, 471, 0
1, 119, 0
1, 243, 0
1, 1, 1
1, 240, 0
1, 427, 0
1, 371, 0
1, 316, 0
1, 376, 0
1, 326, 0
1, 652, 0
1, 362, 0
1, 381, 1
1, 468, 0
1, 662, 1
1, 407, 0
0, 205, 0
1, 372, 0
1, 192, 0
0, 197, 0
0, 454, 0
1, 143, 0
1, 458, 0
0, 48, 0
0, 46, 0
1, 144, 1
0, 49, 0
1, 101, 0
1, 126, 1
0, 26, 0
1, 158, 0
1, 150, 0
1, 618, 0
0, 429, 0
1, 135, 0
1, 426, 0
1, 651, 0
1, 151, 0
1, 155, 1
0, 135, 0
1, 594, 0
1, 396, 0
1, 220, 0
0, 15, 0
1, 258, 0
1, 127, 0
1, 637, 0
1, 137, 0
1, 202, 0
1, 141, 0
1, 191, 0
1, 201, 0
1, 106, 0
0, 55, 0
0, 41, 1
1, 162, 0
1, 341, 0
1, 147, 0
0, 184, 0
0, 265, 0
1, 247, 0
0, 63, 0
1, 184, 0
0, 417, 0
0, 91, 0
1, 384, 0
1, 398, 0
1, 105, 0
1, 416, 0
1, 590, 0
0, 457, 0
1, 354, 0
1, 250, 1
1, 382, 0
1, 441, 0
1, 880, 0
1, 324, 0
1, 460, 0
1, 246, 0
1, 335, 0
1, 313, 0
1, 360, 0
1, 323, 0
1, 395, 0
1, 370, 0
1, 505, 0
1, 169, 0
1, 106, 0
1, 407, 0
1, 519, 0
1, 178, 0
1, 360, 0
1, 126, 1
1, 358, 0
1, 252, 0
1, 339, 1
1, 513, 0
1, 133, 1
1, 250, 0
1, 347, 0
1, 94, 1
1, 156, 0
1, 90, 0
1, 441, 0
1, 268, 0
1, 179, 0
1, 69, 0
0, 68, 0
0, 203, 0
1, 88, 0
1, 259, 0
1, 642, 0
1, 551, 0
0, 472, 0
1, 296, 1
1, 1074, 0
1, 503, 0
1, 217, 0
0, 342, 0
1, 385, 0
1, 313, 0
1, 408, 0
0, 1, 0
0, 40, 0
1, 19, 0
0, 166, 0
1, 120, 0
1, 536, 0
1, 68, 0
0, 596, 0
1, 251, 0
1, 368, 0
1, 143, 0
1, 306, 0
1, 177, 0
1, 217, 0
1, 741, 0
1, 140, 0
1, 578, 0
1, 441, 0
1, 212, 0
1, 557, 0
1, 455, 0
1, 108, 0
1, 336, 0
1, 301, 0
1, 126, 0
1, 329, 0
1, 183, 0
1, 780, 0
1, 442, 0
1, 385, 0
1, 445, 0
1, 136, 1
1, 146, 0
1, 786, 0
1, 460, 1
1, 238, 0
1, 1062, 0
1, 565, 0
0, 108, 0
1, 502, 0
1, 186, 0
1, 181, 0
1, 469, 0
1, 153, 0
1, 219, 0
1, 63, 0
1, 170, 0
1, 311, 0
0, 48, 0
1, 148, 0
0, 149, 0
1, 440, 1
1, 454, 0
1, 107, 0
1, 422, 0
1, 476, 1
1, 2844, 1
1, 558, 0
0, 1, 0
0, 70, 0
1, 461, 0
1, 187, 0
0, 195, 0
1, 238, 0
1, 539, 0
1, 511, 0
1, 155, 0
1, 877, 0
1, 481, 0
1, 456, 0
1, 149, 1
1, 100, 0
1, 475, 0
0, 391, 0
1, 232, 0
1, 624, 0
0, 319, 0
1, 321, 0
1, 176, 0
1, 43, 0
1, 345, 0
1, 439, 0
0, 1, 0
0, 22, 0
1, 4655, 0
1, 325, 1
1, 461, 0
0, 64, 1
0, 69, 0
0, 51, 0
1, 429, 0
1, 99, 0
1, 226, 0
1, 626, 0
1, 69, 0
1, 409, 0
0, 48, 0
0, 41, 0
0, 46, 0
0, 48, 1
0, 47, 1
0, 46, 0
0, 333, 0
1, 443, 0
1, 312, 1
1, 563, 0
1, 432, 0
1, 498, 0
1, 409, 0
1, 204, 0
1, 107, 0
1, 528, 0
1, 166, 0
1, 496, 0
1, 337, 0
0, 58, 0
1, 513, 0
1, 455, 0
1, 338, 0
1, 491, 0
1, 188, 0
1, 76, 0
1, 458, 0
0, 115, 0
0, 118, 0
1, 294, 0
1, 262, 1
1, 1068, 0
0, 49, 1
0, 47, 0
0, 48, 0
0, 39, 1
0, 51, 0
0, 39, 0
0, 46, 0
0, 39, 0
1, 39, 0
0, 39, 0
1, 40, 0
1, 111, 0
0, 50, 0
0, 50, 0
1, 505, 0
1, 137, 0
1, 272, 0
1, 293, 0
0, 381, 0
1, 233, 0
1, 97, 0
0, 54, 0
1, 236, 0
1, 702, 0
1, 199, 0
1, 190, 0
1, 140, 0
0, 5, 1
0, 5, 0
0, 5, 0
0, 5, 0
0, 50, 0
0, 45, 0
1, 114, 0
1, 495, 0
1, 213, 0
1, 298, 1
1, 467, 0
1, 471, 0
1, 429, 0
1, 157, 0
0, 192, 0
0, 306, 1
1, 459, 0
1, 205, 0
1, 422, 0
1, 384, 0
1, 167, 0
1, 207, 0
0, 3421, 1
1, 210, 0
1, 463, 0
0, 331, 0
1, 367, 1
1, 239, 0
1, 226, 0
0, 246, 0
1, 271, 0
1, 183, 1
1, 455, 0
0, 48, 0
0, 50, 0
0, 78, 0
1, 357, 0
1, 368, 0
1, 55, 0
1, 464, 0
0, 13, 0
1, 456, 0
1, 163, 0
1, 177, 0
0, 186, 0
1, 452, 0
1, 316, 0
1, 287, 0
1, 105, 0
1, 566, 0
1, 500, 0
1, 442, 0
0, 58, 1
1, 426, 0
1, 67, 0
1, 65, 0
1, 460, 0
0, 161, 0
1, 128, 0
1, 172, 0
1, 678, 0
0, 80, 0
1, 522, 0
1, 498, 0
1, 434, 0
1, 189, 0
1, 503, 0
0, 91, 0
1, 1315, 0
0, 461, 0
1, 499, 0
1, 185, 0
0, 136, 1
1, 520, 0
1, 154, 0
1, 363, 0
1, 178, 0
1, 312, 0
0, 1554, 0
1, 312, 0
1, 343, 0
1, 1010, 0
1, 55, 0
0, 494, 0
1, 85, 1
1, 222, 0
1, 87, 0
1, 478, 0
1, 501, 0
0, 60, 0
1, 157, 0
1, 68, 1
1, 256, 1
0, 366, 0
1, 537, 0
0, 214, 0
1, 230, 0
1, 242, 0
0, 899, 0
1, 89, 0
1, 342, 0
0, 216, 1
1, 322, 0
1, 1507, 0
1, 310, 0
1, 144, 0
1, 239, 0
1, 146, 0
0, 39, 0
1, 157, 0
1, 360, 1
1, 346, 0
1, 411, 0
0, 148, 0
1, 209, 0
1, 611, 0
1, 271, 1
0, 57, 0
1, 76, 0
1, 156, 1
1, 247, 0
1, 763, 0
0, 47, 0
1, 69, 0
1, 280, 0
0, 43, 0
1, 675, 0
1, 696, 0
1, 515, 0
1, 136, 0
1, 100, 0
1, 963, 0
1, 334, 0
1, 358, 0
1, 578, 0
1, 163, 0
1, 439, 0
1, 444, 0
1, 608, 0
1, 3741, 0
1, 235, 0
1, 408, 0
1, 160, 0
1, 365, 0
0, 55, 0
0, 50, 0
0, 36, 0
0, 235, 0
0, 1, 0
0, 69, 0
0, 57, 0
0, 53, 0
0, 57, 0
0, 60, 0
0, 49, 0
1, 1271, 0
1, 515, 0
1, 83, 0
1, 527, 0
1, 73, 0
1, 314, 0
1, 99, 1
0, 46, 0
0, 46, 0
1, 245, 0
1, 160, 0
1, 180, 0
1, 99, 0
1, 70, 0
0, 55, 0
1, 111, 1
1, 692, 0
0, 56, 0
0, 60, 0
1, 452, 0
1, 285, 0
0, 449, 0
1, 439, 0
1, 522, 0
1, 138, 0
0, 205, 0
1, 511, 0
0, 354, 0
1, 212, 0
1, 238, 0
1, 419, 0
1, 437, 0
1, 158, 0
0, 252, 0
1, 198, 0
1, 31, 0
1, 288, 0
1, 172, 0
1, 747, 0
1, 158, 0
1, 392, 0
0, 1, 0
1, 142, 0
1, 345, 0
1, 1087, 0
1, 465, 1
1, 469, 0
1, 1214, 0
1, 79, 0
1, 114, 0
0, 50, 0
0, 26, 0
1, 277, 0
1, 66, 0
1, 82, 0
0, 576, 0
1, 345, 0
1, 434, 0
1, 280, 0
0, 52, 0
0, 483, 0
1, 433, 0
1, 498, 0
1, 734, 1
1, 151, 0
1, 805, 0
0, 9, 0
0, 9, 0
0, 9, 0
0, 13, 0
0, 12, 1
0, 15, 0
1, 1926, 1
1, 296, 0
1, 119, 0
1, 337, 0
0, 41, 0
0, 49, 0
1, 81, 0
1, 139, 0
1, 720, 0
1, 423, 1
1, 448, 0
1, 356, 0
1, 378, 0
1, 432, 0
1, 563, 0
0, 46, 0
1, 394, 0
1, 168, 0
1, 129, 0
1, 286, 0
1, 211, 0
1, 501, 0
1, 176, 1
0, 184, 0
1, 489, 0
1, 332, 0
1, 455, 0
1, 249, 0
0, 57, 0
1, 388, 0
1, 918, 0
1, 408, 0
1, 508, 0
1, 182, 0
1, 500, 0
1, 451, 0
1, 330, 0
1, 112, 0
1, 87, 0
1, 160, 0
1, 38, 0
1, 307, 0
1, 542, 0
1, 258, 0
1, 1563, 0
0, 91, 0
0, 69, 0
1, 565, 0
1, 343, 0
1, 303, 0
1, 1146, 1
0, 217, 1
0, 207, 0
1, 127, 0
0, 56, 0
0, 54, 0
0, 57, 0
1, 544, 0
1, 253, 0
1, 288, 0
0, 357, 1
1, 207, 0
1, 197, 0
1, 151, 0
1, 324, 0
1, 475, 0
0, 151, 0
1, 447, 0
1, 416, 0
1, 335, 0
1, 507, 0
1, 459, 0
1, 414, 0
1, 190, 0
1, 369, 0
1, 121, 1
0, 46, 0
1, 803, 0
1, 361, 0
1, 67, 0
1, 129, 0
0, 403, 1
1, 146, 0
1, 37, 0
1, 129, 1
1, 151, 0
1, 366, 0
1, 827, 0
0, 73, 0
1, 198, 0
1, 368, 0
0, 82, 0
1, 423, 0
0, 434, 0
1, 236, 0
1, 132, 0
1, 448, 0
1, 76, 0
1, 593, 0
1, 254, 0
0, 437, 0
1, 128, 0
1, 481, 0
1, 326, 0
1, 252, 0
1, 203, 0
1, 435, 0
0, 1, 0
0, 32, 0
1, 483, 0
1, 1113, 1
1, 161, 0
1, 200, 0
0, 550, 0
1, 824, 0
1, 395, 0
1, 272, 0
0, 1, 0
1, 153, 0
1, 391, 0
1, 362, 0
1, 487, 0
1, 487, 0
1, 753, 0
1, 386, 0
0, 237, 1
1, 147, 0
1, 478, 0
1, 222, 0
0, 121, 0
1, 587, 0
1, 311, 0
1, 391, 0
1, 387, 1
1, 120, 0
1, 1142, 0
1, 209, 0
1, 170, 0
1, 459, 0
0, 65, 0
1, 217, 0
0, 219, 0
1, 162, 0
1, 76, 0
0, 77, 0
1, 100, 0
1, 378, 0
1, 463, 0
1, 426, 0
1, 433, 0
1, 541, 1
0, 38, 1
1, 555, 0
1, 125, 0
0, 166, 0
1, 329, 0
1, 477, 0
1, 447, 0
1, 572, 0
1, 262, 0
1, 200, 0
1, 501, 0
1, 436, 0
1, 333, 0
1, 78, 0
1, 1078, 0
1, 28, 0
1, 143, 0
1, 100, 0
1, 243, 0
0, 124, 0
1, 570, 0
1, 451, 0
1, 386, 0
0, 179, 0
1, 495, 0
1, 435, 0
1, 259, 1
1, 328, 0
1, 140, 0
0, 46, 0
1, 72, 0
1, 127, 0
1, 384, 0
1, 469, 0
1, 62, 0
1, 517, 0
1, 523, 0
1, 703, 0
1, 443, 0
0, 60, 0
1, 413, 0
1, 179, 0
1, 159, 0
1, 235, 1
1, 84, 0
1, 70, 0
1, 171, 0
0, 710, 1
0, 69, 0
1, 206, 0
0, 114, 0
1, 1587, 0
1, 175, 0
1, 141, 0
1, 195, 0
0, 1460, 1
1, 481, 0
1, 766, 0
1, 168, 0
1, 137, 0
1, 101, 0
1, 734, 1
1, 309, 0
1, 471, 0
1, 144, 0
1, 128, 0
0, 279, 0
1, 279, 0
0, 342, 0
1, 100, 0
1, 129, 0
1, 367, 0
0, 97, 0
1, 250, 0
1, 147, 0
1, 415, 0
0, 229, 0
1, 608, 0
1, 195, 0
1, 143, 0
1, 184, 0
1, 240, 0
1, 188, 1
1, 515, 0
1, 157, 0
1, 591, 0
0, 594, 0
1, 141, 0
1, 420, 0
1, 201, 0
1, 248, 0
1, 93, 0
1, 140, 0
1, 382, 0
1, 516, 0
0, 219, 0
0, 249, 0
1, 415, 0
1, 1618, 0
1, 466, 0
1, 216, 0
1, 772, 0
1, 582, 1
1, 321, 0
1, 538, 0
1, 310, 0
1, 469, 0
1, 135, 0
1, 127, 0
0, 970, 1
1, 347, 0
1, 129, 0
1, 397, 0
0, 54, 0
0, 51, 0
1, 206, 0
1, 413, 0
1, 4458, 0
1, 348, 0
1, 488, 0
1, 229, 0
1, 1, 0
0, 249, 1
1, 351, 0
1, 731, 0
1, 132, 0
1, 851, 0
1, 94, 0
1, 553, 0
1, 186, 0
0, 96, 0
0, 43, 0
0, 42, 0
1, 286, 0
1, 736, 0
1, 331, 0
1, 243, 0
1, 404, 0
1, 1109, 0
0, 108, 0
1, 506, 1
1, 286, 0
1, 95, 0
1, 351, 0
1, 438, 0
1, 347, 0
1, 383, 0
1, 70, 0
1, 249, 0
1, 335, 0
1, 170, 0
1, 144, 0
1, 249, 0
1, 144, 0
1, 570, 0
1, 415, 0
1, 14, 0
1, 320, 0
1, 266, 0
1, 472, 0
1, 395, 0
1, 195, 0
0, 901, 0
1, 98, 0
1, 246, 1
1, 692, 0
1, 503, 0
1, 435, 0
1, 125, 0
1, 57, 0
0, 4, 0
0, 4, 0
0, 7, 0
0, 7, 0
0, 7, 0
0, 7, 0
0, 13, 0
0, 12, 0
1, 100, 0
0, 49, 0
1, 355, 0
1, 479, 0
1, 373, 0
0, 69, 1
0, 67, 0
0, 708, 0
1, 428, 0
1, 441, 0
1, 389, 0
0, 470, 0
1, 26, 0
1, 211, 0
1, 268, 0
0, 1, 0
0, 98, 0
1, 299, 1
0, 49, 0
0, 45, 0
1, 175, 0
1, 604, 0
0, 300, 0
1, 838, 0
1, 400, 0
1, 230, 0
1, 181, 0
1, 332, 0
1, 170, 0
1, 466, 0
1, 417, 0
1, 1109, 0
1, 435, 0
1, 489, 0
1, 649, 0
1, 116, 1
1, 408, 0
1, 209, 0
1, 143, 0
1, 560, 0
1, 173, 0
0, 1, 0
0, 38, 0
0, 44, 0
1, 386, 0
1, 377, 0
1, 358, 0
1, 153, 0
0, 134, 0
1, 40, 1
0, 477, 0
1, 201, 0
1, 203, 0
1, 73, 0
1, 269, 0
1, 194, 1
1, 298, 0
1, 395, 0
1, 852, 0
1, 430, 1
1, 270, 0
1, 433, 0
1, 198, 0
1, 423, 0
1, 345, 0
1, 129, 0
1, 249, 0
1, 111, 0
0, 53, 0
1, 188, 0
1, 455, 0
1, 167, 0
1, 145, 0
1, 1676, 0
1, 181, 0
1, 180, 0
1, 399, 0
1, 121, 0
1, 251, 0
1, 309, 0
1, 474, 0
1, 342, 0
1, 375, 0
1, 115, 0
1, 616, 0
1, 471, 0
0, 115, 0
1, 343, 0
1, 389, 0
1, 59, 0
1, 121, 0
0, 215, 0
1, 136, 0
1, 409, 0
1, 429, 0
1, 705, 0
1, 412, 0
1, 687, 0
1, 217, 0
1, 131, 0
1, 353, 0
1, 213, 0
1, 73, 0
0, 58, 1
1, 126, 0
1, 194, 0
1, 443, 0
1, 565, 1
1, 301, 0
1, 219, 0
1, 215, 0
0, 75, 0
1, 124, 0
1, 2129, 0
1, 549, 0
1, 115, 0
0, 47, 0
1, 315, 0
1, 193, 0
1, 1094, 0
0, 208, 1
0, 102, 0
1, 745, 0
1, 128, 0
1, 145, 0
1, 1474, 0
1, 81, 0
1, 287, 0
1, 496, 0
1, 238, 0
1, 360, 0
1, 158, 0
1, 119, 1
1, 418, 0
1, 241, 0
1, 473, 0
1, 204, 0
1, 39, 0
1, 365, 0
1, 441, 0
0, 143, 0
0, 589, 0
1, 245, 0
1, 141, 0
1, 221, 0
1, 1, 0
1, 82, 0
1, 441, 0
0, 9, 0
0, 3, 0
0, 3, 0
0, 3, 0
0, 3, 0
0, 3, 0
0, 3, 0
0, 3, 0
0, 3, 0
0, 162, 0
1, 122, 0
1, 101, 0
1, 1467, 0
1, 309, 0
0, 66, 0
0, 140, 0
1, 453, 0
1, 321, 0
1, 2654, 0
1, 480, 0
1, 307, 0
1, 485, 1
0, 195, 0
1, 220, 0
1, 112, 0
1, 109, 0
1, 458, 0
1, 256, 1
1, 26, 0
1, 236, 0
1, 565, 0
1, 87, 0
1, 777, 0
1, 281, 0
1, 243, 0
1, 724, 0
0, 524, 1
1, 889, 1
1, 340, 0
1, 126, 0
0, 213, 0
1, 1128, 0
1, 156, 0
1, 471, 0
1, 482, 0
0, 50, 0
1, 291, 0
1, 232, 0
1, 517, 0
1, 75, 1
1, 128, 0
1, 599, 0
1, 476, 1
1, 225, 0
0, 278, 0
1, 205, 0
1, 428, 0
1, 492, 0
1, 368, 0
0, 204, 1
1, 152, 0
1, 174, 0
1, 160, 0
1, 417, 1
1, 232, 0
1, 337, 0
1, 87, 0
0, 55, 0
1, 33, 0
0, 38, 0
0, 51, 0
0, 31, 0
0, 65, 0
0, 217, 0
1, 527, 0
1, 651, 0
1, 138, 0
1, 407, 0
1, 390, 0
1, 654, 0
1, 129, 0
1, 272, 0
1, 530, 0
1, 285, 0
1, 353, 0
1, 465, 0
1, 114, 0
1, 763, 0
1, 255, 0
1, 519, 0
1, 1, 0
1, 199, 0
0, 48, 0
1, 329, 1
1, 337, 0
1, 428, 0
1, 485, 0
1, 424, 0
1, 855, 0
0, 360, 0
1, 538, 0
1, 335, 0
1, 409, 0
1, 367, 0
1, 270, 0
1, 400, 1
1, 327, 0
1, 583, 0
1, 568, 0
1, 512, 0
1, 693, 0
1, 234, 0
1, 260, 0
1, 34, 0
1, 336, 0
1, 357, 0
1, 832, 0
0, 78, 0
0, 110, 0
1, 365, 0
1, 353, 1
0, 1, 0
0, 60, 0
1, 666, 0
0, 1, 0
0, 1, 0
0, 1, 0
0, 1, 0
0, 1, 0
0, 1, 0
0, 1, 0
0, 1, 0
0, 1, 0
1, 802, 1
1, 31, 0
1, 133, 0
1, 541, 0
0, 225, 0
0, 192, 0
1, 432, 0
1, 363, 0
1, 847, 0
1, 20, 0
1, 134, 0
0, 295, 0
1, 506, 0
1, 110, 0
1, 208, 0
1, 509, 0
1, 206, 0
0, 41, 0
0, 38, 0
1, 440, 0
1, 123, 0
1, 3, 0
1, 460, 0
1, 69, 1
0, 1, 0
0, 1, 0
0, 1, 0
1, 489, 0
1, 339, 0
1, 189, 0
1, 370, 0
1, 51, 0
1, 540, 0
1, 234, 0
1, 158, 0
1, 327, 0
0, 1, 0
0, 46, 0
0, 30, 1
1, 1133, 0
1, 138, 0
1, 149, 0
1, 382, 0
1, 249, 0
1, 586, 0
1, 60, 0
1, 497, 0
0, 13, 0
0, 13, 0
0, 13, 0
0, 13, 0
0, 13, 0
1, 359, 0
1, 188, 0
1, 357, 0
1, 738, 0
1, 62, 0
1, 1794, 0
0, 396, 0
1, 405, 0
1, 379, 0
1, 183, 0
1, 1341, 0
1, 451, 0
1, 276, 0
1, 454, 0
1, 466, 0
1, 353, 0
1, 1056, 0
1, 112, 0
1, 300, 0
1, 303, 0
1, 160, 0
1, 770, 0
0, 544, 1
1, 146, 0
1, 150, 0
1, 180, 0
1, 91, 0
0, 174, 0
1, 439, 0
1, 125, 1
1, 233, 0
1, 392, 0
1, 202, 0
1, 213, 0
1, 325, 0
1, 319, 0
0, 247, 0
1, 474, 0
1, 495, 0
1, 1765, 0
0, 96, 0
0, 28, 0
0, 32, 0
0, 36, 0
1, 1214, 0
1, 1978, 0
0, 343, 0
1, 388, 0
1, 446, 0
1, 514, 0
1, 192, 0
1, 459, 0
1, 176, 0
1, 75, 0
1, 1067, 0
0, 58, 0
1, 1053, 0
0, 11, 0
1, 501, 0
1, 626, 0
1, 516, 0
1, 684, 0
0, 509, 1
1, 470, 1
1, 534, 0
1, 138, 0
1, 363, 0
1, 460, 0
0, 38, 0
0, 35, 0
0, 45, 0
1, 578, 0
1, 109, 0
1, 119, 0
1, 338, 0
1, 148, 0
1, 296, 1
1, 188, 0
1, 209, 0
1, 125, 0
1, 597, 0
1, 143, 1
1, 460, 0
1, 815, 0
1, 477, 0
1, 1186, 0
1, 834, 0
1, 587, 0
1, 494, 1
1, 68, 0
1, 565, 0
1, 35, 0
1, 30, 0
0, 62, 0
1, 463, 0
1, 161, 0
1, 820, 0
1, 337, 0
1, 347, 0
1, 203, 0
1, 183, 1
0, 87, 1
0, 5, 0
0, 5, 0
0, 5, 0
0, 5, 0
0, 5, 0
0, 5, 0
0, 4, 0
0, 88, 0
1, 178, 0
1, 128, 0
1, 382, 0
1, 154, 0
1, 336, 0
0, 1061, 1
0, 65, 0
1, 620, 0
1, 200, 0
1, 205, 0
0, 336, 0
1, 507, 0
1, 338, 0
0, 822, 1
0, 420, 1
1, 229, 0
0, 23, 0
0, 1610, 0
1, 137, 0
0, 46, 0
1, 406, 0
0, 967, 0
1, 646, 0
1, 88, 0
1, 172, 0
0, 199, 0
1, 121, 0
1, 354, 0
0, 449, 0
1, 327, 0
1, 384, 0
1, 579, 0
1, 378, 0
1, 343, 0
1, 179, 0
1, 236, 1
1, 806, 1
1, 267, 1
1, 916, 0
1, 364, 0
1, 127, 0
1, 1163, 0
1, 304, 1
0, 375, 0
1, 126, 0
1, 541, 0
1, 146, 0
1, 151, 0
1, 449, 0
1, 514, 0
0, 8, 0
1, 11, 0
0, 172, 0
1, 151, 0
1, 1159, 0
1, 88, 0
1, 320, 0
1, 167, 0
1, 1031, 0
1, 516, 0
1, 114, 0
0, 48, 0
0, 31, 0
0, 31, 1
0, 81, 0
0, 43, 0
0, 47, 1
1, 380, 0
0, 50, 0
1, 705, 0
1, 198, 0
1, 273, 0
1, 23, 0
0, 320, 0
1, 187, 0
1, 122, 0
1, 140, 0
1, 115, 0
1, 521, 0
1, 540, 0
1, 179, 0
1, 547, 0
1, 244, 0
1, 406, 0
1, 174, 1
1, 168, 0
1, 473, 0
1, 280, 0
0, 50, 0
0, 21, 0
1, 374, 0
0, 60, 0
1, 219, 0
0, 77, 0
1, 53, 0
0, 26, 1
0, 46, 1
1, 424, 0
0, 404, 0
0, 68, 0
1, 137, 0
1, 401, 0
1, 418, 0
1, 222, 0
0, 199, 0
1, 104, 0
1, 590, 0
0, 25, 0
1, 64, 0
1, 315, 0
1, 187, 0
1, 914, 1
1, 20, 0
1, 506, 0
1, 524, 0
1, 563, 0
1, 353, 0
1, 479, 0
0, 440, 0
1, 234, 0
1, 580, 0
1, 157, 0
1, 170, 0
1, 145, 0
1, 1219, 1
1, 304, 0
1, 803, 0
1, 54, 0
1, 402, 0
1, 1384, 0
0, 76, 0
1, 457, 0
1, 368, 0
0, 32, 0
1, 460, 0
1, 469, 0
1, 65, 0
1, 117, 0
0, 48, 0
0, 54, 1
1, 255, 0
1, 505, 0
1, 383, 0
1, 260, 0
1, 198, 0
0, 131, 0
1, 552, 0
1, 87, 0
0, 12, 0
0, 13, 0
0, 13, 0
0, 13, 0
1, 113, 0
1, 288, 0
0, 7, 0
1, 167, 0
1, 613, 0
1, 175, 0
1, 1163, 0
0, 571, 1
1, 89, 0
1, 418, 0
1, 159, 0
1, 132, 0
0, 49, 0
0, 1091, 1
1, 230, 0
1, 188, 0
1, 428, 0
1, 104, 0
1, 388, 0
0, 99, 0
1, 334, 1
0, 51, 0
1, 250, 0
1, 184, 0
0, 47, 0
1, 345, 0
1, 348, 0
1, 151, 0
1, 421, 0
1, 96, 0
1, 415, 0
1, 158, 0
1, 315, 0
1, 90, 0
1, 533, 0
1, 537, 0
1, 155, 0
1, 145, 0
0, 148, 0
1, 205, 0
0, 38, 0
0, 376, 0
0, 874, 1
1, 226, 0
1, 128, 0
1, 152, 0
0, 53, 0
1, 108, 0
1, 130, 0
1, 522, 0
1, 1052, 0
1, 163, 1
1, 280, 0
1, 303, 0
0, 80, 0
0, 74, 0
0, 68, 0
1, 458, 0
1, 552, 0
1, 213, 0
0, 315, 0
1, 133, 0
1, 167, 0
1, 498, 1
1, 630, 0
0, 347, 0
1, 365, 0
1, 463, 0
1, 264, 0
0, 118, 0
1, 422, 0
1, 113, 0
1, 156, 0
1, 200, 0
1, 278, 0
1, 416, 0
1, 648, 1
1, 425, 0
0, 66, 0
1, 214, 0
1, 321, 0
1, 169, 1
0, 289, 1
1, 532, 0
1, 236, 0
0, 91, 0
0, 46, 0
0, 1049, 1
1, 456, 0
1, 167, 0
1, 209, 0
0, 274, 1
1, 248, 0
0, 846, 0
0, 296, 0
1, 470, 0
1, 175, 0
1, 678, 0
1, 350, 0
1, 403, 0
1, 460, 1
1, 118, 0
1, 268, 0
0, 95, 0
1, 685, 0
1, 543, 0
1, 270, 0
1, 334, 1
1, 163, 0
1, 497, 0
1, 370, 0
1, 414, 0
1, 839, 0
1, 197, 0
1, 547, 0
0, 51, 0
1, 787, 0
1, 628, 0
1, 399, 0
1, 444, 0
1, 462, 0
1, 475, 1
1, 442, 0
1, 323, 0
1, 113, 1
1, 362, 0
1, 207, 0
1, 265, 0
1, 252, 0
1, 127, 0
1, 785, 0
1, 444, 1
0, 1466, 0
1, 340, 1
1, 329, 0
1, 267, 0
1, 180, 0
1, 124, 0
1, 292, 0
1, 761, 0
1, 228, 0
1, 207, 0
1, 486, 0
1, 102, 0
1, 381, 0
0, 69, 0
1, 194, 0
1, 349, 0
1, 521, 0
1, 102, 0
1, 386, 0
1, 268, 0
1, 644, 0
0, 1, 0
0, 1, 0
0, 1, 0
1, 439, 0
1, 163, 0
1, 233, 0
1, 269, 0
0, 68, 0
1, 151, 1
1, 339, 0
1, 34, 1
1, 611, 1
1, 221, 0
1, 517, 0
1, 433, 0
1, 164, 0
1, 114, 0
1, 1647, 0
1, 233, 0
1, 175, 0
1, 391, 0
1, 601, 0
1, 470, 0
1, 1578, 1
1, 667, 0
1, 447, 0
1, 427, 0
1, 184, 0
1, 256, 0
1, 203, 1
1, 1578, 0
1, 132, 0
1, 211, 0
1, 327, 0
1, 426, 0
1, 209, 0
1, 436, 0
1, 139, 0
1, 613, 0
1, 749, 0
0, 269, 0
1, 110, 0
1, 304, 0
1, 206, 0
0, 395, 0
1, 125, 0
1, 235, 0
1, 115, 0
1, 1226, 0
1, 466, 0
1, 443, 0
1, 518, 0
1, 200, 0
1, 180, 0
1, 505, 0
0, 191, 0
1, 1029, 0
1, 159, 0
1, 152, 0
1, 233, 0
0, 225, 0
0, 234, 0
1, 172, 0
1, 90, 0
1, 147, 0
1, 544, 0
1, 352, 0
1, 652, 1
1, 200, 0
1, 103, 0
1, 280, 0
1, 386, 1
0, 358, 0
1, 103, 0
1, 539, 0
0, 51, 0
1, 115, 1
0, 57, 0
0, 69, 0
1, 1, 0
1, 633, 0
0, 65, 0
0, 70, 0
0, 67, 0
1, 635, 0
1, 223, 0
1, 329, 0
1, 69, 0
1, 204, 0
1, 36, 0
1, 180, 0
1, 472, 0
1, 211, 0
1, 172, 0
1, 712, 0
1, 598, 0
1, 111, 0
1, 325, 0
1, 208, 0
1, 307, 0
0, 146, 0
1, 317, 0
0, 517, 0
1, 850, 0
1, 203, 0
1, 320, 0
1, 388, 0
1, 284, 0
0, 63, 0
1, 261, 0
1, 401, 0
1, 140, 0
1, 229, 0
1, 125, 0
1, 63, 0
0, 64, 1
0, 697, 1
1, 311, 0
1, 376, 0
1, 403, 0
1, 193, 0
1, 357, 0
1, 70, 0
1, 168, 0
1, 29, 0
1, 267, 0
1, 79, 0
1, 103, 0
1, 892, 0
1, 500, 0
1, 448, 0
0, 226, 0
1, 392, 0
1, 422, 0
1, 684, 0
1, 314, 0
1, 385, 0
1, 90, 0
1, 114, 0
1, 518, 1
0, 183, 0
1, 463, 1
1, 399, 0
1, 228, 0
1, 201, 0
1, 85, 1
1, 94, 0
1, 60, 0
0, 2810, 0
0, 53, 0
0, 46, 0
1, 436, 0
0, 347, 0
0, 240, 1
0, 221, 0
1, 378, 0
1, 95, 0
1, 274, 1
1, 459, 1
1, 430, 1
1, 37, 0
1, 70, 0
1, 594, 0
1, 355, 0
0, 31, 0
1, 366, 0
0, 19, 0
0, 19, 0
0, 19, 0
0, 19, 0
0, 19, 0
0, 19, 0
0, 19, 0
0, 19, 0
0, 19, 0
0, 19, 1
0, 19, 0
0, 19, 0
0, 17, 0
0, 17, 0
0, 19, 0
0, 19, 0
1, 145, 0
1, 378, 0
1, 749, 0
0, 243, 0
0, 1206, 1
0, 216, 0
1, 705, 0
1, 85, 0
1, 426, 0
1, 352, 0
1, 1031, 0
1, 1635, 0
0, 1, 0
0, 1, 0
0, 1, 0
0, 1, 0
0, 1, 0
0, 1, 0
0, 53, 0
0, 51, 0
1, 29, 0
1, 201, 0
1, 76, 0
1, 179, 0
1, 211, 1
1, 108, 0
1, 47, 0
1, 492, 0
1, 544, 0
1, 420, 0
0, 119, 0
1, 418, 0
0, 214, 0
1, 490, 0
1, 453, 0
1, 138, 0
1, 27, 0
0, 280, 0
1, 37, 0
1, 250, 0
1, 461, 1
1, 493, 0
0, 48, 0
1, 494, 0
1, 943, 0
1, 631, 0
1, 285, 0
1, 427, 0
1, 130, 0
1, 463, 0
1, 482, 0
1, 636, 0
1, 340, 0
1, 315, 0
1, 447, 0
1, 493, 0
1, 97, 0
1, 437, 0
1, 223, 0
0, 238, 0
1, 1030, 0
1, 119, 0
1, 75, 0
1, 399, 0
1, 1217, 0
1, 246, 0
1, 247, 0
1, 597, 0
1, 93, 0
1, 494, 0
1, 275, 0
1, 129, 0
1, 2384, 0
1, 428, 0
1, 436, 0
1, 745, 0
1, 12, 0
0, 229, 1
1, 525, 0
1, 103, 0
1, 77, 0
1, 167, 0
1, 188, 0
1, 115, 1
1, 189, 0
1, 624, 1
1, 466, 0
1, 88, 0
0, 184, 1
1, 155, 0
0, 227, 0
0, 354, 0
1, 68, 1
1, 330, 0
0, 223, 0
1, 184, 1
1, 178, 0
1, 1532, 0
1, 230, 0
0, 53, 0
1, 192, 0
1, 132, 1
1, 530, 0
1, 785, 0
1, 128, 0
1, 393, 0
1, 71, 0
1, 202, 0
1, 433, 0
1, 126, 0
1, 186, 0
1, 258, 0
1, 575, 0
1, 632, 0
1, 189, 0
1, 153, 0
1, 455, 0
1, 430, 0
0, 219, 0
1, 87, 0
1, 175, 0
1, 205, 0
1, 221, 1
1, 152, 0
1, 409, 0
1, 118, 0
1, 598, 0
1, 484, 0
1, 175, 0
1, 192, 0
1, 313, 0
1, 188, 1
1, 495, 0
1, 318, 0
1, 466, 0
1, 179, 0
1, 811, 0
1, 110, 0
1, 353, 0
1, 299, 1
0, 214, 0
1, 683, 0
1, 335, 1
1, 112, 0
1, 312, 0
1, 211, 0
1, 199, 0
1, 152, 0
1, 238, 0
0, 191, 1
1, 164, 0
1, 504, 1
1, 270, 0
0, 538, 0
1, 435, 0
1, 185, 0
1, 401, 0
1, 455, 0
1, 302, 0
1, 462, 0
0, 42, 0
1, 525, 0
0, 177, 0
1, 373, 1
0, 95, 0
1, 392, 0
1, 327, 0
1, 3176, 0
1, 49, 0
1, 109, 0
1, 198, 0
0, 1817, 1
1, 371, 0
0, 49, 1
1, 199, 0
1, 143, 0
1, 130, 0
1, 103, 0
1, 469, 0
1, 397, 0
1, 467, 0
1, 217, 0
1, 324, 0
1, 444, 0
1, 155, 0
0, 228, 0
1, 88, 0
1, 528, 0
1, 668, 1
1, 34, 0
1, 206, 0
1, 207, 0
1, 346, 0
1, 128, 0
1, 125, 0
1, 316, 0
1, 130, 0
1, 78, 0
0, 375, 0
1, 427, 0
1, 464, 0
1, 135, 0
1, 315, 0
1, 734, 0
1, 339, 0
1, 125, 0
1, 240, 0
1, 624, 0
1, 449, 0
1, 504, 1
1, 88, 0
1, 335, 0
1, 416, 0
0, 1084, 1
1, 597, 0
1, 321, 0
1, 288, 0
1, 479, 0
1, 538, 0
1, 357, 0
1, 81, 0
1, 878, 0
1, 191, 0
1, 754, 0
1, 377, 1
1, 182, 0
1, 342, 0
1, 432, 0
1, 57, 0
1, 333, 0
0, 63, 0
1, 127, 0
1, 644, 0
1, 36, 0
1, 1565, 0
1, 311, 0
1, 127, 0
1, 313, 0
0, 263, 0
1, 92, 0
1, 442, 0
1, 392, 0
1, 274, 0
1, 170, 0
1, 199, 0
1, 111, 0
1, 21, 0
1, 255, 0
1, 121, 0
0, 306, 0
0, 1, 0
0, 1, 0
0, 1, 0
0, 1, 0
0, 1, 0
1, 1, 0
0, 1, 0
0, 464, 0
1, 1153, 0
0, 133, 0
1, 381, 0
1, 507, 0
0, 1, 0
0, 150, 0
1, 190, 0
1, 281, 0
0, 46, 0
1, 825, 0
1, 86, 1
1, 937, 0
1, 437, 0
1, 532, 0
1, 209, 0
1, 205, 0
1, 474, 0
1, 260, 0
0, 24, 0
1, 441, 0
0, 60, 0
1, 352, 0
1, 205, 0
1, 126, 0
1, 134, 0
1, 475, 0
1, 212, 0
1, 415, 0
1, 135, 0
1, 87, 1
1, 201, 0
1, 644, 0
0, 91, 0
1, 157, 0
1, 460, 0
0, 53, 0
0, 703, 0
0, 78, 0
0, 88, 0
1, 153, 0
1, 465, 0
1, 412, 0
0, 1, 0
0, 1, 0
0, 1, 0
1, 849, 0
1, 810, 0
1, 116, 0
1, 191, 0
1, 178, 0
1, 249, 0
1, 537, 0
1, 96, 0
1, 173, 0
1, 559, 0
0, 88, 0
0, 391, 0
1, 177, 0
1, 122, 0
1, 125, 0
1, 410, 0
1, 439, 0
1, 3651, 0
0, 153, 0
1, 530, 0
1, 261, 0
0, 255, 0
1, 118, 0
1, 419, 0
1, 568, 0
1, 141, 0
0, 58, 0
1, 46, 0
1, 55, 0
1, 184, 0
1, 368, 0
1, 394, 0
1, 1139, 0
1, 384, 0
1, 165, 0
1, 51, 0
1, 190, 0
0, 6, 0
0, 6, 0
0, 6, 0
0, 6, 0
0, 9, 0
0, 9, 0
1, 267, 0
0, 33, 0
1, 424, 0
1, 442, 1
1, 364, 0
1, 364, 0
1, 252, 0
1, 480, 0
1, 973, 0
1, 223, 0
1, 122, 0
1, 549, 0
1, 41, 0
1, 347, 0
1, 451, 0
1, 152, 0
1, 172, 0
1, 196, 1
1, 126, 1
0, 207, 0
1, 714, 0
0, 360, 0
1, 334, 0
1, 380, 0
1, 128, 0
1, 180, 1
1, 402, 0
1, 291, 0
1, 291, 0
1, 473, 0
0, 628, 1
1, 467, 0
1, 314, 0
0, 1, 0
0, 54, 0
1, 470, 0
1, 429, 0
1, 155, 0
1, 250, 0
0, 68, 0
1, 240, 0
0, 438, 0
1, 127, 0
0, 588, 1
1, 61, 0
0, 239, 0
1, 210, 0
1, 416, 0
1, 191, 0
1, 652, 0
1, 190, 0
1, 237, 0
1, 355, 0
1, 198, 0
1, 88, 0
1, 849, 0
1, 353, 0
1, 348, 0
1, 955, 0
1, 145, 1
1, 459, 0
1, 442, 0
0, 333, 0
1, 590, 0
1, 416, 0
1, 635, 1
1, 444, 1
1, 163, 0
1, 457, 0
1, 114, 0
1, 304, 0
1, 308, 0
0, 504, 0
1, 392, 0
1, 1157, 0
1, 174, 0
1, 178, 0
1, 48, 0
1, 198, 1
1, 439, 0
0, 484, 0
1, 372, 0
1, 343, 0
1, 167, 0
1, 190, 0
1, 194, 0
1, 189, 0
1, 164, 0
1, 274, 0
1, 537, 0
1, 393, 1
1, 383, 0
1, 315, 0
0, 1, 0
0, 1, 0
0, 46, 0
0, 384, 0
1, 182, 0
1, 673, 0
1, 551, 1
1, 1, 0
1, 353, 1
1, 54, 0
0, 51, 0
1, 214, 1
0, 203, 0
0, 124, 0
1, 309, 0
1, 867, 0
1, 449, 0
1, 86, 1
1, 538, 0
1, 166, 0
1, 375, 0
0, 119, 0
1, 1496, 0
0, 598, 0
1, 579, 0
1, 283, 0
1, 1282, 0
0, 10, 0
0, 11, 0
0, 11, 0
1, 346, 0
1, 124, 0
1, 367, 0
1, 133, 0
1, 317, 0
1, 259, 0
1, 413, 0
1, 315, 1
1, 540, 0
1, 469, 0
1, 608, 0
0, 192, 0
1, 192, 0
0, 1, 0
0, 1, 0
0, 1, 0
0, 1, 0
0, 1, 0
0, 1, 0
1, 4, 0
0, 1, 0
0, 1, 0
0, 1, 0
0, 1, 0
0, 1, 0
0, 1, 0
0, 1, 0
0, 1, 0
0, 1, 0
0, 1, 0
1, 144, 0
1, 174, 0
1, 238, 0
0, 209, 0
1, 435, 0
1, 234, 0
1, 203, 0
1, 121, 0
1, 156, 0
0, 252, 0
1, 221, 0
1, 165, 0
1, 418, 0
0, 403, 0
1, 152, 0
1, 559, 0
1, 85, 0
1, 527, 0
1, 341, 0
0, 48, 1
1, 560, 0
1, 454, 0
0, 94, 0
1, 648, 0
1, 641, 0
1, 256, 0
0, 410, 0
1, 471, 0
1, 332, 0
0, 49, 0
1, 224, 0
1, 451, 0
0, 49, 0
0, 49, 0
0, 47, 0
0, 10, 0
0, 10, 0
0, 4, 0
0, 4, 1
0, 4, 0
0, 4, 0
0, 4, 0
0, 4, 0
0, 4, 0
0, 4, 0
0, 4, 0
0, 8, 0
1, 597, 0
1, 410, 0
1, 238, 0
1, 407, 0
1, 455, 1
0, 397, 0
1, 422, 0
1, 396, 0
1, 398, 0
1, 483, 0
1, 370, 0
1, 681, 0
1, 217, 0
1, 276, 0
0, 759, 0
1, 127, 0
1, 521, 0
1, 383, 0
1, 136, 0
1, 210, 0
1, 293, 0
1, 337, 0
1, 299, 0
1, 400, 0
1, 232, 0
1, 425, 0
1, 291, 0
0, 696, 0
1, 335, 0
1, 350, 0
1, 356, 0
1, 1704, 1
1, 100, 0
1, 503, 0
1, 283, 0
1, 211, 0
1, 1402, 0
1, 182, 1
1, 852, 0
1, 246, 0
0, 202, 0
1, 81, 0
0, 369, 0
1, 427, 0
0, 38, 0
0, 34, 0
0, 261, 0
0, 15, 0
1, 455, 0
1, 343, 0
1, 538, 0
1, 162, 0
1, 687, 0
1, 329, 0
1, 757, 0
1, 1008, 0
1, 352, 0
1, 385, 0
1, 135, 0
1, 431, 0
1, 79, 0
1, 457, 1
1, 591, 0
1, 473, 0
0, 155, 0
0, 55, 0
1, 372, 0
1, 260, 0
1, 171, 0
1, 259, 0
1, 172, 1
0, 1781, 1
0, 68, 0
0, 46, 0
1, 118, 0
1, 1463, 0
1, 259, 0
1, 147, 0
1, 239, 0
1, 426, 0
1, 108, 0
1, 195, 0
0, 201, 0
1, 266, 0
1, 284, 0
0, 97, 0
1, 314, 0
0, 45, 0
1, 872, 0
0, 7, 0
0, 7, 0
0, 4, 0
0, 4, 0
0, 3, 0
0, 4, 0
0, 3, 0
0, 4, 0
0, 3, 0
0, 4, 0
1, 159, 0
1, 122, 1
0, 2043, 1
0, 100, 0
1, 137, 0
1, 244, 0
1, 502, 0
1, 321, 0
1, 964, 0
1, 449, 0
1, 18, 0
1, 449, 0
1, 215, 0
0, 91, 0
1, 836, 1
1, 825, 0
1, 266, 0
0, 18, 0
0, 7, 0
0, 7, 1
0, 7, 0
0, 7, 0
0, 6, 0
0, 6, 0
0, 6, 0
0, 6, 0
0, 98, 0
1, 461, 0
1, 194, 0
1, 753, 0
1, 435, 0
1, 344, 0
0, 390, 0
1, 139, 0
1, 469, 1
1, 210, 0
1, 326, 0
1, 463, 0
1, 491, 0
1, 86, 0
1, 481, 0
1, 398, 0
1, 423, 0
0, 61, 1
0, 63, 0
1, 683, 0
1, 154, 0
0, 76, 0
1, 379, 0
1, 115, 1
1, 365, 0
1, 371, 0
1, 207, 0
1, 267, 1
1, 374, 0
1, 187, 0
1, 295, 0
0, 74, 0
1, 1160, 1
1, 208, 0
1, 121, 0
1, 535, 0
1, 819, 0
1, 667, 0
1, 148, 0
1, 482, 0
1, 441, 0
1, 485, 1
0, 1135, 0
1, 333, 0
1, 285, 0
1, 203, 0
1, 150, 1
1, 166, 0
1, 144, 0
1, 335, 0
0, 2368, 0
0, 67, 0
1, 275, 1
1, 158, 0
0, 349, 0
1, 268, 0
1, 886, 0
1, 374, 0
1, 195, 0
1, 115, 0
0, 123, 0
1, 299, 0
1, 12, 0
1, 634, 0
1, 372, 0
0, 41, 0
1, 297, 0
1, 140, 0
1, 344, 0
1, 183, 0
1, 587, 0
0, 519, 0
1, 170, 0
1, 177, 0
1, 170, 0
1, 358, 0
1, 334, 0
0, 57, 0
1, 103, 0
0, 89, 0
1, 495, 0
0, 45, 1
1, 437, 0
0, 300, 0
1, 205, 0
0, 52, 0
1, 504, 0
1, 248, 0
0, 59, 0
1, 423, 0
1, 318, 0
1, 78, 0
1, 215, 0
1, 577, 0
0, 7, 0
0, 7, 1
0, 7, 0
0, 7, 0
0, 6, 0
0, 3, 0
0, 2, 0
0, 2, 0
0, 2, 0
0, 3, 0
0, 2, 0
0, 3, 0
0, 2, 0
0, 3, 0
0, 3, 0
0, 3, 0
0, 2, 0
0, 3, 0
0, 2, 0
0, 2, 0
0, 3, 0
0, 3, 0
0, 3, 0
0, 2, 0
0, 2, 0
0, 2, 0
0, 3, 1
0, 3, 0
0, 2, 0
0, 2, 0
0, 3, 0
0, 3, 0
0, 3, 0
0, 3, 0
0, 3, 0
0, 3, 1
0, 3, 0
1, 487, 0
0, 1, 0
0, 1, 0
0, 1, 1
0, 1, 0
0, 1, 0
0, 1, 0
0, 1, 0
0, 1, 0
0, 1, 0
0, 1, 0
0, 1, 0
1, 328, 0
1, 256, 0
1, 439, 0
1, 326, 0
1, 437, 0
1, 142, 1
1, 717, 0
1, 28, 0
1, 228, 0
1, 198, 0
1, 148, 0
0, 1, 0
0, 63, 0
1, 198, 0
1, 566, 0
0, 197, 0
1, 524, 0
1, 554, 1
1, 358, 1
1, 202, 0
1, 126, 0
1, 230, 0
1, 516, 0
1, 312, 0
1, 471, 0
1, 289, 0
1, 135, 0
1, 262, 0
1, 335, 0
1, 247, 0
1, 316, 0
1, 75, 0
1, 324, 0
1, 665, 0
1, 101, 0
0, 482, 0
1, 201, 1
0, 545, 0
1, 482, 0
1, 199, 0
1, 346, 0
1, 116, 0
1, 658, 0
1, 442, 0
1, 475, 0
1, 111, 1
1, 853, 1
1, 593, 1
1, 373, 0
1, 527, 0
1, 60, 0
1, 418, 0
1, 405, 0
1, 185, 0
1, 106, 0
1, 399, 1
1, 505, 0
0, 6356, 0
1, 207, 0
1, 123, 0
1, 116, 0
1, 127, 1
1, 538, 0
1, 52, 1
1, 179, 0
1, 31, 0
1, 177, 0
1, 127, 1
1, 408, 0
1, 21, 0
1, 396, 0
1, 522, 0
1, 723, 0
1, 187, 0
1, 573, 0
1, 171, 0
1, 1177, 0
1, 639, 0
1, 192, 0
1, 472, 0
1, 2255, 1
1, 132, 0
1, 461, 0
1, 125, 0
1, 234, 0
1, 102, 0
1, 187, 1
1, 563, 0
1, 2526, 0
1, 305, 0
1, 119, 0
0, 42, 0
1, 638, 0
1, 274, 1
1, 147, 0
1, 220, 1
0, 209, 0
1, 402, 0
0, 91, 0
1, 162, 0
1, 128, 0
0, 129, 1
1, 171, 1
1, 393, 0
1, 951, 1
1, 297, 0
1, 354, 0
1, 2178, 1
1, 220, 0
0, 437, 0
1, 531, 0
0, 238, 0
1, 191, 0
1, 305, 0
1, 305, 0
0, 41, 0
1, 124, 0
1, 278, 0
1, 255, 0
1, 322, 0
0, 369, 1
1, 373, 1
1, 1049, 0
1, 370, 0
0, 480, 1
1, 90, 0
0, 103, 0
1, 313, 0
1, 580, 0
1, 48, 0
1, 218, 0
1, 1524, 0
1, 455, 0
1, 128, 0
1, 75, 1
1, 278, 0
1, 1835, 0
1, 365, 0
1, 518, 0
0, 523, 0
1, 173, 0
1, 328, 0
1, 349, 0
1, 437, 0
1, 136, 0
1, 257, 0
1, 544, 0
1, 815, 0
0, 441, 0
1, 81, 0
0, 212, 0
1, 245, 1
1, 235, 0
1, 522, 0
0, 172, 0
1, 519, 0
1, 143, 0
1, 417, 0
1, 351, 0
0, 2393, 0
1, 758, 0
1, 197, 0
0, 35, 0
0, 48, 0
0, 35, 0
0, 53, 0
0, 35, 0
0, 35, 0
1, 303, 0
1, 404, 1
1, 80, 0
1, 562, 0
1, 488, 0
1, 422, 0
1, 375, 0
1, 164, 0
0, 211, 0
1, 248, 1
1, 198, 0
1, 337, 0
0, 113, 0
1, 329, 0
1, 185, 0
1, 706, 0
0, 214, 0
1, 238, 0
1, 172, 0
1, 629, 0
1, 142, 0
1, 444, 1
1, 445, 0
1, 509, 0
1, 211, 0
1, 194, 0
1, 360, 0
1, 127, 0
1, 109, 0
1, 316, 0
0, 1, 0
0, 1, 0
0, 1, 0
0, 1, 0
1, 513, 0
1, 409, 0
1, 168, 0
1, 116, 0
1, 105, 0
1, 354, 0
1, 166, 1
1, 489, 0
1, 338, 0
1, 69, 0
0, 6, 1
0, 164, 0
1, 489, 0
1, 818, 0
1, 1922, 0
1, 213, 0
1, 104, 0
0, 91, 0
1, 917, 0
1, 652, 0
1, 654, 1
1, 113, 1
1, 263, 0
1, 607, 0
1, 1433, 0
1, 487, 1
1, 138, 0
1, 54, 0
1, 422, 0
0, 50, 0
0, 969, 0
1, 48, 0
1, 191, 0
1, 586, 0
0, 547, 0
1, 606, 0
1, 387, 0
1, 97, 0
1, 932, 0
1, 328, 0
1, 212, 0
1, 278, 1
1, 90, 1
0, 19, 0
1, 1273, 0
1, 250, 0
1, 437, 0
1, 499, 0
1, 1197, 0
1, 122, 0
1, 65, 0
1, 132, 0
1, 286, 0
1, 270, 0
0, 92, 0
1, 533, 0
1, 291, 0
1, 575, 0
1, 463, 0
1, 160, 1
1, 582, 0
1, 876, 0
1, 205, 0
1, 277, 0
1, 336, 1
1, 215, 0
1, 257, 1
1, 363, 0
0, 49, 0
1, 367, 0
1, 149, 0
1, 699, 0
1, 267, 0
1, 417, 0
0, 21, 0
0, 46, 0
0, 20, 0
0, 50, 0
1, 1924, 0
1, 610, 0
1, 412, 0
1, 444, 0
1, 578, 1
0, 343, 0
1, 150, 0
1, 448, 0
0, 45, 0
1, 224, 0
0, 50, 0
0, 27, 0
0, 31, 0
0, 219, 0
1, 89, 0
1, 462, 0
1, 353, 0
1, 209, 0
0, 477, 0
1, 516, 0
1, 146, 0
1, 442, 0
1, 174, 0
0, 107, 0
1, 470, 0
1, 510, 0
1, 378, 0
1, 929, 0
1, 567, 0
1, 424, 0
0, 120, 0
1, 588, 1
1, 118, 0
1, 784, 0
1, 188, 0
1, 417, 0
1, 170, 0
1, 530, 0
1, 154, 0
1, 675, 0
0, 886, 0
1, 89, 0
1, 342, 0
1, 594, 1
1, 971, 0
1, 565, 0
1, 76, 0
1, 491, 0
1, 580, 0
1, 434, 0
1, 167, 0
1, 101, 0
0, 755, 1
1, 67, 1
1, 389, 0
1, 1987, 0
0, 52, 0
1, 486, 0
1, 279, 0
1, 96, 0
1, 335, 0
1, 225, 0
1, 187, 0
1, 556, 0
0, 381, 0
0, 99, 0
1, 189, 0
0, 91, 0
1, 97, 0
1, 490, 0
1, 164, 1
0, 49, 0
0, 247, 0
1, 341, 0
1, 678, 0
1, 426, 0
0, 99, 0
1, 490, 0
1, 105, 1
1, 206, 0
1, 209, 0
1, 326, 0
1, 689, 0
1, 123, 0
1, 317, 0
1, 545, 0
1, 855, 0
1, 357, 0
1, 116, 0
1, 704, 0
1, 57, 0
1, 76, 1
1, 366, 0
1, 282, 0
0, 283, 0
0, 53, 0
1, 589, 0
1, 337, 0
1, 198, 0
0, 444, 0
1, 77, 1
1, 76, 0
1, 104, 1
1, 486, 0
1, 92, 0
1, 374, 0
1, 431, 0
1, 179, 0
0, 91, 0
1, 346, 0
1, 302, 0
1, 453, 0
1, 646, 0
1, 187, 1
1, 91, 0
1, 561, 0
1, 615, 0
1, 39, 0
1, 94, 0
0, 331, 0
1, 399, 0
1, 143, 0
1, 235, 0
1, 450, 0
0, 241, 1
1, 1052, 0
1, 165, 0
0, 198, 0
1, 362, 0
1, 727, 0
0, 183, 0
1, 329, 0
1, 319, 0
1, 494, 0
1, 599, 0
1, 442, 1
1, 369, 0
1, 714, 0
1, 165, 0
0, 51, 0
1, 25, 0
0, 560, 0
0, 380, 0
0, 48, 0
1, 670, 0
0, 53, 0
0, 48, 0
0, 56, 0
1, 421, 1
0, 38, 0
1, 1, 0
1, 863, 0
1, 145, 0
0, 210, 0
1, 120, 0
1, 825, 0
1, 322, 0
1, 370, 1
1, 371, 1
0, 37, 0
1, 146, 1
1, 216, 0
1, 370, 0
1, 185, 0
1, 540, 0
1, 1303, 0
0, 467, 0
1, 317, 0
0, 69, 0
0, 238, 0
1, 176, 0
1, 526, 0
1, 127, 0
1, 213, 0
1, 267, 0
0, 62, 0
0, 49, 0
1, 250, 1
0, 224, 0
1, 537, 0
1, 205, 1
1, 154, 0
1, 177, 0
1, 148, 1
1, 104, 0
1, 478, 0
1, 400, 0
1, 404, 0
1, 225, 0
1, 132, 0
1, 378, 0
1, 135, 0
1, 720, 0
1, 299, 0
0, 105, 0
1, 257, 0
1, 373, 0
1, 214, 0
1, 97, 0
1, 404, 0
1, 467, 0
1, 583, 0
1, 922, 0
1, 135, 0
1, 196, 0
1, 224, 0
1, 333, 0
1, 71, 1
1, 325, 0
1, 32, 0
1, 47, 0
1, 272, 0
1, 254, 0
1, 291, 0
1, 423, 0
0, 770, 1
1, 197, 0
1, 111, 0
1, 443, 0
1, 452, 0
1, 152, 0
1, 160, 0
1, 185, 0
1, 394, 0
1, 96, 0
1, 458, 0
1, 18, 0
1, 95, 0
1, 354, 0
1, 118, 0
1, 188, 0
1, 371, 0
1, 426, 0
1, 75, 0
0, 50, 0
0, 24, 0
1, 618, 1
1, 661, 0
1, 643, 1
1, 480, 0
1, 144, 0
1, 171, 0
1, 304, 0
1, 1086, 0
1, 318, 1
1, 695, 0
1, 284, 0
1, 428, 0
1, 80, 0
1, 507, 0
1, 256, 0
1, 458, 0
1, 123, 0
1, 339, 0
1, 313, 0
1, 414, 0
1, 99, 0
1, 385, 0
1, 248, 1
1, 348, 0
1, 517, 0
1, 226, 0
1, 102, 0
1, 159, 0
1, 869, 0
1, 512, 0
1, 735, 0
1, 275, 0
0, 674, 1
1, 439, 0
1, 232, 0
1, 154, 0
1, 933, 0
1, 411, 0
1, 301, 0
0, 331, 0
1, 119, 0
1, 372, 0
1, 350, 0
1, 195, 0
1, 673, 0
1, 378, 0
1, 99, 0
1, 199, 0
1, 122, 0
1, 466, 0
1, 178, 0
1, 136, 0
1, 283, 0
1, 328, 0
1, 362, 0
1, 336, 1
1, 481, 0
1, 310, 0
1, 379, 0
1, 437, 0
1, 149, 0
0, 121, 0
0, 361, 0
1, 286, 0
1, 64, 0
1, 320, 1
1, 541, 0
0, 367, 0
1, 716, 1
1, 449, 0
1, 527, 0
1, 712, 0
1, 565, 0
1, 358, 0
1, 349, 0
0, 1, 0
0, 433, 0
1, 384, 0
1, 188, 0
1, 419, 0
1, 325, 0
0, 362, 0
1, 179, 0
1, 400, 0
1, 123, 0
1, 534, 0
1, 201, 0
1, 52, 0
1, 593, 0
0, 478, 0
1, 1144, 0
1, 220, 0
1, 662, 0
0, 449, 0
1, 138, 0
0, 534, 0
1, 246, 0
1, 1208, 0
1, 71, 0
1, 627, 0
1, 117, 0
1, 1698, 0
1, 674, 0
1, 325, 0
1, 698, 0
0, 353, 0
1, 205, 0
1, 337, 0
1, 218, 0
1, 439, 0
1, 212, 0
1, 142, 0
1, 274, 0
1, 515, 0
1, 538, 0
1, 179, 0
1, 374, 0
1, 440, 0
1, 236, 0
1, 162, 0
1, 688, 0
1, 371, 0
0, 50, 0
0, 50, 0
1, 692, 0
1, 134, 0
1, 180, 0
1, 135, 1
1, 734, 1
1, 27, 0
1, 237, 0
1, 153, 0
1, 139, 0
1, 367, 0
1, 455, 0
1, 511, 0
1, 109, 0
1, 137, 0
1, 148, 1
1, 314, 0
0, 55, 0
1, 602, 0
1, 128, 0
1, 367, 0
1, 66, 1
1, 336, 0
1, 332, 0
1, 107, 0
0, 43, 0
0, 498, 0
1, 202, 0
1, 274, 0
1, 436, 0
1, 1297, 1
1, 96, 0
0, 1, 0
0, 1, 0
0, 1, 0
0, 1, 0
0, 2879, 0
1, 454, 0
1, 144, 0
1, 593, 0
1, 98, 0
1, 436, 1
1, 464, 0
1, 440, 0
1, 499, 0
1, 196, 0
1, 418, 0
1, 551, 0
1, 188, 0
1, 211, 0
1, 504, 0
1, 170, 0
0, 32, 0
0, 47, 0
1, 162, 0
0, 10, 0
0, 9, 0
0, 9, 0
0, 8, 0
0, 9, 0
0, 8, 0
0, 46, 0
1, 413, 0
0, 53, 0
1, 689, 0
1, 225, 0
1, 111, 0
0, 396, 0
1, 498, 0
1, 184, 0
1, 149, 0
1, 87, 0
1, 251, 0
1, 308, 0
1, 120, 0
1, 51, 0
1, 157, 0
1, 251, 0
1, 632, 0
1, 180, 0
1, 816, 0
0, 392, 0
0, 499, 0
1, 201, 1
1, 24, 0
1, 358, 1
0, 92, 0
1, 636, 0
1, 119, 0
1, 403, 0
1, 216, 1
1, 65, 0
1, 635, 0
1, 174, 0
1, 676, 0
1, 472, 0
0, 35, 0
0, 23, 0
1, 332, 0
1, 128, 0
1, 458, 0
1, 535, 0
1, 348, 0
1, 97, 0
1, 164, 0
1, 599, 0
1, 62, 0
1, 97, 0
1, 513, 0
1, 370, 0
1, 295, 0
1, 517, 0
1, 304, 0
1, 1, 0
1, 555, 0
1, 333, 0
1, 360, 0
1, 424, 0
1, 953, 0
1, 218, 1
1, 199, 0
0, 112, 0
1, 58, 0
1, 719, 0
0, 889, 0
0, 364, 0
1, 390, 0
1, 180, 1
0, 1, 1
0, 1, 0
0, 1, 0
0, 1, 0
0, 1, 0
0, 1, 0
0, 1, 0
0, 531, 0
1, 232, 0
0, 549, 0
1, 1781, 0
0, 889, 0
1, 136, 0
1, 386, 0
1, 809, 0
0, 241, 0
1, 106, 0
1, 119, 0
1, 491, 0
1, 423, 0
1, 490, 0
1, 350, 0
1, 823, 0
0, 282, 0
1, 191, 0
1, 436, 0
1, 328, 0
1, 153, 0
1, 325, 0
0, 203, 0
1, 230, 0
0, 552, 0
1, 102, 0
0, 251, 0
1, 162, 0
1, 483, 0
0, 119, 1
0, 90, 0
1, 628, 0
1, 498, 0
1, 434, 1
1, 101, 0
1, 186, 0
1, 328, 0
1, 361, 0
1, 1393, 0
1, 117, 1
0, 14, 1
0, 15, 0
0, 15, 0
0, 46, 0
0, 65, 0
0, 61, 0
1, 663, 0
1, 453, 0
1, 349, 0
1, 603, 0
1, 445, 0
1, 282, 0
1, 420, 0
1, 437, 0
1, 354, 0
0, 58, 0
1, 430, 1
0, 379, 0
1, 618, 0
1, 403, 0
1, 435, 0
1, 208, 1
0, 725, 1
1, 515, 0
0, 91, 0
1, 445, 0
1, 137, 0
1, 94, 0
1, 441, 0
1, 335, 0
0, 377, 0
1, 108, 0
0, 280, 0
1, 484, 0
1, 311, 0
1, 54, 0
1, 80, 0
1, 48, 0
1, 85, 0
1, 325, 0
1, 870, 0
1, 158, 0
1, 1836, 1
1, 388, 0
1, 423, 0
1, 205, 0
1, 374, 0
1, 32, 0
1, 379, 0
1, 526, 0
1, 229, 0
1, 74, 0
0, 194, 0
1, 1630, 0
1, 666, 0
1, 755, 0
1, 58, 0
0, 164, 1
1, 74, 0
1, 425, 0
1, 108, 0
1, 473, 0
0, 58, 0
1, 201, 0
1, 189, 0
1, 631, 0
1, 1507, 0
1, 181, 0
1, 525, 0
1, 1018, 0
1, 142, 0
1, 337, 0
1, 378, 0
1, 107, 0
1, 304, 0
1, 480, 0
0, 27, 0
1, 301, 0
1, 522, 0
0, 47, 0
1, 715, 1
1, 221, 0
1, 243, 0
1, 753, 0
0, 177, 0
1, 231, 0
1, 343, 0
1, 270, 0
0, 26, 1
0, 48, 0
0, 24, 0
1, 737, 0
1, 461, 0
1, 198, 0
1, 103, 0
1, 165, 0
1, 464, 0
1, 385, 0
1, 285, 0
1, 537, 0
1, 1163, 0
1, 432, 0
1, 162, 0
1, 653, 0
1, 526, 0
1, 278, 0
1, 70, 0
1, 545, 0
1, 209, 0
0, 19, 1
0, 19, 0
0, 19, 0
0, 19, 0
1, 1049, 1
1, 249, 0
1, 296, 0
1, 266, 0
1, 263, 0
1, 402, 0
0, 877, 0
1, 155, 0
1, 333, 0
1, 368, 0
1, 1771, 1
1, 628, 0
1, 226, 0
1, 374, 0
1, 144, 0
1, 189, 0
1, 430, 0
1, 162, 0
1, 433, 0
1, 149, 0
1, 1082, 0
1, 503, 0
1, 132, 0
1, 111, 0
1, 380, 0
1, 161, 0
1, 660, 0
1, 429, 0
1, 754, 0
1, 19, 0
1, 440, 0
0, 527, 0
1, 137, 0
1, 523, 0
1, 738, 0
1, 501, 0
1, 152, 0
1, 367, 0
0, 486, 0
1, 333, 0
1, 183, 0
1, 312, 0
1, 482, 0
1, 144, 0
0, 655, 0
1, 397, 0
1, 1008, 0
1, 557, 1
0, 41, 0
0, 41, 0
0, 41, 0
0, 41, 0
0, 41, 0
0, 41, 0
0, 40, 0
0, 50, 0
1, 427, 0
1, 272, 1
1, 1411, 0
1, 175, 0
1, 1214, 0
1, 145, 0
1, 497, 0
1, 429, 0
1, 155, 1
1, 561, 0
1, 145, 0
1, 537, 0
1, 486, 1
1, 328, 0
1, 944, 0
1, 585, 0
1, 108, 1
1, 401, 1
1, 234, 0
1, 547, 0
0, 474, 0
1, 451, 0
1, 347, 0
1, 136, 0
1, 120, 0
1, 242, 0
1, 207, 1
1, 140, 0
1, 239, 0
1, 425, 0
1, 426, 0
1, 374, 0
1, 200, 0
1, 114, 0
1, 538, 0
1, 199, 0
1, 442, 0
1, 993, 0
0, 1223, 0
1, 168, 0
1, 566, 0
1, 457, 0
1, 156, 0
0, 37, 0
0, 50, 0
1, 520, 0
1, 151, 0
0, 57, 0
1, 427, 0
1, 156, 0
1, 59, 0
0, 60, 0
1, 420, 0
1, 106, 0
1, 196, 0
1, 488, 0
1, 617, 0
1, 1473, 0
1, 417, 0
1, 151, 0
1, 228, 0
1, 393, 1
0, 178, 0
1, 288, 0
1, 3246, 0
1, 306, 0
0, 933, 0
1, 388, 0
1, 370, 0
0, 554, 0
1, 456, 0
1, 62, 0
1, 394, 0
1, 510, 0
0, 149, 0
0, 170, 0
1, 1266, 0
1, 87, 0
1, 107, 0
1, 93, 0
1, 640, 0
1, 153, 0
1, 154, 0
0, 581, 0
1, 442, 0
1, 449, 0
1, 387, 0
1, 482, 0
0, 1177, 0
1, 403, 1
1, 360, 0
1, 374, 0
1, 238, 0
1, 435, 0
1, 77, 0
1, 105, 0
1, 184, 0
1, 440, 0
1, 161, 0
1, 337, 0
0, 30, 0
1, 384, 0
1, 209, 0
1, 114, 0
1, 410, 0
1, 366, 0
1, 508, 0
1, 43, 0
1, 306, 0
1, 124, 0
1, 471, 0
1, 58, 0
1, 615, 0
1, 135, 0
1, 1255, 0
1, 227, 0
1, 503, 0
0, 56, 0
0, 867, 0
1, 631, 0
1, 361, 0
0, 189, 0
1, 112, 0
1, 180, 0
1, 212, 0
1, 443, 0
1, 38, 0
1, 4070, 0
1, 136, 0
1, 128, 1
1, 418, 0
1, 152, 0
1, 1416, 1
1, 349, 0
1, 231, 0
1, 1681, 1
1, 278, 0
1, 195, 0
1, 557, 0
1, 9, 0
1, 148, 0
1, 380, 0
1, 395, 0
0, 75, 1
1, 420, 0
0, 20, 0
0, 22, 0
0, 23, 0
0, 399, 0
1, 126, 0
1, 80, 0
1, 465, 0
1, 548, 0
1, 331, 0
1, 146, 0
1, 261, 0
0, 427, 0
1, 170, 0
1, 463, 0
1, 443, 0
1, 338, 1
0, 109, 0
1, 1904, 0
1, 157, 1
0, 160, 0
1, 203, 0
1, 479, 0
0, 115, 0
1, 136, 0
0, 66, 0
1, 429, 0
0, 488, 0
1, 551, 0
1, 186, 0
0, 300, 0
0, 886, 1
1, 362, 0
0, 279, 0
1, 120, 0
0, 85, 0
0, 283, 0
0, 199, 0
0, 454, 0
0, 633, 1
1, 188, 0
1, 380, 0
1, 202, 0
0, 64, 0
1, 35, 1
1, 1106, 0
1, 268, 0
1, 1, 1
0, 413, 0
1, 57, 1
0, 37, 0
1, 362, 0
1, 161, 0
1, 168, 0
1, 118, 1
0, 1, 0
0, 1, 1
0, 1, 0
0, 93, 0
1, 134, 0
1, 428, 0
0, 144, 0
0, 421, 0
1, 135, 0
1, 196, 0
1, 1187, 0
1, 343, 0
1, 310, 0
1, 123, 0
1, 594, 0
0, 95, 0
0, 838, 0
0, 497, 0
1, 1460, 1
1, 357, 0
1, 533, 0
1, 595, 0
1, 116, 0
1, 170, 0
0, 227, 0
1, 342, 0
1, 232, 0
1, 159, 0
0, 151, 0
1, 491, 0
1, 244, 0
1, 437, 0
1, 222, 0
1, 349, 0
1, 174, 0
1, 301, 0
1, 343, 0
1, 386, 1
1, 130, 0
1, 481, 0
1, 547, 0
1, 123, 0
1, 125, 0
1, 1210, 0
1, 376, 0
1, 632, 0
1, 270, 0
1, 659, 0
1, 42, 0
1, 318, 0
1, 310, 0
1, 526, 0
1, 1068, 0
0, 223, 0
1, 355, 0
1, 87, 0
1, 493, 0
1, 525, 0
1, 615, 0
1, 138, 0
0, 52, 0
1, 82, 0
0, 1, 0
0, 524, 0
0, 375, 0
1, 144, 0
0, 48, 0
0, 49, 0
1, 417, 1
1, 214, 0
1, 260, 0
0, 748, 0
1, 189, 0
1, 185, 0
1, 165, 0
1, 305, 0
1, 445, 0
1, 156, 0
1, 391, 0
1, 157, 0
1, 423, 0
0, 2417, 1
1, 1046, 0
1, 533, 0
0, 31, 0
1, 379, 0
0, 220, 0
0, 282, 0
1, 696, 0
1, 166, 0
0, 583, 0
1, 426, 0
0, 255, 0
1, 284, 0
1, 589, 0
1, 231, 0
1, 446, 0
1, 241, 0
1, 3256, 0
1, 384, 0
1, 148, 0
1, 421, 0
1, 333, 1
1, 187, 0
1, 449, 0
0, 39, 0
0, 39, 0
1, 121, 0
