0, 625, 0
0, 52, 0
0, 261, 0
0, 47, 0
0, 45, 0
0, 44, 0
0, 49, 0
0, 54, 0
0, 43, 0
0, 411, 0
0, 63, 0
0, 44, 0
0, 57, 0
0, 94, 0
0, 45, 0
0, 58, 0
0, 60, 0
0, 54, 0
0, 50, 0
0, 219, 0
0, 44, 0
0, 44, 0
0, 339, 0
0, 45, 0
0, 43, 0
0, 45, 0
0, 43, 0
0, 47, 0
0, 60, 0
0, 48, 0
0, 44, 0
0, 45, 0
0, 44, 0
0, 47, 0
0, 46, 0
0, 49, 0
0, 64, 0
0, 190, 0
0, 234, 0
0, 51, 0
0, 44, 0
0, 43, 0
0, 45, 0
0, 46, 0
0, 47, 0
0, 44, 0
0, 55, 0
0, 65, 0
0, 256, 0
0, 44, 0
0, 74, 0
0, 400, 0
0, 46, 0
0, 46, 0
0, 45, 0
0, 45, 0
0, 55, 0
0, 51, 0
1, 712, 0
0, 51, 0
0, 44, 0
0, 189, 0
0, 195, 0
0, 64, 0
0, 50, 0
0, 45, 0
0, 45, 0
0, 45, 0
0, 50, 0
0, 43, 0
0, 55, 0
0, 45, 0
0, 47, 0
0, 48, 0
0, 43, 0
0, 44, 0
0, 98, 0
0, 45, 0
0, 43, 0
0, 232, 0
0, 58, 0
0, 45, 0
0, 43, 0
0, 47, 0
0, 65, 0
1, 318, 0
0, 45, 0
0, 48, 0
0, 46, 0
0, 43, 0
0, 43, 0
0, 48, 0
0, 55, 0
0, 123, 0
0, 47, 0
0, 45, 0
0, 48, 0
0, 44, 0
0, 45, 0
0, 45, 0
0, 244, 0
0, 73, 0
0, 43, 0
0, 51, 0
0, 444, 0
0, 44, 0
0, 44, 0
0, 44, 0
0, 45, 0
0, 74, 0
1, 36, 0
0, 50, 0
0, 47, 0
0, 49, 0
0, 45, 0
0, 43, 0
0, 65, 0
0, 43, 0
0, 52, 0
0, 45, 0
0, 45, 0
0, 45, 0
0, 52, 0
0, 45, 0
0, 46, 0
0, 45, 0
0, 45, 0
0, 50, 0
0, 46, 0
0, 47, 0
0, 49, 0
0, 371, 0
0, 45, 0
0, 55, 0
0, 46, 0
0, 49, 0
0, 45, 0
0, 44, 0
0, 50, 0
0, 73, 0
0, 72, 0
0, 50, 0
0, 43, 0
0, 274, 0
0, 52, 0
0, 43, 0
0, 43, 0
0, 44, 0
0, 75, 0
0, 44, 0
0, 43, 0
0, 225, 0
0, 49, 0
0, 360, 0
0, 52, 0
0, 46, 0
0, 49, 0
0, 50, 0
0, 63, 0
1, 40, 0
0, 43, 0
0, 64, 0
0, 47, 0
0, 62, 0
0, 56, 0
0, 47, 0
0, 47, 0
0, 47, 0
0, 92, 0
0, 43, 0
0, 375, 0
0, 44, 0
0, 60, 0
0, 97, 0
0, 49, 0
0, 56, 0
1, 23, 0
0, 45, 0
0, 44, 0
0, 43, 0
0, 54, 0
0, 46, 0
0, 208, 0
0, 45, 0
0, 56, 0
0, 44, 0
0, 44, 0
0, 208, 0
0, 59, 0
0, 45, 0
0, 46, 0
0, 49, 0
0, 52, 0
0, 52, 0
0, 44, 0
0, 48, 0
0, 46, 0
0, 44, 0
0, 45, 0
0, 45, 0
0, 202, 0
0, 46, 0
0, 46, 0
0, 44, 0
0, 47, 0
0, 60, 0
0, 43, 0
0, 47, 0
0, 47, 0
0, 50, 0
0, 47, 0
0, 191, 0
0, 44, 0
0, 50, 0
0, 54, 0
0, 45, 0
0, 49, 0
1, 190, 0
0, 47, 0
0, 45, 0
0, 64, 0
0, 47, 0
0, 46, 0
0, 45, 0
0, 44, 0
0, 45, 0
0, 57, 0
0, 45, 0
0, 43, 0
0, 46, 0
0, 387, 0
0, 55, 0
0, 46, 0
0, 47, 0
0, 44, 0
0, 47, 0
0, 47, 0
0, 211, 0
0, 52, 0
0, 45, 0
0, 45, 0
0, 47, 0
0, 45, 0
0, 47, 0
0, 56, 0
1, 28, 0
0, 48, 0
0, 114, 0
0, 54, 0
0, 55, 0
0, 43, 0
0, 45, 0
0, 44, 0
0, 50, 0
0, 44, 0
1, 6, 0
0, 45, 0
0, 46, 0
0, 45, 0
0, 408, 0
0, 248, 0
0, 47, 0
0, 44, 0
0, 56, 0
0, 47, 0
0, 43, 0
0, 48, 0
0, 47, 0
0, 415, 0
0, 48, 0
0, 54, 0
0, 60, 0
0, 44, 0
0, 54, 0
0, 48, 0
0, 44, 0
1, 27, 0
0, 45, 0
0, 60, 0
0, 47, 0
0, 52, 0
0, 188, 0
0, 48, 0
0, 46, 0
0, 44, 0
0, 45, 0
0, 45, 0
0, 48, 0
0, 199, 0
0, 410, 0
0, 44, 0
0, 45, 0
0, 46, 0
0, 49, 0
0, 225, 0
0, 44, 0
0, 50, 0
0, 47, 0
0, 60, 0
0, 47, 0
0, 45, 0
0, 47, 0
0, 58, 0
0, 54, 0
0, 44, 0
0, 351, 0
0, 44, 0
0, 56, 0
0, 44, 0
0, 74, 0
0, 66, 0
0, 76, 0
0, 44, 0
0, 60, 0
0, 44, 0
0, 322, 0
0, 46, 0
0, 45, 0
0, 50, 0
0, 54, 0
0, 43, 0
0, 43, 0
0, 57, 0
0, 47, 0
0, 45, 0
0, 202, 0
0, 44, 0
0, 82, 0
0, 44, 0
0, 44, 0
0, 46, 0
0, 49, 0
1, 322, 0
0, 49, 0
0, 49, 0
0, 48, 0
0, 45, 0
0, 120, 0
0, 45, 0
0, 45, 0
0, 50, 0
0, 44, 0
0, 50, 0
0, 44, 0
0, 47, 0
0, 50, 0
0, 58, 0
0, 45, 0
0, 45, 0
0, 51, 0
0, 44, 0
0, 51, 0
0, 45, 0
0, 45, 0
0, 45, 0
0, 44, 0
0, 44, 0
0, 46, 0
0, 44, 0
0, 45, 0
0, 94, 0
0, 68, 0
0, 51, 0
0, 369, 0
0, 214, 0
0, 43, 0
0, 62, 0
0, 47, 0
0, 52, 0
0, 46, 0
0, 43, 0
0, 55, 0
0, 44, 0
0, 56, 0
0, 47, 0
0, 43, 0
0, 48, 0
0, 45, 0
0, 44, 0
0, 50, 0
0, 44, 0
0, 52, 0
0, 44, 0
0, 44, 0
0, 45, 0
0, 326, 0
0, 45, 0
0, 394, 0
0, 44, 0
0, 44, 0
0, 50, 0
0, 48, 0
0, 48, 0
0, 378, 0
0, 43, 0
0, 52, 0
0, 353, 0
0, 56, 0
0, 44, 0
0, 49, 0
0, 44, 0
0, 66, 0
0, 43, 0
0, 44, 0
0, 45, 0
0, 48, 0
0, 46, 0
0, 229, 0
0, 382, 0
0, 45, 0
0, 45, 0
0, 251, 0
0, 45, 0
0, 65, 0
0, 44, 0
0, 80, 0
0, 48, 0
0, 45, 0
0, 44, 0
0, 56, 0
0, 48, 0
0, 64, 0
0, 47, 0
0, 64, 0
0, 47, 0
0, 54, 0
0, 45, 0
0, 57, 0
0, 44, 0
0, 47, 0
0, 46, 0
0, 44, 0
0, 48, 0
0, 49, 0
0, 52, 0
0, 244, 0
0, 117, 0
0, 45, 0
0, 54, 0
0, 44, 0
0, 52, 0
0, 56, 0
0, 47, 0
0, 48, 0
0, 317, 0
0, 45, 0
0, 571, 0
0, 46, 0
0, 277, 0
1, 1, 0
0, 46, 0
0, 48, 0
0, 62, 0
0, 45, 0
1, 1, 0
0, 45, 0
0, 225, 0
0, 48, 0
0, 50, 0
0, 49, 0
0, 45, 0
0, 46, 0
0, 57, 0
0, 301, 0
0, 46, 0
0, 44, 0
0, 45, 0
0, 45, 0
0, 96, 0
0, 56, 0
0, 48, 0
0, 44, 0
0, 55, 0
0, 92, 0
0, 45, 0
0, 45, 0
0, 43, 0
0, 344, 0
0, 60, 0
0, 309, 0
0, 52, 0
0, 45, 0
0, 43, 0
0, 213, 0
0, 43, 0
0, 49, 0
0, 45, 0
0, 43, 0
0, 49, 0
0, 57, 0
0, 52, 0
0, 46, 0
0, 48, 0
0, 46, 0
0, 43, 0
0, 45, 0
0, 45, 0
0, 69, 0
0, 44, 0
0, 44, 0
0, 44, 0
0, 47, 0
0, 44, 0
0, 45, 0
0, 54, 0
0, 43, 0
0, 46, 0
0, 46, 0
1, 1, 0
0, 51, 0
0, 57, 0
0, 50, 0
0, 46, 0
0, 55, 0
0, 44, 0
0, 49, 0
0, 78, 0
0, 257, 0
0, 47, 0
0, 52, 0
1, 1, 0
0, 44, 0
0, 45, 0
0, 46, 0
0, 50, 0
0, 43, 0
0, 44, 0
0, 57, 0
0, 52, 0
0, 46, 0
0, 43, 0
0, 45, 0
1, 1, 0
0, 56, 0
0, 44, 0
0, 64, 0
0, 45, 0
0, 43, 0
0, 43, 0
0, 44, 0
0, 47, 0
0, 45, 0
0, 45, 0
0, 48, 0
0, 44, 0
0, 44, 0
0, 46, 0
0, 44, 0
0, 58, 0
0, 184, 0
0, 45, 0
0, 44, 0
0, 56, 0
0, 45, 0
0, 46, 0
0, 43, 0
0, 45, 0
0, 60, 0
0, 52, 0
0, 47, 0
0, 396, 0
0, 43, 0
0, 46, 0
0, 251, 0
0, 78, 0
0, 232, 0
0, 54, 0
0, 46, 0
0, 107, 0
0, 45, 0
0, 45, 0
0, 49, 0
0, 46, 0
0, 47, 0
0, 44, 0
0, 44, 0
0, 73, 0
0, 45, 0
0, 45, 0
0, 66, 0
0, 52, 0
0, 45, 0
0, 66, 0
0, 75, 0
0, 44, 0
0, 45, 0
0, 241, 0
0, 310, 0
0, 45, 0
0, 45, 0
0, 76, 0
0, 44, 0
0, 43, 0
0, 72, 0
0, 44, 0
0, 64, 0
0, 209, 0
0, 46, 0
0, 45, 0
0, 113, 0
0, 78, 0
0, 43, 0
0, 47, 0
0, 45, 0
0, 47, 0
0, 47, 0
0, 46, 0
0, 55, 0
0, 54, 0
0, 44, 0
0, 45, 0
0, 48, 0
0, 514, 0
0, 259, 0
0, 68, 0
0, 44, 0
0, 363, 0
0, 44, 0
0, 47, 0
0, 352, 0
0, 43, 0
0, 46, 0
0, 47, 0
0, 114, 0
0, 47, 0
1, 107, 0
0, 51, 0
0, 45, 0
0, 50, 0
0, 48, 0
0, 45, 0
0, 47, 0
0, 58, 0
0, 47, 0
0, 46, 0
0, 262, 0
0, 45, 0
0, 279, 0
0, 45, 0
0, 45, 0
0, 45, 0
0, 48, 0
0, 43, 0
0, 47, 0
0, 57, 0
0, 45, 0
0, 44, 0
0, 59, 0
0, 45, 0
0, 46, 0
0, 44, 0
0, 45, 0
0, 50, 0
0, 198, 0
0, 45, 0
0, 45, 0
0, 72, 0
0, 52, 0
0, 47, 0
0, 46, 0
0, 53, 0
0, 55, 0
0, 44, 0
0, 44, 0
0, 404, 0
0, 45, 0
0, 44, 0
0, 448, 0
0, 50, 0
0, 374, 0
0, 50, 0
0, 46, 0
0, 45, 0
0, 44, 0
0, 66, 0
0, 46, 0
0, 44, 0
0, 46, 0
0, 53, 0
0, 316, 0
0, 44, 0
1, 1, 0
0, 46, 0
0, 48, 0
0, 69, 0
0, 45, 0
0, 48, 0
0, 45, 0
0, 53, 0
0, 190, 0
0, 55, 0
0, 44, 0
0, 48, 0
0, 60, 0
0, 47, 0
0, 44, 0
0, 492, 0
0, 49, 0
0, 45, 0
0, 289, 0
0, 195, 0
0, 305, 0
0, 422, 0
0, 377, 0
0, 45, 0
0, 57, 0
0, 45, 0
0, 450, 0
0, 44, 0
0, 44, 0
0, 54, 0
0, 44, 0
0, 64, 0
0, 200, 0
0, 45, 0
0, 44, 0
0, 46, 0
0, 44, 0
0, 44, 0
0, 44, 0
0, 64, 0
0, 49, 0
0, 50, 0
1, 98, 0
0, 44, 0
0, 51, 0
0, 275, 0
0, 52, 0
0, 45, 0
0, 247, 0
0, 44, 0
0, 72, 0
0, 52, 0
0, 56, 0
0, 45, 0
1, 173, 0
0, 43, 0
0, 45, 0
0, 44, 0
0, 795, 0
0, 44, 0
0, 49, 0
0, 51, 0
0, 44, 0
0, 50, 0
0, 376, 0
0, 425, 0
0, 45, 0
1, 538, 0
0, 299, 0
0, 49, 0
0, 186, 0
0, 45, 0
0, 44, 0
0, 44, 0
0, 52, 0
0, 44, 0
0, 391, 0
0, 45, 0
0, 45, 0
1, 146, 0
0, 49, 0
0, 56, 0
0, 49, 0
0, 45, 0
0, 45, 0
0, 112, 0
0, 65, 0
0, 47, 0
0, 82, 0
0, 51, 0
0, 849, 0
0, 734, 0
1, 233, 0
0, 44, 0
0, 289, 0
0, 64, 0
0, 47, 0
0, 90, 0
0, 45, 0
0, 452, 0
0, 45, 0
0, 392, 0
0, 44, 0
0, 44, 0
0, 194, 0
0, 44, 0
0, 50, 0
0, 89, 0
0, 47, 0
0, 56, 0
0, 667, 0
0, 670, 0
1, 573, 0
0, 50, 0
0, 48, 0
0, 45, 0
0, 55, 0
0, 54, 0
0, 52, 0
0, 221, 0
0, 46, 0
0, 45, 0
0, 48, 0
0, 66, 0
0, 50, 0
0, 50, 0
0, 49, 0
0, 45, 0
0, 209, 0
0, 46, 0
0, 54, 0
0, 52, 0
0, 240, 0
0, 44, 0
0, 56, 0
0, 44, 0
0, 45, 0
0, 45, 0
0, 45, 0
0, 51, 0
0, 51, 0
0, 48, 0
0, 331, 0
0, 45, 0
0, 46, 0
0, 428, 0
0, 44, 0
0, 44, 0
0, 46, 0
0, 48, 0
0, 138, 0
0, 47, 0
0, 252, 0
0, 258, 0
0, 378, 0
0, 65, 0
0, 262, 0
0, 45, 0
0, 44, 0
0, 264, 0
0, 254, 0
0, 47, 0
0, 47, 0
0, 45, 0
0, 618, 0
0, 55, 0
0, 347, 0
0, 54, 0
0, 50, 0
0, 72, 0
0, 321, 0
0, 57, 0
0, 115, 0
0, 44, 0
0, 47, 0
0, 203, 0
0, 48, 0
0, 49, 0
0, 43, 0
0, 46, 0
0, 94, 0
0, 259, 0
0, 56, 0
0, 49, 0
0, 71, 0
0, 54, 0
0, 47, 0
0, 49, 0
0, 48, 0
0, 44, 0
0, 72, 0
0, 44, 0
0, 47, 0
0, 581, 0
0, 46, 0
0, 58, 0
0, 324, 0
0, 44, 0
0, 75, 0
0, 58, 0
0, 45, 0
0, 57, 0
0, 43, 0
0, 45, 0
0, 47, 0
0, 209, 0
0, 268, 0
0, 45, 0
0, 44, 0
0, 70, 0
0, 362, 0
0, 45, 0
0, 62, 0
0, 89, 0
0, 44, 0
0, 65, 0
0, 49, 0
0, 44, 0
0, 62, 0
0, 44, 0
0, 45, 0
0, 364, 0
0, 44, 0
0, 48, 0
0, 55, 0
0, 50, 0
0, 47, 0
0, 55, 0
0, 48, 0
0, 46, 0
0, 58, 0
0, 46, 0
0, 45, 0
0, 44, 0
0, 346, 0
0, 64, 0
0, 70, 0
0, 45, 0
0, 50, 0
0, 349, 0
0, 268, 0
0, 43, 0
0, 48, 0
0, 44, 0
0, 56, 0
0, 200, 0
0, 101, 0
0, 426, 0
0, 46, 0
0, 57, 0
0, 62, 0
0, 52, 0
0, 45, 0
0, 250, 0
0, 44, 0
0, 47, 0
0, 66, 0
0, 102, 0
0, 44, 0
0, 49, 0
0, 47, 0
0, 208, 0
0, 56, 0
0, 815, 0
0, 50, 0
0, 48, 0
0, 57, 0
0, 588, 0
0, 212, 0
0, 45, 0
0, 44, 0
0, 47, 0
0, 57, 0
0, 44, 0
0, 282, 0
0, 62, 0
1, 4, 0
0, 249, 0
0, 49, 0
0, 62, 0
0, 44, 0
0, 50, 0
0, 308, 0
0, 48, 0
0, 45, 0
0, 300, 0
0, 269, 0
0, 202, 0
0, 49, 0
0, 45, 0
0, 43, 0
0, 55, 0
0, 50, 0
0, 84, 0
0, 386, 0
0, 50, 0
0, 54, 0
0, 409, 0
0, 47, 0
0, 50, 0
0, 402, 0
0, 47, 0
0, 44, 0
0, 45, 0
0, 50, 0
0, 45, 0
0, 64, 0
0, 45, 0
0, 259, 0
0, 791, 0
0, 43, 0
0, 60, 0
0, 76, 0
1, 3, 0
0, 50, 0
0, 52, 0
0, 48, 0
0, 45, 0
0, 562, 0
0, 275, 0
0, 57, 0
0, 78, 0
0, 48, 0
0, 45, 0
0, 246, 0
0, 616, 0
0, 43, 0
0, 43, 0
0, 48, 0
0, 47, 0
0, 44, 0
0, 283, 0
0, 47, 0
0, 48, 0
0, 44, 0
0, 343, 0
0, 46, 0
0, 259, 0
0, 51, 0
0, 55, 0
1, 1, 0
0, 49, 0
0, 45, 0
0, 45, 0
0, 46, 0
0, 55, 0
0, 67, 0
0, 44, 0
0, 44, 0
0, 74, 0
0, 50, 0
0, 44, 0
0, 64, 0
0, 54, 0
0, 44, 0
0, 50, 0
0, 353, 0
0, 317, 0
0, 44, 0
0, 44, 0
0, 67, 0
0, 46, 0
0, 50, 0
0, 44, 0
0, 321, 0
0, 46, 0
0, 46, 0
0, 56, 0
0, 47, 0
1, 343, 0
0, 47, 0
0, 91, 0
0, 48, 0
0, 60, 0
0, 46, 0
0, 52, 0
0, 214, 0
0, 51, 0
0, 45, 0
0, 43, 0
0, 257, 0
0, 47, 0
0, 60, 0
0, 227, 0
0, 45, 0
0, 57, 0
0, 45, 0
0, 46, 0
0, 54, 0
0, 45, 0
0, 47, 0
0, 44, 0
0, 43, 0
0, 48, 0
0, 48, 0
0, 67, 0
0, 45, 0
0, 55, 0
0, 48, 0
0, 267, 0
0, 45, 0
0, 372, 0
0, 45, 0
0, 46, 0
1, 19, 0
0, 78, 0
0, 43, 0
0, 305, 0
0, 310, 0
0, 54, 0
0, 47, 0
0, 54, 0
0, 45, 0
0, 54, 0
0, 44, 0
0, 47, 0
0, 43, 0
0, 44, 0
0, 54, 0
0, 76, 0
0, 612, 0
0, 45, 0
0, 47, 0
0, 65, 0
0, 419, 0
0, 59, 0
0, 44, 0
0, 46, 0
0, 45, 0
0, 48, 0
0, 47, 0
0, 45, 0
0, 51, 0
0, 43, 0
0, 520, 0
0, 72, 0
0, 293, 0
0, 50, 0
0, 45, 0
0, 44, 0
0, 348, 0
0, 45, 0
0, 216, 0
0, 45, 0
0, 263, 0
0, 54, 0
0, 44, 0
0, 247, 0
0, 45, 0
0, 296, 0
0, 244, 0
0, 629, 0
0, 43, 0
0, 46, 0
0, 52, 0
0, 448, 0
0, 44, 0
1, 354, 0
0, 1532, 0
0, 1391, 0
0, 46, 0
0, 45, 0
0, 865, 0
0, 56, 0
0, 45, 0
0, 517, 0
0, 295, 0
0, 863, 0
0, 639, 0
0, 253, 0
0, 314, 0
0, 46, 0
0, 492, 0
0, 775, 0
0, 272, 0
0, 66, 0
0, 564, 0
0, 43, 0
0, 218, 0
0, 54, 0
0, 47, 0
0, 291, 0
0, 45, 0
0, 50, 0
0, 381, 0
0, 523, 0
0, 1532, 0
0, 44, 0
0, 44, 0
0, 66, 0
0, 392, 0
1, 171, 0
1, 550, 0
0, 316, 0
0, 448, 0
0, 66, 0
0, 1694, 0
0, 266, 0
0, 60, 0
0, 46, 0
0, 448, 0
0, 45, 0
0, 195, 0
0, 798, 0
0, 48, 0
0, 46, 0
0, 369, 0
0, 512, 0
0, 51, 0
0, 344, 0
0, 345, 0
0, 482, 0
0, 257, 0
0, 418, 0
0, 484, 0
0, 223, 0
0, 49, 0
0, 45, 0
0, 50, 0
0, 45, 0
1, 294, 0
0, 44, 0
0, 59, 0
0, 63, 0
0, 57, 0
0, 356, 0
0, 50, 0
0, 51, 0
0, 46, 0
0, 47, 0
0, 193, 0
0, 57, 0
0, 43, 0
0, 410, 0
0, 51, 0
0, 466, 0
0, 46, 0
0, 45, 0
0, 646, 0
0, 420, 0
0, 50, 0
0, 54, 0
0, 306, 0
1, 215, 0
0, 402, 0
0, 44, 0
0, 1015, 0
0, 55, 0
1, 271, 0
0, 44, 0
0, 45, 0
1, 34, 0
1, 1092, 0
0, 46, 0
0, 46, 0
0, 54, 0
0, 190, 0
1, 189, 0
0, 44, 0
0, 82, 0
0, 47, 0
0, 43, 0
0, 56, 0
0, 54, 0
0, 45, 0
1, 368, 0
0, 413, 0
0, 44, 0
0, 45, 0
0, 45, 0
0, 46, 0
0, 43, 0
0, 399, 0
0, 44, 0
0, 491, 0
0, 1117, 0
0, 77, 0
0, 49, 0
0, 45, 0
0, 50, 0
1, 502, 0
0, 47, 0
0, 490, 0
0, 796, 0
0, 410, 0
0, 49, 0
0, 45, 0
0, 45, 0
0, 58, 0
0, 412, 0
0, 197, 0
0, 1524, 0
0, 759, 0
0, 230, 0
0, 44, 0
0, 932, 0
0, 400, 0
0, 44, 0
0, 615, 0
0, 574, 0
0, 46, 0
0, 43, 0
0, 462, 0
0, 70, 0
0, 50, 0
0, 187, 0
0, 46, 0
0, 787, 0
0, 48, 0
0, 50, 0
0, 267, 0
0, 52, 0
0, 479, 0
0, 47, 0
0, 75, 0
0, 44, 0
0, 1127, 0
0, 55, 0
0, 327, 0
1, 1, 0
0, 458, 0
0, 45, 0
0, 50, 0
0, 44, 0
1, 908, 0
0, 841, 0
0, 43, 0
0, 44, 0
1, 198, 0
0, 60, 0
0, 251, 0
1, 126, 0
1, 310, 0
0, 52, 0
0, 44, 0
0, 45, 0
0, 290, 0
0, 670, 0
0, 202, 0
0, 256, 0
0, 59, 0
0, 44, 0
0, 351, 0
0, 325, 0
0, 935, 0
0, 46, 0
0, 926, 0
0, 66, 0
1, 438, 0
1, 317, 0
1, 367, 0
0, 602, 0
0, 383, 0
0, 1443, 0
0, 47, 0
0, 55, 0
0, 469, 0
1, 704, 0
0, 65, 0
0, 56, 0
0, 345, 0
1, 173, 0
0, 43, 0
0, 46, 0
0, 45, 0
0, 47, 0
0, 1012, 0
1, 159, 0
0, 55, 0
0, 76, 0
0, 1138, 0
1, 91, 0
0, 45, 0
0, 209, 0
1, 340, 0
0, 758, 0
0, 47, 0
0, 1853, 0
0, 56, 0
0, 719, 0
1, 2213, 0
0, 676, 0
0, 1300, 0
0, 59, 0
0, 46, 0
0, 980, 0
0, 762, 0
0, 869, 0
0, 546, 0
0, 62, 0
1, 725, 0
0, 51, 0
1, 1018, 0
0, 69, 0
0, 54, 0
0, 712, 0
1, 625, 0
1, 712, 0
1, 827, 0
1, 1, 0
0, 59, 0
0, 286, 0
1, 252, 0
0, 908, 0
0, 55, 0
0, 381, 0
1, 778, 0
1, 53, 0
0, 1059, 0
1, 217, 0
1, 298, 0
0, 881, 0
0, 1145, 0
0, 477, 0
1, 357, 0
1, 7, 0
0, 53, 0
0, 526, 0
0, 50, 0
0, 46, 0
0, 43, 0
0, 64, 0
0, 1395, 0
0, 43, 0
1, 2331, 0
0, 1327, 0
0, 203, 0
1, 1529, 0
0, 245, 0
0, 47, 0
1, 296, 0
0, 399, 0
0, 58, 0
1, 252, 0
0, 406, 0
0, 46, 0
1, 443, 0
0, 190, 0
0, 45, 0
0, 45, 0
0, 555, 0
1, 363, 0
1, 807, 0
0, 56, 0
1, 566, 0
0, 721, 0
1, 1, 0
0, 45, 0
0, 45, 0
1, 201, 0
0, 47, 0
0, 624, 0
0, 45, 0
0, 462, 0
0, 45, 0
0, 1292, 0
0, 60, 0
1, 320, 0
0, 46, 0
0, 48, 0
0, 191, 0
0, 504, 0
1, 128, 0
0, 60, 0
0, 45, 0
0, 333, 0
0, 839, 0
1, 276, 0
1, 497, 0
0, 466, 0
0, 229, 0
1, 166, 0
1, 377, 0
0, 44, 0
0, 874, 0
1, 78, 0
0, 330, 0
1, 94, 0
1, 1983, 0
1, 745, 0
1, 448, 0
1, 2135, 0
1, 19, 0
1, 1032, 0
1, 217, 0
1, 104, 0
1, 1441, 0
1, 230, 0
1, 826, 0
1, 743, 0
1, 2428, 0
1, 213, 0
1, 779, 0
0, 808, 0
0, 1527, 0
1, 1165, 0
1, 554, 0
1, 570, 0
1, 189, 0
1, 325, 0
1, 634, 0
1, 661, 0
1, 178, 0
1, 642, 0
1, 293, 0
1, 398, 0
0, 79, 0
1, 569, 0
0, 493, 0
0, 51, 0
1, 121, 0
1, 648, 0
0, 61, 0
0, 46, 0
1, 1806, 0
1, 63, 0
0, 858, 0
1, 104, 0
0, 393, 0
0, 45, 0
0, 555, 0
0, 1085, 0
0, 639, 0
1, 587, 0
1, 1095, 0
1, 391, 0
1, 298, 0
1, 630, 0
1, 176, 0
1, 126, 0
1, 510, 0
0, 751, 0
0, 202, 0
1, 338, 0
1, 169, 0
0, 711, 0
0, 747, 0
0, 65, 0
1, 1131, 0
1, 1607, 0
1, 696, 0
1, 1921, 0
1, 197, 0
1, 1507, 0
0, 1480, 0
1, 260, 0
1, 920, 0
0, 870, 0
1, 213, 0
1, 337, 0
1, 3128, 0
1, 2061, 0
0, 245, 0
1, 166, 0
1, 187, 0
1, 381, 0
1, 60, 0
1, 282, 0
0, 828, 0
1, 145, 0
1, 1402, 0
1, 250, 0
1, 224, 0
1, 279, 0
1, 152, 0
1, 461, 0
0, 48, 0
1, 1039, 0
1, 1537, 0
1, 236, 0
1, 251, 0
1, 475, 0
1, 163, 0
0, 642, 0
1, 734, 0
1, 1092, 0
1, 2522, 0
1, 212, 0
0, 682, 0
1, 449, 0
1, 237, 0
1, 233, 0
1, 276, 0
1, 1000, 0
1, 166, 0
0, 558, 0
1, 385, 0
1, 3659, 0
1, 97, 0
1, 223, 0
0, 45, 0
1, 2000, 0
0, 509, 0
1, 1, 0
1, 207, 0
1, 2023, 0
1, 156, 0
0, 519, 0
1, 358, 0
1, 360, 0
1, 1509, 0
1, 270, 0
0, 1452, 0
1, 403, 0
1, 181, 0
1, 1330, 0
0, 45, 0
1, 845, 0
1, 313, 0
1, 1273, 0
1, 1617, 0
1, 4205, 0
0, 5193, 0
0, 1531, 0
1, 325, 0
1, 397, 0
1, 1541, 0
1, 1478, 0
1, 93, 0
1, 459, 0
0, 55, 0
1, 1230, 0
0, 610, 0
1, 949, 0
1, 287, 0
1, 150, 0
1, 370, 0
1, 210, 0
1, 136, 0
1, 946, 0
1, 435, 0
0, 654, 0
0, 634, 0
1, 278, 0
1, 1194, 0
1, 152, 0
1, 338, 0
1, 207, 0
1, 213, 0
1, 800, 0
1, 1419, 0
1, 403, 0
1, 630, 0
1, 333, 0
1, 250, 0
1, 288, 0
0, 777, 0
1, 552, 0
1, 279, 0
1, 169, 0
1, 363, 0
0, 259, 0
1, 512, 0
1, 396, 0
1, 704, 0
1, 241, 0
1, 433, 0
0, 56, 0
1, 170, 0
1, 1603, 0
1, 305, 0
1, 363, 0
1, 542, 0
1, 268, 0
1, 166, 0
1, 1188, 0
1, 945, 0
0, 1044, 0
1, 471, 0
1, 293, 0
1, 322, 0
1, 576, 0
0, 375, 0
1, 781, 0
1, 1091, 0
1, 769, 0
1, 204, 0
1, 407, 0
1, 1185, 0
1, 291, 0
1, 301, 0
1, 565, 0
1, 651, 0
0, 731, 0
1, 1140, 0
0, 408, 0
1, 1085, 0
1, 183, 0
1, 877, 0
1, 1962, 0
1, 1025, 0
0, 474, 0
1, 153, 0
1, 61, 0
1, 124, 0
1, 657, 0
1, 635, 0
1, 213, 0
1, 215, 0
1, 207, 0
1, 1529, 0
1, 179, 0
1, 117, 0
1, 1320, 0
1, 423, 0
1, 225, 0
1, 104, 0
1, 262, 0
1, 242, 0
1, 1183, 0
1, 337, 0
1, 538, 0
1, 431, 0
1, 62, 0
1, 114, 0
1, 1230, 0
1, 582, 0
1, 550, 0
0, 1927, 0
0, 43, 0
1, 159, 0
1, 347, 0
1, 334, 0
1, 1086, 0
1, 704, 0
1, 260, 0
1, 582, 0
1, 486, 0
1, 264, 0
1, 275, 0
1, 131, 0
1, 487, 0
1, 270, 0
1, 1617, 0
1, 131, 0
1, 303, 0
0, 364, 0
0, 44, 0
1, 228, 0
0, 528, 0
1, 133, 0
0, 412, 0
1, 693, 0
1, 515, 0
1, 699, 0
1, 281, 0
1, 226, 0
1, 264, 0
1, 188, 0
1, 237, 0
1, 14, 0
1, 962, 0
1, 456, 0
1, 311, 0
1, 346, 0
0, 44, 0
1, 164, 0
1, 317, 0
1, 319, 0
1, 1046, 0
1, 457, 0
1, 156, 0
1, 111, 0
1, 814, 0
1, 104, 0
1, 298, 0
0, 628, 0
1, 152, 0
1, 246, 0
1, 265, 0
1, 284, 0
1, 267, 0
1, 646, 0
1, 361, 0
1, 719, 0
1, 352, 0
1, 308, 0
1, 338, 0
1, 148, 0
1, 533, 0
0, 870, 0
1, 260, 0
1, 124, 0
1, 403, 0
1, 666, 0
1, 914, 0
1, 401, 0
1, 1747, 0
1, 148, 0
1, 1562, 0
1, 190, 0
1, 571, 0
1, 318, 0
1, 218, 0
1, 741, 0
1, 806, 0
1, 993, 0
1, 250, 0
1, 907, 0
1, 1104, 0
1, 235, 0
1, 243, 0
1, 302, 0
1, 324, 0
1, 67, 0
1, 197, 0
1, 506, 0
1, 1, 0
1, 732, 0
1, 529, 0
1, 1313, 0
1, 268, 0
1, 694, 0
1, 1435, 0
1, 259, 0
1, 479, 0
1, 439, 0
1, 258, 0
1, 183, 0
1, 193, 0
1, 457, 0
1, 527, 0
1, 173, 0
1, 45, 0
0, 1882, 0
1, 257, 0
1, 451, 0
1, 272, 0
1, 272, 0
1, 95, 0
1, 322, 0
1, 240, 0
1, 489, 0
1, 101, 0
1, 85, 0
1, 676, 0
1, 1949, 0
1, 306, 0
1, 325, 0
1, 211, 0
1, 276, 0
1, 18, 0
1, 2426, 0
1, 504, 0
1, 834, 0
1, 207, 0
1, 622, 0
1, 1075, 0
1, 578, 0
1, 274, 0
1, 222, 0
1, 175, 0
1, 273, 0
1, 264, 0
1, 984, 0
1, 318, 0
1, 200, 0
1, 682, 0
0, 1451, 0
1, 742, 0
1, 571, 0
1, 251, 0
1, 142, 0
1, 371, 0
1, 196, 0
1, 329, 0
1, 804, 0
1, 261, 0
1, 1489, 0
1, 462, 0
1, 1410, 0
1, 244, 0
1, 264, 0
1, 173, 0
1, 62, 0
1, 267, 0
1, 333, 0
1, 578, 0
1, 178, 0
1, 1121, 0
1, 368, 0
1, 198, 0
1, 98, 0
1, 388, 0
1, 203, 0
1, 286, 0
1, 479, 0
1, 133, 0
1, 755, 0
1, 486, 0
1, 324, 0
1, 688, 0
1, 200, 0
1, 41, 0
1, 295, 0
1, 1214, 0
1, 740, 0
1, 313, 0
1, 376, 0
0, 370, 0
1, 183, 0
1, 528, 0
0, 575, 0
1, 169, 0
1, 334, 0
1, 432, 0
1, 145, 0
1, 812, 0
1, 668, 0
1, 756, 0
1, 863, 0
1, 847, 0
1, 630, 0
1, 397, 0
1, 506, 0
1, 734, 0
1, 281, 0
1, 1, 0
1, 722, 0
1, 264, 0
1, 781, 0
1, 449, 0
1, 1, 0
1, 353, 0
1, 10, 0
1, 297, 0
1, 686, 0
1, 360, 0
1, 416, 0
1, 428, 0
1, 100, 0
1, 251, 0
1, 494, 0
0, 980, 0
1, 214, 0
1, 753, 0
1, 433, 0
1, 639, 0
1, 336, 0
1, 781, 0
1, 110, 0
1, 209, 0
1, 670, 0
0, 241, 0
1, 533, 0
1, 109, 0
1, 845, 0
1, 352, 0
1, 501, 0
1, 881, 0
1, 707, 0
1, 370, 0
1, 1096, 0
1, 459, 0
1, 181, 0
1, 558, 0
1, 99, 0
1, 166, 0
0, 650, 0
1, 316, 0
1, 124, 0
1, 335, 0
1, 238, 0
1, 386, 0
1, 500, 0
1, 691, 0
1, 574, 0
1, 462, 0
1, 463, 0
1, 123, 0
1, 196, 0
1, 263, 0
1, 773, 0
1, 426, 0
1, 518, 0
1, 409, 0
0, 514, 0
1, 289, 0
1, 349, 0
1, 225, 0
1, 1212, 0
1, 123, 0
1, 177, 0
1, 603, 0
0, 47, 0
1, 207, 0
1, 667, 0
1, 106, 0
1, 544, 0
1, 711, 0
1, 1309, 0
1, 503, 0
1, 259, 0
1, 366, 0
1, 340, 0
1, 515, 0
1, 59, 0
1, 617, 0
1, 559, 0
1, 767, 0
1, 107, 0
1, 432, 0
1, 171, 0
1, 1600, 0
0, 297, 0
1, 1137, 0
1, 280, 0
1, 119, 0
1, 110, 0
1, 488, 0
1, 657, 0
1, 256, 0
1, 206, 0
1, 221, 0
1, 9, 0
1, 410, 0
1, 309, 0
1, 126, 0
1, 456, 0
0, 448, 0
1, 250, 0
1, 238, 0
1, 267, 0
1, 87, 0
1, 782, 0
1, 950, 0
1, 633, 0
1, 286, 0
1, 550, 0
1, 67, 0
1, 573, 0
1, 879, 0
1, 393, 0
1, 1771, 0
1, 195, 0
1, 935, 0
1, 354, 0
1, 653, 0
1, 3, 0
0, 47, 0
1, 145, 0
1, 308, 0
1, 237, 0
1, 464, 0
1, 236, 0
1, 465, 0
1, 107, 0
1, 733, 0
1, 402, 0
1, 141, 0
1, 581, 0
1, 511, 0
1, 1, 0
1, 358, 0
1, 810, 0
1, 164, 0
1, 540, 0
1, 259, 0
1, 195, 0
1, 438, 0
1, 616, 0
1, 1014, 0
1, 296, 0
1, 599, 0
1, 213, 0
1, 154, 0
1, 177, 0
1, 162, 0
1, 601, 0
1, 430, 0
1, 633, 0
1, 248, 0
1, 338, 0
1, 242, 0
1, 789, 0
1, 439, 0
1, 186, 0
1, 352, 0
1, 485, 0
1, 524, 0
1, 738, 0
1, 307, 0
1, 505, 0
1, 414, 0
1, 362, 0
1, 281, 0
1, 190, 0
1, 371, 0
1, 466, 0
1, 228, 0
1, 180, 0
1, 306, 0
1, 517, 0
1, 406, 0
1, 168, 0
1, 47, 0
0, 335, 0
1, 793, 0
1, 238, 0
1, 167, 0
1, 509, 0
1, 750, 0
1, 166, 0
0, 619, 0
0, 247, 0
1, 237, 0
1, 98, 0
1, 631, 0
1, 791, 0
1, 891, 0
0, 370, 0
1, 579, 0
1, 211, 0
1, 192, 0
1, 1380, 0
1, 326, 0
0, 400, 0
1, 199, 0
1, 744, 0
1, 281, 0
1, 482, 0
1, 496, 0
1, 764, 0
1, 562, 0
1, 350, 0
1, 749, 0
1, 818, 0
1, 658, 0
1, 250, 0
1, 865, 0
1, 820, 0
1, 202, 0
1, 283, 0
1, 667, 0
0, 1129, 0
1, 346, 0
1, 135, 0
1, 264, 0
1, 415, 0
1, 452, 0
1, 202, 0
1, 645, 0
1, 426, 0
1, 448, 0
1, 265, 0
1, 1018, 0
1, 446, 0
1, 786, 0
1, 1, 0
0, 404, 0
1, 247, 0
1, 649, 0
1, 27, 0
1, 122, 0
0, 45, 0
1, 308, 0
1, 1322, 0
0, 398, 0
1, 1, 0
1, 796, 0
1, 669, 0
1, 656, 0
1, 885, 0
0, 334, 0
1, 59, 0
1, 565, 0
1, 144, 0
1, 129, 0
1, 232, 0
1, 213, 0
1, 461, 0
1, 776, 0
1, 182, 0
1, 911, 0
1, 282, 0
1, 726, 0
1, 452, 0
1, 230, 0
1, 443, 0
1, 442, 0
1, 247, 0
1, 369, 0
1, 261, 0
1, 665, 0
1, 552, 0
1, 108, 0
1, 132, 0
1, 451, 0
1, 1190, 0
1, 276, 0
1, 710, 0
1, 645, 0
1, 150, 0
0, 420, 0
1, 629, 0
1, 314, 0
1, 210, 0
1, 263, 0
1, 108, 0
1, 127, 0
0, 689, 0
1, 126, 0
1, 266, 0
1, 207, 0
0, 427, 0
1, 698, 0
1, 535, 0
1, 190, 0
1, 153, 0
1, 690, 0
1, 294, 0
1, 326, 0
1, 118, 0
1, 200, 0
1, 269, 0
1, 222, 0
1, 604, 0
1, 181, 0
1, 850, 0
1, 855, 0
1, 475, 0
1, 509, 0
1, 3774, 0
1, 537, 0
1, 218, 0
1, 1061, 0
1, 693, 0
1, 330, 0
1, 497, 0
1, 1, 0
1, 1127, 0
1, 161, 0
1, 843, 0
1, 35, 0
1, 201, 0
1, 758, 0
0, 590, 0
1, 257, 0
1, 694, 0
1, 355, 0
0, 1538, 0
1, 1218, 0
0, 445, 0
1, 253, 0
0, 332, 0
0, 429, 0
1, 266, 0
1, 819, 0
1, 463, 0
1, 354, 0
1, 427, 0
1, 289, 0
1, 1187, 0
0, 88, 0
1, 90, 0
1, 361, 0
1, 192, 0
1, 29, 0
1, 221, 0
1, 312, 0
1, 2821, 0
1, 133, 0
1, 531, 0
1, 778, 0
1, 297, 0
1, 714, 0
1, 1034, 0
1, 555, 0
0, 584, 0
1, 669, 0
1, 170, 0
1, 575, 0
1, 176, 0
1, 251, 0
1, 134, 0
1, 411, 0
1, 776, 0
1, 587, 0
1, 146, 0
1, 780, 0
1, 766, 0
1, 439, 0
1, 675, 0
1, 226, 0
1, 697, 0
0, 354, 0
1, 581, 0
0, 325, 0
1, 629, 0
0, 380, 0
1, 231, 0
1, 537, 0
1, 954, 0
1, 461, 0
0, 841, 0
1, 388, 0
1, 524, 0
1, 217, 0
1, 139, 0
1, 156, 0
1, 445, 0
1, 304, 0
1, 257, 0
1, 276, 0
1, 450, 0
1, 790, 0
1, 127, 0
1, 198, 0
1, 138, 0
0, 80, 0
1, 384, 0
1, 517, 0
1, 269, 0
1, 58, 0
1, 184, 0
1, 558, 0
1, 639, 0
1, 618, 0
1, 227, 0
1, 654, 0
1, 395, 0
1, 684, 0
1, 361, 0
1, 626, 0
1, 440, 0
1, 151, 0
1, 78, 0
0, 575, 0
1, 204, 0
1, 1198, 0
0, 584, 0
1, 859, 0
1, 710, 0
1, 143, 0
1, 704, 0
1, 458, 0
1, 181, 0
1, 2, 0
1, 593, 0
0, 435, 0
1, 563, 0
1, 476, 0
1, 233, 0
1, 319, 0
1, 887, 0
1, 284, 0
1, 137, 0
1, 319, 0
1, 323, 0
1, 33, 0
1, 397, 0
1, 255, 0
1, 412, 0
1, 858, 0
1, 363, 0
1, 235, 0
1, 608, 0
1, 528, 0
1, 127, 0
1, 320, 0
1, 292, 0
1, 780, 0
0, 197, 0
1, 333, 0
1, 572, 0
1, 794, 0
1, 268, 0
1, 309, 0
1, 600, 0
1, 583, 0
1, 438, 0
1, 644, 0
1, 287, 0
1, 185, 0
1, 215, 0
1, 202, 0
1, 188, 0
1, 382, 0
1, 263, 0
1, 197, 0
1, 410, 0
1, 437, 0
1, 344, 0
1, 506, 0
1, 255, 0
1, 324, 0
1, 197, 0
1, 265, 0
1, 500, 0
1, 321, 0
1, 750, 0
1, 455, 0
1, 126, 0
1, 306, 0
1, 1730, 0
1, 281, 0
1, 663, 0
1, 367, 0
1, 185, 0
1, 688, 0
1, 297, 0
1, 465, 0
1, 602, 0
1, 400, 0
1, 863, 0
1, 342, 0
1, 621, 0
1, 225, 0
1, 176, 0
1, 730, 0
1, 316, 0
1, 442, 0
0, 45, 0
1, 915, 0
1, 160, 0
1, 794, 0
1, 974, 0
1, 568, 0
1, 265, 0
1, 661, 0
1, 192, 0
1, 73, 0
1, 529, 0
1, 100, 0
1, 432, 0
1, 122, 0
1, 1106, 0
1, 694, 0
1, 255, 0
1, 229, 0
1, 171, 0
1, 248, 0
1, 1092, 0
1, 178, 0
1, 467, 0
1, 536, 0
0, 392, 0
1, 739, 0
1, 473, 0
0, 316, 0
1, 146, 0
1, 266, 0
1, 1121, 0
0, 291, 0
1, 280, 0
1, 913, 0
0, 209, 0
1, 199, 0
1, 8, 0
1, 781, 0
1, 240, 0
1, 440, 0
1, 310, 0
1, 180, 0
1, 1077, 0
1, 911, 0
1, 203, 0
0, 238, 0
1, 526, 0
0, 318, 0
1, 253, 0
1, 90, 0
1, 154, 0
1, 258, 0
1, 252, 0
1, 134, 0
1, 757, 0
0, 356, 0
1, 506, 0
1, 693, 0
0, 326, 0
1, 233, 0
1, 259, 0
1, 50, 0
1, 176, 0
1, 188, 0
0, 298, 0
1, 738, 0
1, 90, 0
1, 328, 0
1, 295, 0
1, 186, 0
0, 248, 0
1, 245, 0
1, 973, 0
1, 132, 0
1, 196, 0
1, 86, 0
0, 349, 0
1, 301, 0
1, 27, 0
1, 817, 0
1, 366, 0
1, 406, 0
1, 146, 0
1, 138, 0
1, 3, 0
1, 806, 0
1, 118, 0
1, 312, 0
1, 471, 0
1, 712, 0
1, 166, 0
1, 986, 0
1, 159, 0
0, 277, 0
1, 748, 0
1, 657, 0
1, 625, 0
1, 965, 0
1, 974, 0
1, 510, 0
1, 690, 0
1, 132, 0
1, 829, 0
0, 237, 0
1, 14, 0
1, 103, 0
1, 1105, 0
1, 1057, 0
1, 820, 0
1, 157, 0
0, 286, 0
1, 896, 0
1, 131, 0
1, 253, 0
1, 696, 0
1, 118, 0
1, 130, 0
1, 1081, 0
1, 135, 0
1, 548, 0
1, 206, 0
1, 406, 0
1, 290, 0
1, 768, 0
1, 624, 0
1, 503, 0
1, 164, 0
1, 269, 0
0, 487, 0
1, 701, 0
1, 737, 0
1, 286, 0
1, 624, 0
0, 3329, 0
1, 185, 0
1, 289, 0
0, 443, 0
1, 214, 0
1, 285, 0
0, 384, 0
1, 665, 0
1, 417, 0
0, 377, 0
1, 153, 0
1, 1099, 0
1, 263, 0
0, 386, 0
1, 237, 0
1, 860, 0
1, 598, 0
1, 810, 0
1, 601, 0
0, 724, 0
1, 166, 0
1, 227, 0
1, 111, 0
1, 472, 0
1, 532, 0
1, 1075, 0
1, 657, 0
0, 410, 0
1, 244, 0
1, 628, 0
1, 126, 0
1, 136, 0
1, 260, 0
1, 213, 0
1, 133, 0
0, 355, 0
1, 143, 0
0, 317, 0
1, 583, 0
1, 222, 0
0, 244, 0
1, 145, 0
1, 487, 0
1, 449, 0
1, 321, 0
1, 832, 0
1, 220, 0
1, 800, 0
1, 482, 0
0, 328, 0
1, 84, 0
0, 446, 0
0, 700, 0
1, 303, 0
1, 245, 0
1, 737, 0
1, 1287, 0
1, 1230, 0
0, 342, 0
1, 586, 0
1, 53, 0
1, 770, 0
1, 323, 0
1, 202, 0
1, 194, 0
1, 195, 0
1, 231, 0
0, 44, 0
1, 103, 0
0, 238, 0
1, 196, 0
1, 101, 0
1, 580, 0
1, 732, 0
1, 497, 0
0, 371, 0
1, 680, 0
0, 521, 0
1, 2255, 0
1, 969, 0
1, 260, 0
1, 807, 0
1, 245, 0
1, 382, 0
1, 504, 0
1, 194, 0
1, 1057, 0
1, 627, 0
1, 436, 0
1, 434, 0
1, 259, 0
1, 261, 0
0, 513, 0
0, 418, 0
1, 317, 0
0, 593, 0
1, 339, 0
0, 518, 0
1, 272, 0
1, 537, 0
1, 396, 0
1, 794, 0
1, 783, 0
1, 257, 0
1, 237, 0
1, 180, 0
0, 838, 0
1, 838, 0
1, 526, 0
0, 340, 0
0, 298, 0
1, 153, 0
1, 1770, 0
1, 134, 0
1, 377, 0
1, 156, 0
1, 221, 0
1, 705, 0
1, 203, 0
1, 152, 0
1, 795, 0
1, 310, 0
1, 306, 0
0, 270, 0
1, 530, 0
1, 311, 0
0, 494, 0
0, 354, 0
1, 326, 0
1, 136, 0
1, 822, 0
1, 526, 0
1, 730, 0
0, 345, 0
1, 280, 0
1, 320, 0
1, 105, 0
1, 216, 0
1, 214, 0
1, 780, 0
1, 175, 0
1, 212, 0
1, 859, 0
1, 89, 0
1, 133, 0
0, 196, 0
1, 406, 0
1, 530, 0
1, 84, 0
1, 763, 0
1, 430, 0
1, 266, 0
1, 229, 0
0, 737, 0
0, 217, 0
1, 476, 0
1, 227, 0
1, 287, 0
1, 413, 0
1, 152, 0
0, 344, 0
1, 238, 0
1, 144, 0
1, 721, 0
1, 208, 0
1, 29, 0
1, 179, 0
1, 612, 0
1, 523, 0
1, 433, 0
1, 269, 0
1, 189, 0
0, 2096, 0
1, 1, 0
1, 932, 0
1, 252, 0
1, 500, 0
1, 222, 0
1, 150, 0
1, 1091, 0
1, 575, 0
1, 224, 0
1, 738, 0
1, 636, 0
1, 168, 0
1, 221, 0
1, 249, 0
1, 749, 0
1, 763, 0
1, 401, 0
1, 866, 0
0, 342, 0
1, 776, 0
0, 297, 0
1, 224, 0
1, 197, 0
0, 378, 0
1, 175, 0
1, 197, 0
1, 107, 0
1, 304, 0
1, 246, 0
1, 657, 0
1, 678, 0
0, 231, 0
1, 1154, 0
1, 242, 0
1, 295, 0
1, 749, 0
1, 878, 0
0, 307, 0
1, 836, 0
1, 151, 0
1, 146, 0
1, 697, 0
1, 298, 0
1, 556, 0
1, 647, 0
1, 918, 0
1, 725, 0
1, 1451, 0
1, 476, 0
1, 208, 0
1, 196, 0
1, 824, 0
1, 242, 0
1, 174, 0
1, 212, 0
1, 605, 0
1, 847, 0
1, 756, 0
1, 175, 0
1, 803, 0
1, 359, 0
1, 130, 0
1, 928, 0
1, 268, 0
1, 549, 0
1, 196, 0
1, 286, 0
1, 150, 0
1, 119, 0
1, 1937, 0
0, 291, 0
1, 226, 0
1, 280, 0
1, 844, 0
1, 834, 0
1, 492, 0
1, 307, 0
0, 313, 0
0, 333, 0
1, 272, 0
0, 245, 0
1, 724, 0
1, 134, 0
1, 773, 0
1, 1112, 0
1, 145, 0
1, 494, 0
1, 543, 0
1, 160, 0
1, 264, 0
1, 214, 0
1, 488, 0
1, 206, 0
1, 681, 0
1, 910, 0
1, 129, 0
0, 739, 0
1, 1220, 0
1, 586, 0
1, 147, 0
1, 671, 0
1, 402, 0
1, 410, 0
1, 185, 0
1, 204, 0
1, 882, 0
1, 216, 0
1, 98, 0
1, 230, 0
1, 188, 0
1, 11, 0
1, 186, 0
1, 415, 0
1, 253, 0
1, 988, 0
1, 675, 0
1, 652, 0
1, 79, 0
1, 225, 0
1, 61, 0
1, 557, 0
1, 228, 0
1, 90, 0
0, 458, 0
1, 185, 0
1, 1195, 0
1, 125, 0
0, 335, 0
1, 1, 0
1, 144, 0
1, 86, 0
0, 416, 0
1, 38, 0
1, 410, 0
1, 656, 0
1, 90, 0
1, 481, 0
1, 946, 0
1, 1572, 0
1, 225, 0
1, 151, 0
1, 202, 0
1, 712, 0
1, 207, 0
1, 560, 0
1, 530, 0
1, 174, 0
1, 951, 0
1, 1271, 0
0, 1597, 0
1, 331, 0
1, 171, 0
1, 214, 0
1, 149, 0
1, 815, 0
1, 211, 0
0, 263, 0
1, 846, 0
1, 629, 0
0, 360, 0
0, 325, 0
1, 324, 0
1, 284, 0
1, 242, 0
1, 640, 0
1, 974, 0
1, 277, 0
1, 294, 0
0, 347, 0
1, 311, 0
1, 413, 0
1, 581, 0
1, 267, 0
0, 590, 0
1, 340, 0
1, 485, 0
0, 450, 0
1, 292, 0
0, 364, 0
1, 707, 0
1, 572, 0
1, 474, 0
1, 306, 0
1, 209, 0
1, 551, 0
1, 884, 0
1, 255, 0
1, 117, 0
1, 923, 0
1, 808, 0
0, 701, 0
0, 221, 0
1, 635, 0
1, 763, 0
1, 598, 0
1, 440, 0
0, 361, 0
1, 477, 0
1, 739, 0
1, 193, 0
1, 190, 0
1, 226, 0
1, 530, 0
1, 203, 0
0, 672, 0
1, 620, 0
1, 191, 0
1, 207, 0
1, 838, 0
1, 379, 0
1, 797, 0
1, 858, 0
1, 294, 0
1, 222, 0
1, 344, 0
1, 41, 0
0, 259, 0
1, 547, 0
1, 846, 0
1, 181, 0
1, 90, 0
1, 394, 0
1, 468, 0
1, 1187, 0
1, 406, 0
1, 491, 0
1, 47, 0
1, 328, 0
1, 98, 0
1, 461, 0
1, 54, 0
1, 673, 0
1, 233, 0
1, 74, 0
1, 137, 0
0, 358, 0
1, 338, 0
1, 984, 0
1, 368, 0
1, 688, 0
1, 482, 0
1, 1076, 0
1, 243, 0
1, 863, 0
1, 742, 0
1, 121, 0
1, 576, 0
1, 720, 0
1, 169, 0
1, 711, 0
1, 383, 0
1, 739, 0
1, 749, 0
0, 308, 0
1, 865, 0
1, 158, 0
1, 144, 0
1, 249, 0
1, 876, 0
1, 216, 0
1, 1009, 0
1, 85, 0
1, 414, 0
1, 117, 0
0, 6653, 0
1, 158, 0
1, 231, 0
1, 486, 0
1, 31, 0
1, 211, 0
0, 330, 0
1, 461, 0
0, 268, 0
1, 300, 0
1, 356, 0
0, 325, 0
1, 1056, 0
1, 781, 0
1, 340, 0
1, 678, 0
1, 626, 0
1, 400, 0
1, 104, 0
1, 126, 0
1, 689, 0
1, 187, 0
1, 709, 0
1, 785, 0
1, 87, 0
0, 516, 0
1, 711, 0
1, 119, 0
1, 662, 0
1, 368, 0
1, 163, 0
1, 270, 0
1, 147, 0
1, 85, 0
1, 450, 0
1, 177, 0
1, 89, 0
1, 153, 0
1, 194, 0
1, 377, 0
1, 782, 0
1, 94, 0
1, 660, 0
1, 188, 0
1, 546, 0
1, 477, 0
1, 349, 0
1, 20, 0
1, 220, 0
0, 348, 0
1, 1117, 0
1, 773, 0
1, 978, 0
1, 813, 0
1, 1592, 0
1, 939, 0
1, 299, 0
0, 339, 0
1, 227, 0
1, 194, 0
1, 92, 0
1, 287, 0
1, 606, 0
1, 41, 0
1, 52, 0
0, 460, 0
1, 137, 0
1, 274, 0
1, 762, 0
1, 535, 0
1, 201, 0
1, 565, 0
1, 1179, 0
1, 270, 0
1, 332, 0
1, 775, 0
1, 257, 0
1, 510, 0
0, 313, 0
1, 595, 0
1, 680, 0
1, 730, 0
0, 345, 0
1, 266, 0
1, 170, 0
1, 288, 0
1, 364, 0
1, 226, 0
1, 217, 0
1, 146, 0
1, 309, 0
1, 807, 0
1, 138, 0
1, 219, 0
1, 124, 0
1, 829, 0
1, 713, 0
1, 541, 0
1, 225, 0
1, 178, 0
1, 332, 0
1, 282, 0
1, 561, 0
1, 616, 0
1, 350, 0
1, 122, 0
1, 502, 0
1, 822, 0
0, 252, 0
1, 269, 0
1, 281, 0
1, 183, 0
1, 212, 0
1, 1048, 0
1, 54, 0
1, 1227, 0
1, 620, 0
1, 539, 0
0, 468, 0
1, 1012, 0
1, 217, 0
1, 462, 0
1, 668, 0
1, 998, 0
1, 234, 0
1, 208, 0
1, 192, 0
1, 465, 0
1, 5716, 0
1, 9, 0
1, 954, 0
1, 519, 0
1, 524, 0
1, 507, 0
1, 547, 0
1, 261, 0
1, 585, 0
1, 177, 0
1, 933, 0
1, 462, 0
1, 852, 0
1, 311, 0
1, 401, 0
1, 515, 0
1, 654, 0
1, 207, 0
1, 256, 0
1, 658, 0
1, 140, 0
1, 297, 0
1, 663, 0
1, 732, 0
1, 3627, 0
0, 904, 0
1, 409, 0
1, 744, 0
1, 1, 0
1, 273, 0
1, 558, 0
1, 666, 0
1, 348, 0
1, 241, 0
1, 58, 0
1, 154, 0
1, 839, 0
1, 1299, 0
1, 228, 0
1, 489, 0
1, 556, 0
1, 605, 0
1, 626, 0
1, 340, 0
1, 217, 0
1, 592, 0
1, 311, 0
1, 404, 0
1, 499, 0
0, 863, 0
1, 875, 0
1, 244, 0
1, 1072, 0
1, 76, 0
1, 258, 0
1, 206, 0
1, 562, 0
1, 169, 0
1, 136, 0
1, 840, 0
0, 358, 0
1, 525, 0
1, 366, 0
1, 734, 0
1, 54, 0
1, 124, 0
1, 124, 0
1, 680, 0
1, 77, 0
1, 24, 0
1, 512, 0
1, 174, 0
1, 643, 0
0, 1047, 0
1, 874, 0
1, 201, 0
1, 115, 0
1, 246, 0
1, 103, 0
1, 174, 0
1, 536, 0
0, 220, 0
1, 827, 0
1, 662, 0
1, 978, 0
1, 592, 0
0, 371, 0
1, 532, 0
1, 756, 0
1, 157, 0
1, 672, 0
1, 630, 0
1, 758, 0
1, 292, 0
0, 331, 0
1, 305, 0
0, 646, 0
1, 782, 0
1, 425, 0
1, 695, 0
1, 90, 0
0, 267, 0
1, 218, 0
1, 172, 0
0, 391, 0
1, 345, 0
1, 512, 0
1, 267, 0
1, 17, 0
0, 483, 0
1, 321, 0
1, 258, 0
1, 431, 0
1, 760, 0
1, 814, 0
1, 123, 0
1, 825, 0
1, 574, 0
1, 157, 0
1, 785, 0
1, 606, 0
1, 8105, 0
1, 341, 0
1, 251, 0
1, 106, 0
1, 1078, 0
1, 917, 0
1, 387, 0
1, 330, 0
1, 236, 0
1, 132, 0
1, 244, 0
1, 254, 0
1, 448, 0
1, 501, 0
1, 605, 0
1, 248, 0
1, 350, 0
1, 672, 0
0, 593, 0
1, 98, 0
1, 577, 0
1, 339, 0
1, 240, 0
1, 484, 0
1, 484, 0
1, 606, 0
1, 564, 0
1, 262, 0
1, 130, 0
1, 315, 0
1, 113, 0
1, 182, 0
1, 239, 0
1, 50, 0
1, 171, 0
1, 246, 0
1, 169, 0
1, 522, 0
1, 184, 0
1, 80, 0
1, 164, 0
1, 729, 0
0, 458, 0
1, 410, 0
1, 329, 0
0, 301, 0
1, 485, 0
1, 250, 0
1, 288, 0
1, 187, 0
0, 354, 0
1, 29, 0
1, 517, 0
1, 817, 0
1, 584, 0
1, 490, 0
1, 198, 0
1, 614, 0
1, 334, 0
1, 315, 0
1, 984, 0
1, 541, 0
1, 301, 0
1, 53, 0
1, 143, 0
1, 585, 0
1, 1401, 0
1, 134, 0
1, 349, 0
1, 146, 0
1, 661, 0
1, 718, 0
0, 326, 0
1, 652, 0
1, 572, 0
0, 1998, 0
1, 263, 0
1, 201, 0
1, 228, 0
1, 870, 0
1, 173, 0
0, 310, 0
1, 933, 0
1, 671, 0
1, 478, 0
1, 769, 0
1, 283, 0
1, 306, 0
1, 795, 0
1, 344, 0
1, 46, 0
1, 1025, 0
1, 410, 0
1, 960, 0
1, 126, 0
1, 559, 0
1, 51, 0
1, 220, 0
1, 605, 0
1, 747, 0
0, 54, 0
1, 1, 0
1, 308, 0
1, 203, 0
1, 562, 0
1, 98, 0
1, 1014, 0
1, 705, 0
1, 247, 0
1, 681, 0
1, 321, 0
1, 236, 0
1, 763, 0
0, 477, 0
1, 436, 0
1, 799, 0
1, 402, 0
1, 753, 0
1, 238, 0
1, 1009, 0
1, 658, 0
1, 925, 0
1, 507, 0
1, 547, 0
1, 223, 0
1, 189, 0
1, 299, 0
1, 1212, 0
1, 232, 0
1, 324, 0
1, 150, 0
1, 671, 0
1, 855, 0
1, 247, 0
1, 831, 0
1, 158, 0
1, 91, 0
0, 349, 0
1, 28, 0
1, 760, 0
1, 632, 0
0, 211, 0
1, 677, 0
1, 223, 0
1, 634, 0
1, 511, 0
1, 300, 0
1, 317, 0
1, 572, 0
1, 915, 0
1, 802, 0
1, 800, 0
1, 1251, 0
1, 555, 0
1, 592, 0
1, 95, 0
0, 11741, 0
1, 303, 0
1, 488, 0
0, 232, 0
0, 657, 0
1, 311, 0
0, 240, 0
1, 200, 0
1, 366, 0
1, 188, 0
1, 772, 0
1, 179, 0
1, 164, 0
1, 866, 0
1, 86, 0
1, 240, 0
1, 115, 0
1, 195, 0
1, 579, 0
1, 188, 0
1, 224, 0
1, 163, 0
1, 187, 0
1, 817, 0
1, 670, 0
1, 835, 0
1, 642, 0
1, 357, 0
1, 819, 0
1, 396, 0
1, 680, 0
1, 245, 0
1, 108, 0
1, 996, 0
1, 171, 0
1, 188, 0
1, 106, 0
1, 562, 0
1, 2135, 0
1, 223, 0
1, 512, 0
1, 11, 0
1, 174, 0
1, 166, 0
1, 482, 0
1, 129, 0
1, 260, 0
1, 746, 0
1, 67, 0
1, 811, 0
1, 421, 0
1, 280, 0
1, 836, 0
1, 696, 0
1, 793, 0
1, 195, 0
1, 148, 0
1, 576, 0
1, 705, 0
1, 227, 0
1, 748, 0
0, 2050, 0
1, 920, 0
1, 228, 0
1, 176, 0
1, 220, 0
1, 400, 0
1, 740, 0
1, 615, 0
1, 661, 0
1, 118, 0
1, 171, 0
1, 57, 0
1, 684, 0
1, 146, 0
1, 96, 0
1, 139, 0
1, 194, 0
1, 550, 0
1, 553, 0
1, 196, 0
1, 357, 0
1, 5790, 0
1, 325, 0
1, 566, 0
0, 11820, 0
1, 166, 0
1, 613, 0
1, 666, 0
1, 500, 0
1, 774, 0
1, 129, 0
1, 177, 0
1, 660, 0
1, 403, 0
0, 307, 0
1, 379, 0
1, 267, 0
1, 716, 0
1, 23, 0
1, 1385, 0
1, 329, 0
1, 422, 0
1, 609, 0
1, 291, 0
1, 118, 0
1, 129, 0
1, 393, 0
0, 315, 0
1, 187, 0
1, 786, 0
1, 351, 0
1, 581, 0
1, 189, 0
1, 371, 0
1, 354, 0
1, 222, 0
1, 286, 0
1, 270, 0
1, 316, 0
1, 478, 0
1, 167, 0
1, 783, 0
1, 168, 0
1, 203, 0
1, 418, 0
1, 646, 0
1, 802, 0
1, 214, 0
1, 443, 0
1, 322, 0
1, 193, 0
1, 153, 0
1, 281, 0
1, 452, 0
1, 116, 0
1, 474, 0
1, 208, 0
1, 167, 0
1, 656, 0
1, 472, 0
1, 1208, 0
1, 135, 0
1, 199, 0
1, 233, 0
1, 599, 0
1, 591, 0
1, 393, 0
1, 234, 0
1, 521, 0
1, 401, 0
1, 623, 0
1, 307, 0
0, 305, 0
1, 553, 0
1, 590, 0
1, 721, 0
1, 219, 0
1, 717, 0
1, 7333, 0
1, 951, 0
1, 290, 0
1, 169, 0
1, 137, 0
1, 1103, 0
1, 672, 0
1, 149, 0
1, 222, 0
0, 45, 0
1, 54, 0
1, 213, 0
1, 621, 0
1, 252, 0
1, 595, 0
1, 524, 0
1, 338, 0
1, 722, 0
1, 371, 0
1, 112, 0
1, 235, 0
1, 599, 0
1, 283, 0
1, 162, 0
1, 300, 0
1, 768, 0
1, 797, 0
1, 781, 0
1, 88, 0
1, 43, 0
1, 1671, 0
0, 337, 0
1, 740, 0
1, 410, 0
1, 283, 0
1, 146, 0
1, 193, 0
1, 293, 0
1, 479, 0
1, 145, 0
1, 4821, 0
1, 426, 0
1, 794, 0
1, 327, 0
1, 617, 0
1, 290, 0
1, 588, 0
1, 494, 0
1, 688, 0
1, 503, 0
1, 312, 0
1, 132, 0
1, 603, 0
1, 711, 0
1, 375, 0
1, 88, 0
1, 637, 0
1, 7986, 0
1, 674, 0
1, 534, 0
1, 200, 0
0, 472, 0
1, 737, 0
1, 29, 0
1, 243, 0
1, 669, 0
1, 881, 0
1, 161, 0
1, 307, 0
1, 734, 0
1, 624, 0
1, 240, 0
1, 1328, 0
1, 5667, 0
1, 654, 0
1, 768, 0
1, 11, 0
1, 204, 0
1, 970, 0
1, 55, 0
1, 681, 0
1, 262, 0
1, 446, 0
1, 759, 0
1, 88, 0
1, 207, 0
1, 90, 0
1, 290, 0
1, 247, 0
1, 413, 0
1, 608, 0
1, 281, 0
0, 6902, 0
1, 494, 0
1, 297, 0
1, 384, 0
1, 277, 0
1, 541, 0
1, 688, 0
0, 265, 0
0, 716, 0
1, 455, 0
1, 419, 0
0, 517, 0
1, 709, 0
1, 614, 0
1, 253, 0
0, 683, 0
1, 261, 0
1, 94, 0
1, 809, 0
1, 175, 0
1, 1266, 0
1, 275, 0
1, 43, 0
1, 842, 0
1, 646, 0
1, 261, 0
1, 475, 0
1, 694, 0
1, 334, 0
1, 238, 0
1, 223, 0
1, 676, 0
1, 32, 0
1, 567, 0
1, 269, 0
1, 109, 0
1, 820, 0
1, 734, 0
1, 427, 0
1, 563, 0
1, 156, 0
1, 321, 0
1, 160, 0
1, 185, 0
1, 469, 0
1, 693, 0
1, 307, 0
1, 539, 0
0, 2455, 0
0, 256, 0
1, 474, 0
1, 537, 0
1, 112, 0
1, 246, 0
1, 269, 0
1, 112, 0
1, 707, 0
1, 257, 0
1, 190, 0
1, 178, 0
1, 602, 0
1, 276, 0
1, 328, 0
1, 234, 0
1, 106, 0
1, 940, 0
1, 260, 0
1, 185, 0
1, 668, 0
1, 1306, 0
1, 792, 0
1, 170, 0
1, 799, 0
1, 27, 0
1, 431, 0
1, 644, 0
1, 471, 0
1, 94, 0
1, 436, 0
1, 597, 0
1, 717, 0
1, 318, 0
1, 268, 0
1, 703, 0
1, 603, 0
1, 153, 0
1, 52, 0
1, 771, 0
1, 738, 0
1, 766, 0
1, 159, 0
1, 528, 0
1, 800, 0
1, 607, 0
1, 1574, 0
1, 143, 0
1, 413, 0
1, 298, 0
1, 660, 0
1, 357, 0
1, 560, 0
1, 711, 0
1, 717, 0
1, 459, 0
1, 598, 0
1, 326, 0
1, 732, 0
1, 347, 0
1, 745, 0
1, 122, 0
1, 1064, 0
1, 539, 0
1, 866, 0
1, 632, 0
1, 271, 0
1, 610, 0
1, 707, 0
1, 160, 0
1, 204, 0
1, 236, 0
0, 252, 0
1, 533, 0
1, 159, 0
1, 469, 0
1, 808, 0
1, 257, 0
1, 155, 0
1, 221, 0
1, 865, 0
1, 68, 0
1, 722, 0
1, 612, 0
1, 147, 0
1, 243, 0
1, 194, 0
1, 314, 0
1, 801, 0
1, 598, 0
1, 214, 0
1, 215, 0
1, 2155, 0
1, 621, 0
1, 210, 0
0, 337, 0
1, 478, 0
1, 113, 0
1, 540, 0
1, 575, 0
1, 865, 0
1, 1450, 0
1, 664, 0
1, 132, 0
1, 244, 0
1, 197, 0
1, 284, 0
1, 469, 0
1, 27, 0
1, 407, 0
1, 811, 0
1, 637, 0
1, 188, 0
1, 174, 0
0, 311, 0
1, 555, 0
1, 116, 0
1, 899, 0
1, 337, 0
1, 362, 0
1, 743, 0
1, 677, 0
1, 284, 0
1, 571, 0
1, 281, 0
1, 186, 0
1, 670, 0
1, 124, 0
1, 58, 0
1, 221, 0
1, 246, 0
1, 579, 0
1, 271, 0
1, 273, 0
1, 322, 0
1, 239, 0
1, 143, 0
0, 271, 0
1, 586, 0
1, 98, 0
1, 1062, 0
1, 480, 0
1, 202, 0
1, 640, 0
1, 525, 0
1, 221, 0
1, 113, 0
1, 689, 0
1, 780, 0
1, 5076, 0
1, 195, 0
1, 521, 0
1, 209, 0
1, 664, 0
1, 2355, 0
1, 166, 0
0, 994, 0
1, 553, 0
1, 784, 0
1, 600, 0
1, 222, 0
1, 599, 0
0, 393, 0
1, 647, 0
1, 564, 0
1, 564, 0
1, 111, 0
1, 213, 0
1, 231, 0
1, 151, 0
1, 367, 0
1, 106, 0
1, 659, 0
1, 642, 0
1, 106, 0
1, 155, 0
1, 167, 0
1, 1145, 0
1, 8196, 0
1, 330, 0
1, 84, 0
1, 265, 0
1, 231, 0
1, 973, 0
1, 139, 0
1, 953, 0
1, 358, 0
1, 709, 0
1, 929, 0
1, 172, 0
1, 616, 0
1, 169, 0
1, 305, 0
1, 860, 0
1, 282, 0
1, 562, 0
1, 626, 0
0, 3777, 0
1, 1055, 0
1, 190, 0
1, 154, 0
1, 170, 0
1, 721, 0
1, 316, 0
1, 742, 0
1, 1118, 0
1, 18, 0
1, 555, 0
1, 586, 0
0, 1276, 0
1, 107, 0
1, 22, 0
1, 554, 0
1, 848, 0
1, 263, 0
1, 125, 0
1, 1512, 0
1, 677, 0
1, 68, 0
1, 224, 0
1, 534, 0
1, 519, 0
1, 679, 0
1, 132, 0
1, 161, 0
0, 311, 0
1, 740, 0
1, 754, 0
1, 1045, 0
1, 913, 0
1, 214, 0
1, 756, 0
0, 227, 0
1, 261, 0
1, 643, 0
1, 341, 0
1, 287, 0
1, 173, 0
1, 225, 0
1, 248, 0
1, 176, 0
1, 203, 0
1, 667, 0
1, 482, 0
1, 217, 0
1, 265, 0
1, 675, 0
1, 202, 0
1, 109, 0
1, 349, 0
1, 274, 0
1, 420, 0
1, 810, 0
1, 607, 0
1, 121, 0
1, 440, 0
1, 145, 0
1, 522, 0
1, 536, 0
1, 186, 0
1, 318, 0
1, 79, 0
1, 194, 0
1, 153, 0
1, 427, 0
1, 728, 0
1, 175, 0
1, 610, 0
1, 69, 0
1, 172, 0
1, 819, 0
1, 166, 0
1, 252, 0
1, 731, 0
1, 483, 0
1, 9836, 0
1, 143, 0
1, 153, 0
1, 734, 0
1, 720, 0
1, 490, 0
1, 256, 0
1, 359, 0
1, 623, 0
1, 154, 0
1, 451, 0
0, 691, 0
1, 69, 0
1, 110, 0
1, 238, 0
1, 292, 0
1, 98, 0
1, 502, 0
1, 290, 0
1, 131, 0
1, 186, 0
1, 871, 0
1, 503, 0
1, 735, 0
1, 667, 0
1, 736, 0
1, 826, 0
1, 1560, 0
1, 317, 0
1, 634, 0
1, 242, 0
1, 172, 0
1, 713, 0
1, 555, 0
1, 242, 0
1, 166, 0
1, 572, 0
1, 401, 0
1, 680, 0
1, 198, 0
1, 192, 0
1, 2165, 0
1, 734, 0
1, 478, 0
1, 625, 0
1, 751, 0
1, 225, 0
1, 465, 0
0, 773, 0
1, 204, 0
1, 174, 0
1, 759, 0
1, 345, 0
1, 210, 0
1, 234, 0
1, 174, 0
1, 453, 0
1, 688, 0
1, 519, 0
1, 1150, 0
1, 846, 0
1, 572, 0
1, 317, 0
1, 54, 0
1, 75, 0
1, 171, 0
1, 175, 0
0, 764, 0
0, 691, 0
1, 264, 0
1, 500, 0
1, 238, 0
1, 739, 0
1, 919, 0
1, 472, 0
1, 11, 0
1, 132, 0
1, 715, 0
1, 81, 0
1, 538, 0
1, 616, 0
1, 252, 0
1, 819, 0
0, 2589, 0
1, 259, 0
1, 760, 0
1, 290, 0
1, 493, 0
1, 924, 0
1, 614, 0
1, 950, 0
1, 146, 0
1, 104, 0
1, 225, 0
1, 833, 0
1, 553, 0
1, 558, 0
1, 672, 0
1, 692, 0
1, 497, 0
1, 589, 0
1, 594, 0
1, 279, 0
1, 373, 0
1, 375, 0
1, 489, 0
1, 59, 0
1, 815, 0
1, 674, 0
1, 137, 0
0, 395, 0
1, 522, 0
1, 385, 0
1, 170, 0
1, 84, 0
1, 673, 0
1, 301, 0
1, 736, 0
1, 455, 0
1, 461, 0
1, 243, 0
1, 512, 0
1, 670, 0
1, 797, 0
1, 64, 0
1, 609, 0
1, 349, 0
0, 340, 0
1, 511, 0
1, 688, 0
1, 182, 0
1, 578, 0
1, 413, 0
1, 69, 0
1, 321, 0
1, 43, 0
1, 824, 0
1, 180, 0
1, 146, 0
1, 495, 0
1, 486, 0
1, 284, 0
1, 544, 0
1, 622, 0
1, 144, 0
1, 470, 0
1, 157, 0
1, 605, 0
1, 727, 0
1, 1, 0
1, 842, 0
1, 217, 0
1, 425, 0
1, 95, 0
1, 556, 0
1, 357, 0
1, 6898, 0
1, 355, 0
1, 90, 0
1, 18, 0
1, 682, 0
1, 499, 0
0, 307, 0
1, 694, 0
1, 142, 0
1, 374, 0
1, 705, 0
1, 293, 0
1, 119, 0
1, 139, 0
1, 700, 0
1, 650, 0
1, 1977, 0
1, 654, 0
0, 248, 0
1, 206, 0
1, 160, 0
1, 185, 0
1, 608, 0
1, 522, 0
1, 67, 0
1, 237, 0
1, 478, 0
1, 314, 0
1, 233, 0
1, 245, 0
1, 519, 0
1, 375, 0
1, 160, 0
1, 153, 0
1, 139, 0
1, 246, 0
1, 417, 0
1, 416, 0
0, 868, 0
1, 476, 0
1, 356, 0
1, 721, 0
1, 689, 0
1, 686, 0
1, 187, 0
1, 356, 0
1, 212, 0
1, 310, 0
0, 1091, 0
1, 391, 0
0, 247, 0
1, 138, 0
1, 976, 0
1, 142, 0
1, 470, 0
1, 243, 0
1, 291, 0
1, 111, 0
1, 1369, 0
1, 383, 0
1, 489, 0
1, 194, 0
1, 206, 0
1, 508, 0
1, 201, 0
1, 144, 0
1, 121, 0
1, 90, 0
1, 1148, 0
1, 912, 0
1, 711, 0
1, 178, 0
1, 265, 0
1, 295, 0
1, 256, 0
1, 554, 0
1, 714, 0
1, 667, 0
1, 482, 0
1, 62, 0
1, 1140, 0
1, 250, 0
1, 897, 0
1, 391, 0
1, 43, 0
1, 738, 0
1, 612, 0
0, 3637, 0
1, 545, 0
1, 512, 0
0, 1092, 0
1, 75, 0
1, 700, 0
1, 625, 0
1, 1518, 0
1, 174, 0
1, 672, 0
1, 731, 0
1, 178, 0
1, 161, 0
1, 79, 0
0, 80, 0
1, 738, 0
1, 172, 0
1, 464, 0
1, 222, 0
1, 444, 0
1, 324, 0
1, 548, 0
1, 561, 0
1, 570, 0
1, 157, 0
1, 466, 0
1, 257, 0
1, 742, 0
1, 744, 0
1, 256, 0
1, 92, 0
1, 332, 0
1, 1233, 0
1, 218, 0
1, 534, 0
1, 189, 0
1, 702, 0
1, 6748, 0
1, 438, 0
1, 365, 0
1, 8829, 0
1, 754, 0
1, 84, 0
1, 636, 0
1, 526, 0
1, 247, 0
1, 161, 0
1, 273, 0
1, 444, 0
1, 367, 0
1, 167, 0
1, 110, 0
1, 744, 0
1, 808, 0
1, 195, 0
1, 432, 0
1, 349, 0
1, 228, 0
1, 800, 0
1, 434, 0
1, 168, 0
1, 232, 0
1, 711, 0
1, 162, 0
1, 1668, 0
1, 187, 0
1, 527, 0
1, 251, 0
1, 161, 0
1, 217, 0
0, 4903, 0
1, 647, 0
1, 281, 0
1, 345, 0
1, 511, 0
0, 338, 0
1, 134, 0
1, 182, 0
1, 532, 0
1, 41, 0
1, 83, 0
0, 2884, 0
1, 7953, 0
1, 200, 0
0, 256, 0
1, 491, 0
1, 622, 0
1, 1441, 0
1, 742, 0
1, 236, 0
1, 641, 0
1, 651, 0
1, 693, 0
1, 873, 0
1, 103, 0
1, 132, 0
1, 444, 0
1, 682, 0
1, 370, 0
1, 148, 0
1, 6880, 0
1, 315, 0
1, 120, 0
1, 116, 0
1, 177, 0
1, 509, 0
1, 26, 0
1, 564, 0
1, 159, 0
1, 371, 0
1, 275, 0
1, 330, 0
1, 221, 0
0, 2926, 0
1, 202, 0
1, 294, 0
0, 9791, 0
1, 254, 0
1, 609, 0
1, 666, 0
1, 540, 0
1, 1197, 0
1, 825, 0
1, 654, 0
1, 152, 0
1, 171, 0
1, 72, 0
1, 717, 0
1, 528, 0
1, 956, 0
1, 1330, 0
1, 290, 0
1, 99, 0
1, 602, 0
1, 66, 0
1, 68, 0
1, 377, 0
1, 136, 0
1, 357, 0
1, 109, 0
1, 206, 0
1, 538, 0
0, 15794, 0
1, 166, 0
1, 533, 0
1, 146, 0
1, 2, 0
1, 355, 0
1, 224, 0
1, 397, 0
1, 117, 0
1, 177, 0
1, 887, 0
0, 4555, 0
1, 614, 0
1, 667, 0
1, 142, 0
1, 1, 0
1, 268, 0
1, 583, 0
1, 476, 0
1, 442, 0
1, 253, 0
1, 297, 0
1, 4576, 0
1, 228, 0
1, 88, 0
1, 521, 0
1, 285, 0
1, 3516, 0
1, 204, 0
1, 541, 0
1, 167, 0
1, 497, 0
1, 566, 0
1, 300, 0
1, 627, 0
1, 691, 0
1, 341, 0
0, 573, 0
1, 664, 0
1, 8641, 0
1, 479, 0
1, 247, 0
1, 323, 0
1, 51, 0
1, 114, 0
1, 251, 0
1, 245, 0
1, 79, 0
1, 820, 0
1, 838, 0
1, 319, 0
1, 671, 0
1, 503, 0
1, 168, 0
1, 817, 0
1, 380, 0
1, 1230, 0
1, 523, 0
1, 127, 0
1, 117, 0
1, 726, 0
1, 173, 0
1, 495, 0
1, 233, 0
1, 471, 0
1, 475, 0
0, 213, 0
1, 857, 0
1, 400, 0
1, 560, 0
1, 199, 0
1, 271, 0
1, 677, 0
1, 660, 0
0, 4709, 0
1, 341, 0
1, 230, 0
1, 693, 0
1, 47, 0
1, 585, 0
1, 55, 0
1, 208, 0
1, 184, 0
1, 2747, 0
1, 123, 0
1, 437, 0
1, 650, 0
1, 18, 0
1, 155, 0
1, 827, 0
1, 8304, 0
1, 297, 0
1, 723, 0
1, 549, 0
0, 3192, 0
1, 575, 0
1, 268, 0
1, 589, 0
1, 538, 0
1, 329, 0
1, 466, 0
1, 194, 0
1, 551, 0
1, 569, 0
1, 629, 0
1, 635, 0
1, 11785, 0
1, 697, 0
1, 346, 0
1, 133, 0
1, 207, 0
1, 72, 0
1, 753, 0
1, 583, 0
1, 181, 0
1, 306, 0
1, 162, 0
1, 250, 0
1, 161, 0
1, 799, 0
1, 416, 0
1, 2024, 0
1, 714, 0
1, 6095, 0
0, 960, 0
1, 648, 0
1, 270, 0
1, 140, 0
1, 459, 0
1, 365, 0
0, 322, 0
1, 155, 0
1, 162, 0
1, 179, 0
1, 459, 0
0, 304, 0
1, 157, 0
1, 783, 0
0, 363, 0
1, 673, 0
1, 154, 0
1, 651, 0
1, 117, 0
1, 1, 0
1, 39, 0
1, 397, 0
1, 183, 0
1, 47, 0
1, 4035, 0
1, 419, 0
1, 277, 0
1, 596, 0
1, 155, 0
1, 210, 0
1, 668, 0
1, 413, 0
1, 378, 0
1, 155, 0
1, 247, 0
1, 461, 0
1, 417, 0
1, 148, 0
1, 179, 0
1, 669, 0
0, 5171, 0
1, 190, 0
1, 511, 0
1, 245, 0
1, 119, 0
1, 1277, 0
1, 702, 0
1, 516, 0
1, 230, 0
1, 648, 0
1, 229, 0
1, 37, 0
0, 12210, 0
1, 261, 0
1, 211, 0
1, 636, 0
1, 473, 0
1, 218, 0
1, 295, 0
1, 273, 0
1, 142, 0
1, 699, 0
1, 491, 0
1, 482, 0
1, 271, 0
1, 228, 0
1, 605, 0
1, 99, 0
0, 1588, 0
1, 436, 0
1, 121, 0
1, 129, 0
1, 702, 0
1, 298, 0
1, 3161, 0
1, 365, 0
1, 387, 0
1, 239, 0
1, 661, 0
1, 66, 0
1, 563, 0
1, 816, 0
1, 562, 0
0, 14868, 0
1, 432, 0
1, 381, 0
1, 290, 0
1, 235, 0
1, 630, 0
1, 112, 0
1, 183, 0
1, 771, 0
1, 484, 0
1, 153, 0
1, 482, 0
1, 170, 0
1, 892, 0
1, 158, 0
1, 469, 0
1, 167, 0
1, 1215, 0
0, 321, 0
1, 277, 0
1, 351, 0
1, 250, 0
1, 800, 0
1, 175, 0
1, 1213, 0
1, 161, 0
1, 419, 0
1, 369, 0
1, 505, 0
1, 316, 0
1, 500, 0
1, 808, 0
1, 193, 0
1, 236, 0
1, 225, 0
1, 351, 0
1, 445, 0
1, 126, 0
1, 784, 0
1, 783, 0
1, 551, 0
1, 201, 0
1, 50, 0
1, 433, 0
1, 381, 0
1, 585, 0
1, 369, 0
1, 137, 0
1, 368, 0
1, 723, 0
1, 114, 0
1, 860, 0
1, 256, 0
1, 236, 0
0, 225, 0
1, 489, 0
1, 436, 0
0, 218, 0
1, 531, 0
1, 782, 0
1, 504, 0
1, 152, 0
1, 601, 0
1, 151, 0
1, 442, 0
1, 653, 0
1, 140, 0
1, 104, 0
1, 348, 0
1, 439, 0
1, 183, 0
0, 2741, 0
1, 493, 0
1, 393, 0
1, 178, 0
1, 716, 0
1, 65, 0
1, 536, 0
1, 716, 0
1, 717, 0
1, 172, 0
1, 322, 0
1, 749, 0
1, 122, 0
1, 331, 0
1, 232, 0
1, 787, 0
1, 222, 0
1, 186, 0
1, 577, 0
1, 398, 0
1, 331, 0
1, 216, 0
1, 352, 0
1, 284, 0
1, 229, 0
1, 312, 0
1, 387, 0
1, 480, 0
1, 841, 0
1, 274, 0
1, 169, 0
0, 287, 0
1, 176, 0
1, 2102, 0
1, 363, 0
1, 370, 0
1, 114, 0
1, 231, 0
1, 105, 0
1, 277, 0
1, 219, 0
1, 538, 0
1, 814, 0
0, 14546, 0
1, 202, 0
1, 790, 0
1, 221, 0
1, 600, 0
1, 426, 0
1, 25, 0
1, 181, 0
1, 113, 0
1, 288, 0
1, 583, 0
1, 133, 0
1, 629, 0
1, 353, 0
1, 484, 0
1, 117, 0
1, 391, 0
1, 928, 0
1, 486, 0
1, 1819, 0
1, 179, 0
1, 264, 0
1, 512, 0
1, 583, 0
1, 386, 0
1, 204, 0
1, 746, 0
1, 45, 0
1, 768, 0
0, 280, 0
1, 556, 0
1, 455, 0
1, 823, 0
1, 368, 0
1, 527, 0
1, 145, 0
1, 594, 0
1, 455, 0
1, 553, 0
1, 184, 0
1, 408, 0
1, 84, 0
1, 428, 0
1, 122, 0
1, 297, 0
1, 636, 0
1, 428, 0
1, 15456, 0
1, 143, 0
1, 741, 0
1, 628, 0
1, 7, 0
1, 599, 0
1, 680, 0
1, 71, 0
1, 585, 0
1, 263, 0
1, 284, 0
1, 107, 0
1, 645, 0
1, 147, 0
1, 160, 0
1, 535, 0
1, 267, 0
1, 538, 0
1, 328, 0
1, 70, 0
1, 68, 0
1, 561, 0
1, 62, 0
1, 65, 0
1, 730, 0
1, 662, 0
1, 724, 0
1, 647, 0
1, 177, 0
1, 193, 0
1, 237, 0
1, 152, 0
1, 160, 0
1, 223, 0
1, 104, 0
1, 829, 0
1, 564, 0
1, 619, 0
1, 278, 0
1, 644, 0
1, 242, 0
1, 479, 0
1, 120, 0
1, 17, 0
1, 165, 0
1, 161, 0
1, 392, 0
1, 538, 0
1, 260, 0
1, 624, 0
1, 738, 0
1, 488, 0
1, 264, 0
1, 47, 0
1, 801, 0
1, 697, 0
1, 548, 0
1, 744, 0
1, 466, 0
1, 363, 0
1, 135, 0
1, 259, 0
1, 750, 0
1, 619, 0
1, 718, 0
1, 699, 0
1, 415, 0
1, 71, 0
1, 443, 0
1, 122, 0
1, 1979, 0
1, 671, 0
1, 391, 0
1, 6718, 0
1, 442, 0
1, 911, 0
1, 506, 0
1, 147, 0
1, 248, 0
1, 718, 0
1, 156, 0
1, 32, 0
1, 292, 0
1, 675, 0
1, 254, 0
1, 255, 0
1, 237, 0
1, 750, 0
1, 575, 0
1, 196, 0
1, 144, 0
1, 504, 0
0, 6361, 0
1, 171, 0
0, 274, 0
1, 97, 0
1, 85, 0
1, 491, 0
1, 279, 0
1, 714, 0
1, 642, 0
1, 730, 0
1, 817, 0
1, 856, 0
1, 698, 0
1, 654, 0
1, 781, 0
1, 565, 0
1, 145, 0
1, 530, 0
1, 654, 0
1, 201, 0
1, 7329, 0
1, 807, 0
1, 244, 0
1, 233, 0
1, 190, 0
1, 259, 0
1, 215, 0
1, 316, 0
1, 418, 0
1, 554, 0
1, 539, 0
1, 906, 0
1, 91, 0
1, 111, 0
1, 556, 0
1, 791, 0
1, 696, 0
1, 366, 0
1, 109, 0
1, 186, 0
1, 81, 0
1, 314, 0
1, 317, 0
1, 648, 0
1, 713, 0
1, 193, 0
1, 633, 0
1, 108, 0
1, 716, 0
1, 559, 0
1, 64, 0
1, 631, 0
1, 137, 0
1, 1340, 0
1, 478, 0
1, 766, 0
1, 732, 0
1, 22, 0
1, 358, 0
1, 202, 0
1, 650, 0
1, 628, 0
1, 454, 0
1, 105, 0
1, 438, 0
1, 220, 0
1, 495, 0
1, 192, 0
1, 526, 0
1, 465, 0
1, 41, 0
1, 208, 0
1, 265, 0
1, 201, 0
1, 1196, 0
1, 674, 0
1, 153, 0
1, 110, 0
1, 161, 0
1, 191, 0
1, 648, 0
1, 68, 0
1, 538, 0
1, 773, 0
1, 138, 0
1, 166, 0
1, 509, 0
1, 125, 0
1, 750, 0
1, 990, 0
1, 677, 0
1, 236, 0
1, 468, 0
1, 856, 0
1, 811, 0
1, 57, 0
1, 900, 0
1, 818, 0
1, 804, 0
1, 369, 0
1, 786, 0
1, 437, 0
1, 496, 0
1, 446, 0
1, 193, 0
1, 770, 0
1, 91, 0
1, 506, 0
1, 347, 0
1, 184, 0
1, 1343, 0
1, 312, 0
1, 102, 0
1, 272, 0
1, 452, 0
1, 99, 0
1, 394, 0
1, 572, 0
1, 627, 0
1, 241, 0
1, 620, 0
1, 647, 0
1, 751, 0
1, 214, 0
0, 12665, 0
1, 668, 0
1, 140, 0
1, 774, 0
1, 1378, 0
1, 2844, 0
1, 761, 0
1, 428, 0
1, 735, 0
1, 295, 0
1, 731, 0
0, 4564, 0
1, 211, 0
1, 153, 0
1, 188, 0
1, 16, 0
1, 345, 0
1, 152, 0
1, 196, 0
0, 314, 0
1, 210, 0
0, 683, 0
1, 167, 0
1, 304, 0
1, 534, 0
1, 1075, 0
1, 159, 0
1, 692, 0
1, 178, 0
1, 158, 0
1, 700, 0
1, 276, 0
1, 978, 0
1, 535, 0
1, 687, 0
1, 908, 0
1, 224, 0
1, 1313, 0
1, 163, 0
1, 483, 0
1, 49, 0
1, 269, 0
1, 770, 0
1, 2305, 0
1, 666, 0
1, 185, 0
1, 5575, 0
1, 489, 0
1, 238, 0
1, 148, 0
1, 283, 0
1, 208, 0
1, 457, 0
1, 697, 0
1, 186, 0
1, 424, 0
1, 681, 0
1, 238, 0
1, 666, 0
1, 684, 0
1, 424, 0
1, 905, 0
1, 178, 0
1, 92, 0
1, 207, 0
1, 56, 0
1, 184, 0
1, 513, 0
1, 75, 0
1, 98, 0
1, 262, 0
1, 637, 0
1, 702, 0
1, 31, 0
1, 175, 0
1, 757, 0
1, 74, 0
1, 152, 0
1, 124, 0
1, 366, 0
1, 189, 0
1, 745, 0
1, 89, 0
1, 709, 0
1, 63, 0
1, 559, 0
1, 432, 0
0, 295, 0
1, 506, 0
1, 707, 0
1, 417, 0
1, 120, 0
0, 333, 0
1, 758, 0
1, 319, 0
1, 318, 0
1, 517, 0
1, 46, 0
1, 174, 0
1, 603, 0
1, 181, 0
1, 796, 0
1, 169, 0
1, 210, 0
1, 425, 0
0, 231, 0
1, 181, 0
1, 234, 0
1, 609, 0
1, 203, 0
1, 593, 0
1, 684, 0
1, 386, 0
1, 751, 0
1, 4168, 0
1, 465, 0
1, 340, 0
1, 148, 0
1, 557, 0
1, 369, 0
1, 5149, 0
1, 238, 0
1, 629, 0
1, 294, 0
1, 494, 0
1, 687, 0
1, 375, 0
1, 3739, 0
1, 265, 0
1, 589, 0
1, 260, 0
1, 191, 0
1, 420, 0
1, 698, 0
1, 153, 0
1, 604, 0
1, 515, 0
1, 205, 0
1, 658, 0
1, 106, 0
1, 302, 0
1, 542, 0
1, 743, 0
1, 414, 0
1, 213, 0
1, 457, 0
1, 176, 0
0, 728, 0
1, 72, 0
1, 568, 0
1, 275, 0
1, 477, 0
1, 612, 0
1, 570, 0
1, 261, 0
1, 863, 0
1, 438, 0
1, 517, 0
0, 501, 0
1, 789, 0
1, 928, 0
1, 473, 0
1, 122, 0
1, 909, 0
1, 417, 0
1, 297, 0
1, 267, 0
1, 746, 0
1, 2436, 0
1, 659, 0
1, 59, 0
1, 150, 0
1, 76, 0
0, 80, 0
1, 322, 0
1, 594, 0
1, 112, 0
1, 886, 0
0, 885, 0
1, 1546, 0
1, 230, 0
1, 215, 0
1, 425, 0
1, 455, 0
1, 1480, 0
1, 64, 0
1, 40, 0
1, 710, 0
1, 5218, 0
1, 685, 0
1, 144, 0
1, 117, 0
1, 757, 0
1, 556, 0
1, 411, 0
1, 3768, 0
1, 557, 0
1, 822, 0
1, 556, 0
1, 161, 0
1, 706, 0
1, 178, 0
1, 250, 0
1, 376, 0
1, 219, 0
1, 716, 0
0, 306, 0
1, 317, 0
1, 606, 0
1, 1027, 0
1, 423, 0
1, 891, 0
1, 596, 0
1, 529, 0
1, 285, 0
1, 201, 0
1, 158, 0
1, 458, 0
1, 62, 0
1, 113, 0
1, 224, 0
1, 453, 0
1, 426, 0
1, 884, 0
1, 285, 0
1, 281, 0
1, 775, 0
1, 148, 0
1, 546, 0
1, 158, 0
1, 835, 0
1, 442, 0
1, 364, 0
1, 276, 0
1, 551, 0
1, 506, 0
1, 601, 0
1, 259, 0
1, 1039, 0
1, 647, 0
1, 1794, 0
1, 11, 0
1, 333, 0
1, 713, 0
1, 795, 0
1, 280, 0
1, 93, 0
1, 152, 0
1, 657, 0
1, 152, 0
1, 417, 0
1, 251, 0
1, 130, 0
1, 224, 0
1, 135, 0
1, 561, 0
1, 622, 0
1, 64, 0
1, 189, 0
1, 246, 0
1, 217, 0
1, 732, 0
1, 594, 0
1, 122, 0
1, 596, 0
1, 351, 0
1, 63, 0
1, 934, 0
1, 335, 0
1, 283, 0
1, 249, 0
1, 680, 0
1, 213, 0
0, 406, 0
1, 100, 0
1, 254, 0
1, 525, 0
1, 564, 0
1, 53, 0
1, 662, 0
1, 441, 0
1, 299, 0
1, 320, 0
1, 295, 0
1, 296, 0
1, 501, 0
1, 105, 0
1, 214, 0
1, 336, 0
1, 426, 0
1, 162, 0
1, 204, 0
1, 501, 0
1, 654, 0
1, 324, 0
1, 225, 0
1, 202, 0
1, 182, 0
1, 141, 0
1, 184, 0
1, 198, 0
1, 700, 0
1, 611, 0
1, 958, 0
1, 596, 0
1, 37, 0
1, 1058, 0
1, 285, 0
1, 368, 0
1, 263, 0
1, 573, 0
1, 620, 0
1, 34, 0
1, 267, 0
1, 484, 0
1, 155, 0
1, 201, 0
1, 88, 0
1, 369, 0
1, 495, 0
1, 238, 0
1, 546, 0
1, 167, 0
1, 279, 0
1, 84, 0
1, 284, 0
1, 275, 0
1, 828, 0
0, 296, 0
1, 502, 0
1, 255, 0
1, 261, 0
1, 252, 0
1, 300, 0
1, 225, 0
1, 751, 0
1, 272, 0
1, 301, 0
0, 694, 0
1, 642, 0
0, 751, 0
1, 102, 0
1, 219, 0
1, 544, 0
1, 832, 0
1, 271, 0
1, 827, 0
1, 594, 0
1, 698, 0
1, 228, 0
1, 5847, 0
1, 127, 0
1, 381, 0
0, 253, 0
1, 785, 0
1, 115, 0
1, 759, 0
1, 1, 0
1, 111, 0
1, 599, 0
1, 721, 0
1, 339, 0
1, 388, 0
1, 126, 0
1, 525, 0
1, 41, 0
1, 354, 0
1, 135, 0
1, 154, 0
1, 973, 0
1, 420, 0
1, 520, 0
1, 60, 0
1, 753, 0
0, 387, 0
1, 789, 0
1, 28, 0
1, 768, 0
1, 156, 0
1, 135, 0
1, 578, 0
1, 189, 0
1, 745, 0
1, 123, 0
1, 81, 0
1, 517, 0
1, 591, 0
1, 252, 0
1, 833, 0
1, 776, 0
1, 111, 0
1, 199, 0
1, 382, 0
1, 158, 0
1, 163, 0
1, 565, 0
1, 381, 0
1, 217, 0
1, 157, 0
0, 651, 0
1, 209, 0
1, 817, 0
1, 1064, 0
1, 767, 0
1, 287, 0
1, 417, 0
1, 549, 0
1, 224, 0
1, 174, 0
1, 275, 0
1, 351, 0
1, 279, 0
1, 441, 0
1, 58, 0
1, 273, 0
1, 1264, 0
1, 439, 0
1, 721, 0
1, 201, 0
1, 1543, 0
1, 262, 0
1, 536, 0
1, 554, 0
1, 653, 0
1, 187, 0
1, 273, 0
1, 918, 0
1, 10, 0
1, 166, 0
0, 5341, 0
1, 99, 0
1, 154, 0
1, 646, 0
1, 533, 0
1, 214, 0
1, 532, 0
1, 195, 0
1, 234, 0
1, 218, 0
1, 19, 0
1, 422, 0
1, 212, 0
1, 447, 0
1, 802, 0
1, 424, 0
1, 135, 0
1, 692, 0
1, 160, 0
1, 240, 0
1, 128, 0
1, 566, 0
1, 1, 0
1, 197, 0
1, 47, 0
1, 584, 0
1, 290, 0
1, 150, 0
1, 188, 0
1, 102, 0
1, 83, 0
1, 126, 0
1, 661, 0
1, 2198, 0
1, 2, 0
1, 299, 0
1, 704, 0
1, 503, 0
1, 672, 0
1, 144, 0
1, 309, 0
1, 148, 0
1, 502, 0
1, 495, 0
1, 735, 0
1, 222, 0
1, 33, 0
0, 1790, 0
1, 242, 0
1, 116, 0
1, 209, 0
1, 299, 0
1, 674, 0
1, 433, 0
1, 237, 0
1, 137, 0
1, 636, 0
1, 175, 0
1, 22, 0
1, 445, 0
1, 1622, 0
1, 105, 0
1, 99, 0
1, 146, 0
1, 755, 0
1, 1059, 0
1, 442, 0
1, 171, 0
1, 706, 0
1, 244, 0
0, 300, 0
0, 3910, 0
1, 2542, 0
1, 151, 0
1, 139, 0
1, 640, 0
1, 557, 0
1, 805, 0
0, 1042, 0
1, 6993, 0
1, 641, 0
1, 536, 0
1, 403, 0
1, 681, 0
1, 768, 0
1, 152, 0
1, 404, 0
1, 9741, 0
1, 326, 0
1, 254, 0
1, 456, 0
1, 372, 0
1, 845, 0
1, 221, 0
1, 183, 0
1, 224, 0
1, 280, 0
1, 744, 0
1, 210, 0
1, 515, 0
1, 749, 0
1, 706, 0
1, 179, 0
1, 344, 0
0, 356, 0
1, 210, 0
1, 164, 0
0, 307, 0
0, 340, 0
1, 326, 0
1, 121, 0
1, 617, 0
1, 599, 0
1, 175, 0
1, 809, 0
1, 193, 0
1, 229, 0
1, 949, 0
1, 258, 0
1, 229, 0
1, 137, 0
1, 93, 0
1, 109, 0
1, 8188, 0
1, 469, 0
1, 173, 0
1, 120, 0
1, 751, 0
1, 165, 0
1, 4523, 0
1, 177, 0
1, 540, 0
1, 142, 0
1, 706, 0
1, 167, 0
1, 178, 0
0, 1822, 0
1, 727, 0
1, 370, 0
1, 517, 0
0, 534, 0
1, 528, 0
1, 245, 0
1, 241, 0
1, 541, 0
1, 1, 0
1, 606, 0
1, 472, 0
1, 831, 0
1, 218, 0
1, 290, 0
1, 13766, 0
1, 116, 0
1, 73, 0
1, 1052, 0
1, 264, 0
1, 1614, 0
1, 676, 0
1, 703, 0
1, 4322, 0
1, 247, 0
1, 114, 0
1, 408, 0
1, 710, 0
1, 486, 0
1, 785, 0
1, 974, 0
1, 109, 0
1, 311, 0
1, 151, 0
1, 279, 0
1, 485, 0
1, 461, 0
1, 390, 0
1, 553, 0
1, 785, 0
1, 114, 0
1, 571, 0
1, 539, 0
1, 94, 0
1, 478, 0
1, 171, 0
1, 247, 0
1, 58, 0
1, 542, 0
1, 273, 0
1, 109, 0
1, 504, 0
1, 551, 0
0, 3978, 0
1, 639, 0
1, 159, 0
1, 13, 0
1, 114, 0
1, 304, 0
1, 237, 0
1, 835, 0
1, 247, 0
1, 82, 0
1, 193, 0
1, 1027, 0
1, 629, 0
