2
3
3
3
3
3
3
2
3
3
3
3
2
3
3
2
2
2
2
2
2
2
2
2
2
2
2
2
2
2
2
2
4
2
3
5
3
2
3
3
2
3
22
3
3
2
3
4
3
3
7
10
16
20
24
28
32
36
39
43
47
51
55
59
62
66
71
75
79
97
101
106
110
114
117
121
127
131
134
138
143
147
151
157
161
165
170
173
174
178
181
185
190
194
198
202
206
212
216
220
225
230
245
249
253
257
279
283
289
292
296
300
304
308
311
312
316
318
319
320
345
349
366
382
386
389
409
414
422
426
431
436
440
444
448
452
455
456
457
458
461
465
488
491
495
501
505
509
531
535
539
542
546
550
554
555
559
563
568
591
596
599
605
609
615
619
625
629
650
654
657
672
676
680
684
715
731
735
758
763
767
772
776
779
803
826
830
839
2
2
2
2
2
846
858
891
895
900
903
907
923
945
949
954
972
974
975
976
980
984
989
993
1000
1004
1031
1035
1056
1061
1076
1080
1084
1088
1121
1145
1157
1160
1164
1187
1190
1194
2
1195
1232
1236
1240
1244
1260
1286
1291
1295
1316
1337
1375
1386
1407
1413
1425
1443
1477
2
1498
1502
1520
1527
1550
1562
1597
1601
1602
1606
1627
1648
1675
1679
1683
1705
1719
1745
1748
1752
1804
1807
1809
1811
1812
1864
1886
1924
1958
1989
2018
2049
2070
2082
2126
2149
2183
2209
2249
2254
2270
2340
2366
2387
2434
2465
2469
2498
2529
2555
2578
2603
2634
2681
2691
2716
2835
2855
2922
2998
3043
3044
3045
3124
3293
3310
3311
2
3313
3415
3466
3503
3625
3653
3671
3700
3766
3843
3850
3870
3953
3992
4007
4037
4054
4087
4089
4158
4400
4438
4473
4543
4574
4653
4661
4688
4710
4826
2
4827
2
4828
2
4829
4858
4860
4902
4939
4940
2
4972
5000
5008
5094
5195
5528
2
5553
5580
5675
5685
5718
5755
5798
5880
5911
5919
5994
6050
6125
6131
6149
6192
6236
6260
6304
6333
6356
6375
6437
6515
6621
6761
6819
6900
6984
7103
7151
7183
7186
7206
7226
7251
7336
7384
7388
7400
7433
7445
2
2
2
2
2
7446
7501
7523
7532
7533
7550
7552
7553
7554
2
7612
7668
7672
7702
7760
7788
7872
7909
7913
7939
7964
7997
8163
8226
8413
8478
8496
8663
8735
8793
8816
8856
9002
9125
9300
9304
9345
9384
9388
9489
9522
9607
9646
9652
9665
9723
9757
9778
9889
9941
2
9944
9946
2
9947
2
9957
2
10038
10071
10101
10202
10245
10293
10315
10364
10440
10504
10577
10728
10732
10741
10838
10886
11060
11076
11182
11186
11189
11206
11250
11261
11269
11276
11333
11357
11366
11494
11527
11532
11548
11593
11655
11691
11857
11946
11969
12101
12148
12224
12291
12434
12516
12538
12548
12569
12629
12823
12827
12893
12966
12991
13155
13343
13415
13509
13599
13759
13814
13899
14052
14055
14249
14299
14376
14438
14455
14524
14536
14547
14686
14773
14797
14809
14968
14972
14981
15016
15042
15052
15144
15202
15310
15380
15385
15462
15503
15515
15531
15554
15614
15637
15708
15787
15931
15962
15972
16004
2
16005
16006
16008
16013
16016
16044
16112
16154
16219
16365
16408
16453
16510
16534
2
16535
16595
16673
16706
16784
16866
16871
16985
17007
17065
17145
17190
2
17194
17204
17249
17364
17389
17459
2
17461
2
17463
17486
17538
17634
17661
17688
17765
17768
17777
17804
17820
18040
18147
18180
18201
18225
18337
18478
18520
18619
18628
18726
18749
18835
18852
18896
18929
18955
18982
19013
19053
19178
19204
19237
19305
19363
19375
19433
19476
19509
19521
19532
19590
19621
19667
19685
19712
19737
19907
19931
20038
2
20045
20073
20093
20123
20154
20188
20252
20266
20270
20286
20357
20444
20506
20561
20632
20652
20737
20770
20823
20894
20946
21019
21023
21056
21210
21239
21258
21274
21314
21368
21399
21425
21457
21476
21512
21537
21591
21606
21638
21804
21836
21872
21888
21918
21964
21975
22110
22118
22127
22132
22209
22215
22279
22299
22345
22416
22427
22501
22553
22606
22651
22686
22740
22770
22893
22933
22948
23031
23080
23201
23232
23261
23272
23284
23305
23329
23336
23355
23389
23450
23527
23620
23667
23719
23727
23797
23885
23990
24007
24014
24091
24242
24319
24428
24442
24462
2
24548
24702
24710
24728
24733
24738
24763
24793
24827
24876
24882
24886
24917
24945
25010
25020
25030
25175
25195
25222
25251
25280
25330
25362
25365
25395
25425
25546
25628
25709
26331
26460
26484
26539
26630
26667
26773
26823
26865
26898
26910
26951
27073
27082
27086
27089
27115
27148
27179
27294
27362
27401
27430
27461
27547
27554
27685
27696
27744
27802
27891
27980
28030
28036
28088
28141
28393
28395
28727
28739
28755
28773
28815
28868
28872
28895
28913
28941
