0, 130, 0
0, 129, 0
0, 134, 0
0, 128, 0
1, 109, 0
0, 144, 0
0, 134, 0
0, 169, 0
0, 165, 0
0, 179, 0
0, 132, 0
0, 132, 0
0, 178, 0
0, 401, 0
0, 147, 0
1, 34, 0
0, 125, 0
0, 321, 0
0, 445, 0
0, 122, 0
0, 212, 0
0, 417, 0
0, 261, 0
0, 126, 0
0, 211, 0
0, 132, 0
0, 309, 0
0, 146, 0
0, 148, 0
0, 210, 0
0, 138, 0
0, 151, 0
0, 201, 0
0, 189, 0
0, 182, 0
1, 98, 0
0, 215, 0
0, 188, 0
0, 176, 0
0, 190, 0
0, 192, 0
0, 127, 0
0, 450, 0
0, 144, 0
0, 130, 1
0, 128, 0
0, 142, 0
0, 150, 1
0, 138, 0
0, 139, 0
0, 138, 0
0, 149, 0
0, 125, 0
1, 124, 0
0, 194, 0
0, 243, 0
0, 157, 1
0, 137, 0
0, 132, 0
0, 142, 0
0, 153, 0
0, 190, 0
0, 154, 0
0, 158, 0
0, 138, 0
0, 164, 0
0, 129, 0
0, 146, 0
0, 224, 0
0, 144, 0
0, 139, 0
0, 184, 0
0, 298, 0
0, 125, 0
1, 110, 1
0, 139, 0
0, 147, 0
0, 323, 0
0, 130, 0
0, 137, 0
0, 478, 0
0, 705, 0
0, 229, 0
0, 160, 0
0, 154, 0
0, 551, 0
0, 131, 0
0, 129, 0
1, 560, 0
0, 258, 0
0, 345, 0
0, 288, 0
0, 128, 0
0, 137, 0
0, 285, 0
0, 126, 0
0, 139, 0
0, 222, 0
0, 477, 0
0, 228, 1
0, 753, 0
0, 130, 0
1, 343, 0
0, 127, 0
0, 486, 0
0, 131, 0
0, 325, 0
0, 143, 0
0, 135, 0
0, 406, 0
0, 253, 0
0, 610, 1
0, 220, 0
0, 455, 0
0, 142, 0
0, 127, 0
0, 282, 0
0, 133, 0
0, 129, 0
0, 126, 0
0, 200, 0
0, 126, 0
0, 323, 0
0, 172, 0
0, 391, 0
0, 123, 0
0, 362, 0
0, 582, 0
0, 263, 0
0, 216, 0
0, 295, 0
0, 219, 0
0, 185, 0
1, 129, 0
0, 1018, 0
0, 400, 0
0, 562, 0
1, 454, 0
0, 439, 0
0, 368, 0
0, 2417, 0
0, 697, 0
0, 1088, 1
0, 802, 0
0, 4000, 0
0, 4001, 0
0, 4002, 0
0, 4003, 0
0, 4004, 0
0, 4005, 0
1, 961, 1
0, 744, 0
0, 1253, 0
0, 1317, 0
1, 1222, 0
0, 688, 0
0, 743, 0
1, 207, 0
0, 3888, 0
0, 128, 1
1, 621, 0
1, 700, 0
1, 29, 0
1, 949, 0
1, 564, 0
0, 1839, 0
1, 1013, 0
0, 370, 0
1, 291, 0
0, 363, 0
0, 4000, 0
0, 4001, 0
0, 4002, 0
0, 4003, 0
0, 4004, 0
0, 4005, 0
1, 247, 0
0, 291, 0
0, 2544, 0
1, 274, 0
0, 4000, 0
0, 4001, 0
0, 4002, 0
0, 4003, 0
0, 4004, 0
0, 4005, 0
1, 1181, 0
1, 209, 0
1, 745, 0
0, 4000, 0
0, 4001, 0
0, 4002, 0
0, 4003, 0
0, 4004, 0
0, 4005, 0
1, 2053, 0
0, 4000, 0
0, 4001, 0
0, 4002, 0
0, 4003, 0
0, 4004, 0
0, 4005, 0
0, 4000, 1
0, 4001, 1
0, 4002, 1
0, 4003, 1
0, 4004, 1
0, 4005, 1
0, 4000, 1
0, 4001, 1
0, 4002, 1
0, 4003, 1
0, 4004, 1
0, 4005, 1
1, 84, 0
0, 4000, 0
0, 4001, 0
0, 4002, 0
0, 4003, 0
0, 4004, 0
0, 4005, 0
0, 4000, 0
0, 4001, 0
0, 4002, 0
0, 4003, 0
0, 4004, 0
0, 4005, 0
0, 2121, 0
0, 4000, 0
0, 4001, 0
0, 4002, 0
0, 4003, 0
0, 4004, 0
0, 4005, 0
1, 1821, 0
0, 3305, 1
1, 2829, 0
0, 4000, 0
0, 4001, 0
0, 4002, 0
0, 4003, 0
0, 4004, 0
0, 4005, 0
0, 4000, 0
0, 4001, 0
0, 4002, 0
0, 4003, 0
0, 4004, 0
0, 4005, 0
1, 500, 0
0, 4000, 0
0, 4001, 0
0, 4002, 0
0, 4003, 0
0, 4004, 0
0, 4005, 0
0, 4000, 0
0, 4001, 0
0, 4002, 0
0, 4003, 0
0, 4004, 0
0, 4005, 0
0, 4000, 1
0, 4001, 1
0, 4002, 1
0, 4003, 1
0, 4004, 1
0, 4005, 1
0, 4000, 0
0, 4001, 0
0, 4002, 0
0, 4003, 0
0, 4004, 0
0, 4005, 0
0, 4000, 1
0, 4001, 1
0, 4002, 1
0, 4003, 1
0, 4004, 1
0, 4005, 1
1, 896, 0
1, 1604, 0
1, 493, 0
0, 4000, 0
0, 4001, 0
0, 4002, 0
0, 4003, 0
0, 4004, 0
0, 4005, 0
1, 273, 0
0, 4000, 0
0, 4001, 0
0, 4002, 0
0, 4003, 0
0, 4004, 0
0, 4005, 0
1, 1892, 0
1, 146, 0
1, 1123, 0
1, 198, 0
0, 4000, 0
0, 4001, 0
0, 4002, 0
0, 4003, 0
0, 4004, 0
0, 4005, 0
0, 4000, 0
0, 4001, 0
0, 4002, 0
0, 4003, 0
0, 4004, 0
0, 4005, 0
1, 3114, 1
1, 845, 0
1, 1222, 0
0, 4000, 0
0, 4001, 0
0, 4002, 0
0, 4003, 0
0, 4004, 0
0, 4005, 0
1, 288, 0
1, 786, 0
0, 4000, 0
0, 4001, 0
0, 4002, 0
0, 4003, 0
0, 4004, 0
0, 4005, 0
1, 173, 0
0, 328, 0
1, 558, 0
1, 451, 0
1, 950, 0
0, 4000, 0
0, 4001, 0
0, 4002, 0
0, 4003, 0
0, 4004, 0
0, 4005, 0
0, 4000, 0
0, 4001, 0
0, 4002, 0
0, 4003, 0
0, 4004, 0
0, 4005, 0
1, 214, 0
1, 1951, 0
1, 3321, 0
1, 345, 0
1, 81, 0
1, 259, 0
1, 290, 1
1, 328, 0
1, 446, 0
0, 4000, 0
0, 4001, 0
0, 4002, 0
0, 4003, 0
0, 4004, 0
0, 4005, 0
1, 223, 0
0, 4000, 0
0, 4001, 0
0, 4002, 0
0, 4003, 0
0, 4004, 0
0, 4005, 0
1, 804, 0
1, 725, 0
1, 319, 0
1, 1208, 0
1, 116, 1
1, 988, 0
1, 624, 0
1, 209, 0
1, 661, 0
1, 194, 0
1, 1247, 0
1, 333, 1
1, 175, 0
1, 1866, 0
1, 469, 0
1, 585, 0
1, 103, 0
1, 970, 0
1, 224, 0
1, 101, 0
0, 4000, 1
0, 4001, 1
0, 4002, 1
0, 4003, 1
0, 4004, 1
0, 4005, 1
1, 205, 0
0, 4000, 1
0, 4001, 1
0, 4002, 1
0, 4003, 1
0, 4004, 1
0, 4005, 1
1, 231, 0
1, 257, 0
1, 301, 0
1, 388, 0
1, 532, 0
1, 170, 0
1, 2652, 0
0, 4000, 0
0, 4001, 0
0, 4002, 0
0, 4003, 0
0, 4004, 0
0, 4005, 0
1, 267, 0
1, 123, 0
1, 390, 0
1, 2439, 0
1, 159, 1
1, 502, 0
1, 114, 0
1, 186, 0
1, 484, 0
1, 557, 0
1, 501, 0
1, 618, 0
1, 71, 0
1, 187, 0
1, 1829, 0
1, 281, 0
1, 267, 0
1, 524, 0
1, 85, 0
1, 195, 1
1, 546, 0
1, 280, 0
1, 174, 0
1, 211, 0
1, 345, 0
1, 509, 0
1, 180, 0
1, 122, 0
1, 76, 0
0, 4000, 1
0, 4001, 1
0, 4002, 1
0, 4003, 1
0, 4004, 1
0, 4005, 1
1, 273, 0
1, 1192, 0
1, 126, 0
1, 249, 0
1, 132, 0
1, 101, 0
1, 101, 0
1, 867, 0
1, 539, 0
1, 514, 0
0, 4000, 0
0, 4001, 0
0, 4002, 0
0, 4003, 0
0, 4004, 0
0, 4005, 0
1, 326, 0
1, 1943, 0
1, 411, 0
1, 363, 0
1, 237, 1
1, 337, 1
1, 102, 0
1, 376, 1
1, 287, 0
1, 1035, 0
1, 1926, 0
1, 252, 0
1, 388, 0
1, 271, 1
1, 342, 0
1, 400, 0
1, 412, 0
1, 619, 0
1, 77, 0
1, 108, 0
1, 913, 0
1, 830, 1
1, 300, 1
1, 188, 1
1, 181, 0
1, 197, 0
1, 332, 1
1, 227, 0
1, 116, 0
1, 190, 0
1, 132, 0
1, 279, 1
1, 255, 0
1, 654, 0
1, 261, 1
1, 167, 0
1, 94, 1
1, 166, 0
1, 33, 0
1, 89, 0
1, 296, 1
0, 4000, 0
0, 4001, 0
0, 4002, 0
0, 4003, 0
0, 4004, 0
0, 4005, 0
1, 243, 0
1, 305, 1
0, 4000, 1
0, 4001, 1
0, 4002, 1
0, 4003, 1
0, 4004, 1
0, 4005, 1
1, 325, 0
1, 121, 0
1, 117, 0
1, 952, 0
1, 350, 0
1, 442, 0
1, 86, 0
1, 210, 0
1, 200, 0
1, 455, 0
0, 4000, 0
0, 4001, 0
0, 4002, 0
0, 4003, 0
0, 4004, 0
0, 4005, 0
1, 467, 0
1, 66, 0
1, 1706, 0
1, 531, 0
1, 225, 0
1, 303, 0
1, 538, 0
1, 251, 0
1, 197, 0
1, 225, 0
1, 257, 0
1, 408, 0
1, 89, 0
0, 4000, 1
0, 4001, 1
0, 4002, 1
0, 4003, 1
0, 4004, 1
0, 4005, 1
1, 283, 0
1, 265, 0
1, 115, 0
1, 88, 0
1, 439, 0
1, 98, 0
0, 4000, 0
0, 4001, 0
0, 4002, 0
0, 4003, 0
0, 4004, 0
0, 4005, 0
0, 4000, 0
0, 4001, 0
0, 4002, 0
0, 4003, 0
0, 4004, 0
0, 4005, 0
1, 118, 0
1, 194, 0
0, 781, 0
1, 241, 0
1, 119, 0
1, 2744, 0
1, 223, 0
1, 224, 0
1, 130, 0
1, 295, 0
1, 216, 1
1, 83, 0
1, 109, 0
1, 265, 0
1, 1585, 0
0, 915, 0
1, 217, 0
1, 158, 0
1, 631, 0
1, 68, 1
1, 249, 0
1, 177, 0
1, 214, 0
1, 236, 0
1, 219, 0
1, 185, 0
1, 477, 0
1, 312, 0
1, 195, 0
0, 4000, 0
0, 4001, 0
0, 4002, 0
0, 4003, 0
0, 4004, 0
0, 4005, 0
1, 109, 0
0, 4000, 0
0, 4001, 0
0, 4002, 0
0, 4003, 0
0, 4004, 0
0, 4005, 0
0, 3521, 0
0, 1509, 0
1, 185, 0
0, 4000, 0
0, 4001, 0
0, 4002, 0
0, 4003, 0
0, 4004, 0
0, 4005, 0
1, 74, 0
1, 351, 0
1, 187, 0
1, 693, 0
1, 1119, 0
1, 396, 1
1, 103, 0
1, 159, 0
1, 132, 0
1, 225, 0
1, 140, 0
1, 184, 1
1, 103, 0
1, 304, 0
1, 140, 0
1, 2891, 0
0, 4000, 0
0, 4001, 0
0, 4002, 0
0, 4003, 0
0, 4004, 0
0, 4005, 0
1, 139, 0
1, 161, 0
1, 288, 0
1, 152, 1
1, 204, 0
1, 147, 0
1, 56, 1
1, 301, 0
1, 131, 0
1, 344, 0
1, 50, 0
1, 340, 0
0, 4000, 0
0, 4001, 0
0, 4002, 0
0, 4003, 0
0, 4004, 0
0, 4005, 0
1, 275, 0
1, 226, 0
1, 131, 0
1, 156, 0
1, 99, 0
0, 4000, 0
0, 4001, 0
0, 4002, 0
0, 4003, 0
0, 4004, 0
0, 4005, 0
0, 4000, 1
0, 4001, 1
0, 4002, 1
0, 4003, 1
0, 4004, 1
0, 4005, 1
1, 87, 0
1, 142, 0
1, 249, 0
1, 313, 0
1, 308, 0
1, 37, 0
1, 286, 0
1, 79, 1
1, 119, 0
1, 311, 0
0, 4000, 0
0, 4001, 0
0, 4002, 0
0, 4003, 0
0, 4004, 0
0, 4005, 0
1, 306, 1
1, 124, 0
1, 525, 0
1, 304, 0
1, 340, 1
1, 241, 0
1, 285, 0
0, 4000, 0
0, 4001, 0
0, 4002, 0
0, 4003, 0
0, 4004, 0
0, 4005, 0
1, 442, 0
0, 1998, 0
1, 47, 0
1, 568, 0
1, 704, 0
1, 92, 0
1, 270, 0
1, 468, 0
1, 87, 0
1, 48, 0
1, 472, 0
1, 615, 0
1, 1456, 1
1, 576, 0
1, 291, 0
1, 123, 0
1, 151, 0
1, 2829, 0
1, 116, 0
1, 183, 0
0, 4000, 1
0, 4001, 1
0, 4002, 1
0, 4003, 1
0, 4004, 1
0, 4005, 1
1, 306, 0
1, 2069, 0
1, 122, 0
1, 677, 0
0, 810, 0
1, 96, 0
0, 4000, 1
0, 4001, 1
0, 4002, 1
0, 4003, 1
0, 4004, 1
0, 4005, 1
1, 110, 0
1, 2071, 0
1, 258, 0
1, 208, 1
1, 118, 0
1, 351, 0
1, 282, 0
1, 298, 0
1, 367, 0
1, 143, 0
0, 4000, 0
0, 4001, 0
0, 4002, 0
0, 4003, 0
0, 4004, 0
0, 4005, 0
1, 108, 0
1, 254, 0
1, 207, 0
1, 134, 0
1, 117, 1
0, 4000, 1
0, 4001, 1
0, 4002, 1
0, 4003, 1
0, 4004, 1
0, 4005, 1
1, 254, 0
1, 69, 0
1, 44, 0
1, 145, 0
0, 180, 0
1, 175, 0
1, 160, 0
1, 162, 0
1, 166, 0
1, 146, 0
1, 222, 0
1, 83, 1
1, 256, 1
1, 157, 0
1, 243, 0
1, 255, 0
1, 240, 1
1, 185, 0
0, 4000, 0
0, 4001, 0
0, 4002, 0
0, 4003, 0
0, 4004, 0
0, 4005, 0
1, 183, 0
1, 236, 0
1, 245, 0
1, 559, 0
1, 201, 0
1, 241, 0
1, 267, 0
1, 250, 0
1, 145, 0
1, 183, 1
1, 430, 0
1, 68, 0
1, 202, 0
1, 119, 0
1, 93, 0
1, 238, 0
1, 583, 1
1, 468, 0
1, 279, 0
1, 107, 0
1, 86, 1
1, 317, 0
1, 216, 0
1, 100, 0
1, 128, 0
1, 148, 0
1, 1061, 0
1, 175, 0
1, 189, 0
1, 264, 0
0, 4000, 1
0, 4001, 1
0, 4002, 1
0, 4003, 1
0, 4004, 1
0, 4005, 1
0, 4000, 1
0, 4001, 1
0, 4002, 1
0, 4003, 1
0, 4004, 1
0, 4005, 1
1, 141, 1
0, 4000, 0
0, 4001, 0
0, 4002, 0
0, 4003, 0
0, 4004, 0
0, 4005, 0
1, 222, 0
1, 286, 0
1, 262, 0
1, 255, 0
1, 276, 0
1, 704, 0
1, 135, 0
1, 170, 0
1, 151, 0
1, 196, 0
1, 170, 0
1, 79, 0
1, 239, 0
1, 135, 0
0, 4000, 1
0, 4001, 1
0, 4002, 1
0, 4003, 1
0, 4004, 1
0, 4005, 1
1, 43, 0
1, 265, 0
1, 101, 0
1, 1159, 0
1, 225, 0
1, 576, 0
1, 92, 0
1, 260, 0
1, 103, 0
1, 54, 1
1, 249, 0
1, 301, 0
1, 87, 0
1, 142, 0
1, 122, 0
1, 114, 0
1, 247, 0
1, 207, 0
1, 79, 0
0, 4000, 1
0, 4001, 1
0, 4002, 1
0, 4003, 1
0, 4004, 1
0, 4005, 1
1, 213, 0
1, 159, 0
1, 237, 1
0, 3854, 0
1, 268, 0
1, 260, 0
1, 328, 0
1, 75, 0
1, 74, 0
1, 124, 0
0, 1593, 0
1, 141, 1
1, 497, 0
1, 238, 0
1, 266, 0
0, 4000, 0
0, 4001, 0
0, 4002, 0
0, 4003, 0
0, 4004, 0
0, 4005, 0
1, 115, 0
1, 175, 0
1, 192, 0
1, 208, 0
1, 131, 0
1, 130, 0
1, 67, 1
1, 57, 0
1, 259, 0
1, 240, 0
1, 105, 1
0, 4000, 0
0, 4001, 0
0, 4002, 0
0, 4003, 0
0, 4004, 0
0, 4005, 0
1, 500, 0
1, 480, 0
1, 40, 0
1, 111, 0
0, 4000, 1
0, 4001, 1
0, 4002, 1
0, 4003, 1
0, 4004, 1
0, 4005, 1
1, 260, 0
1, 110, 0
1, 214, 0
1, 122, 0
1, 107, 0
1, 647, 0
1, 65, 1
1, 76, 1
1, 279, 0
1, 70, 0
1, 174, 0
1, 250, 1
1, 263, 0
1, 190, 0
1, 1062, 0
0, 4000, 1
0, 4001, 1
0, 4002, 1
0, 4003, 1
0, 4004, 1
0, 4005, 1
1, 278, 0
1, 117, 0
1, 96, 0
1, 320, 0
1, 39, 0
1, 90, 1
1, 176, 0
1, 111, 0
1, 56, 0
1, 150, 0
1, 317, 0
1, 233, 0
1, 338, 0
1, 129, 0
1, 76, 0
0, 4000, 0
0, 4001, 0
0, 4002, 0
0, 4003, 0
0, 4004, 0
0, 4005, 0
1, 210, 0
1, 542, 0
1, 167, 0
1, 170, 0
1, 156, 0
1, 304, 0
1, 262, 0
0, 4000, 1
0, 4001, 1
0, 4002, 1
0, 4003, 1
0, 4004, 1
0, 4005, 1
1, 315, 0
0, 4000, 0
0, 4001, 0
0, 4002, 0
0, 4003, 0
0, 4004, 0
0, 4005, 0
1, 78, 0
1, 140, 1
1, 83, 0
1, 79, 0
1, 255, 0
1, 246, 0
1, 94, 1
1, 2161, 1
1, 84, 0
1, 112, 1
0, 4000, 0
0, 4001, 0
0, 4002, 0
0, 4003, 0
0, 4004, 0
0, 4005, 0
1, 129, 0
1, 189, 0
1, 79, 0
0, 4000, 0
0, 4001, 0
0, 4002, 0
0, 4003, 0
0, 4004, 0
0, 4005, 0
1, 88, 0
1, 108, 0
0, 1976, 0
1, 260, 0
1, 194, 1
1, 98, 0
1, 72, 0
1, 243, 0
1, 58, 0
1, 292, 0
1, 119, 0
1, 93, 0
1, 30, 1
1, 101, 0
1, 289, 0
1, 101, 1
1, 211, 0
1, 254, 0
1, 181, 0
1, 199, 0
1, 338, 0
1, 446, 0
1, 205, 0
1, 265, 0
0, 4000, 0
0, 4001, 0
0, 4002, 0
0, 4003, 0
0, 4004, 0
0, 4005, 0
1, 661, 0
1, 110, 0
1, 118, 0
1, 190, 0
1, 32, 1
1, 275, 0
1, 80, 0
0, 162, 0
1, 1708, 0
1, 144, 0
1, 65, 0
1, 90, 0
1, 249, 0
1, 55, 0
0, 4000, 1
0, 4001, 1
0, 4002, 1
0, 4003, 1
0, 4004, 1
0, 4005, 1
1, 193, 0
1, 236, 0
1, 328, 0
1, 561, 0
1, 464, 0
0, 4000, 0
0, 4001, 0
0, 4002, 0
0, 4003, 0
0, 4004, 0
0, 4005, 0
1, 221, 1
1, 252, 0
1, 91, 0
1, 188, 0
1, 243, 0
1, 65, 0
1, 297, 0
1, 359, 1
1, 285, 0
1, 250, 0
1, 108, 0
1, 119, 0
0, 4000, 0
0, 4001, 0
0, 4002, 0
0, 4003, 0
0, 4004, 0
0, 4005, 0
1, 317, 1
1, 295, 1
1, 295, 0
1, 111, 0
1, 224, 0
0, 3452, 0
1, 631, 0
1, 351, 0
1, 132, 0
1, 184, 0
0, 4000, 0
0, 4001, 0
0, 4002, 0
0, 4003, 0
0, 4004, 0
0, 4005, 0
1, 273, 0
0, 4000, 0
0, 4001, 0
0, 4002, 0
0, 4003, 0
0, 4004, 0
0, 4005, 0
1, 263, 0
1, 721, 0
1, 205, 0
1, 199, 0
1, 489, 0
1, 110, 0
1, 198, 0
1, 67, 0
1, 277, 0
1, 297, 0
1, 106, 0
1, 129, 0
1, 248, 0
1, 98, 1
1, 277, 0
1, 248, 0
1, 349, 0
1, 121, 0
1, 210, 0
1, 95, 0
1, 408, 0
1, 219, 0
1, 343, 0
1, 225, 0
1, 155, 0
1, 208, 0
1, 201, 0
1, 348, 0
1, 239, 0
1, 166, 0
1, 1375, 0
1, 128, 0
0, 4000, 0
0, 4001, 0
0, 4002, 0
0, 4003, 0
0, 4004, 0
0, 4005, 0
1, 243, 0
1, 233, 0
1, 148, 0
1, 201, 0
1, 43, 0
1, 233, 0
1, 68, 0
1, 249, 0
1, 214, 0
1, 119, 1
1, 131, 0
1, 132, 0
1, 79, 1
1, 262, 0
1, 387, 0
1, 146, 0
1, 298, 0
1, 444, 0
1, 209, 0
1, 1126, 0
1, 267, 0
1, 103, 0
1, 253, 0
1, 115, 0
1, 163, 0
1, 122, 0
1, 298, 0
1, 134, 0
1, 206, 0
1, 124, 0
1, 246, 0
1, 147, 0
1, 64, 0
1, 74, 0
1, 228, 0
1, 210, 0
0, 4000, 0
0, 4001, 0
0, 4002, 0
0, 4003, 0
0, 4004, 0
0, 4005, 0
0, 4000, 0
0, 4001, 0
0, 4002, 0
0, 4003, 0
0, 4004, 0
0, 4005, 0
1, 275, 1
1, 147, 0
1, 169, 1
1, 319, 0
1, 146, 0
1, 190, 0
1, 282, 0
1, 207, 0
1, 183, 0
1, 146, 0
1, 251, 0
1, 148, 0
1, 120, 0
1, 111, 0
1, 164, 0
0, 4000, 0
0, 4001, 0
0, 4002, 0
0, 4003, 0
0, 4004, 0
0, 4005, 0
1, 198, 0
1, 96, 0
1, 298, 0
1, 252, 0
1, 291, 0
1, 215, 0
1, 155, 1
1, 142, 0
1, 243, 1
1, 99, 0
1, 284, 0
1, 93, 0
1, 172, 0
1, 145, 0
1, 108, 0
1, 253, 0
1, 796, 0
1, 346, 0
0, 4000, 0
0, 4001, 0
0, 4002, 0
0, 4003, 0
0, 4004, 0
0, 4005, 0
1, 117, 0
1, 290, 0
1, 187, 0
1, 248, 0
1, 173, 0
1, 168, 0
1, 163, 0
1, 134, 0
1, 154, 0
0, 4000, 0
0, 4001, 0
0, 4002, 0
0, 4003, 0
0, 4004, 0
0, 4005, 0
1, 215, 0
1, 249, 0
1, 160, 0
1, 269, 0
1, 181, 0
0, 4000, 0
0, 4001, 0
0, 4002, 0
0, 4003, 0
0, 4004, 0
0, 4005, 0
1, 130, 0
1, 73, 0
1, 101, 0
1, 197, 0
1, 232, 0
0, 4000, 1
0, 4001, 1
0, 4002, 1
0, 4003, 1
0, 4004, 1
0, 4005, 1
1, 270, 0
1, 74, 0
1, 207, 0
1, 93, 0
1, 345, 0
1, 50, 0
1, 169, 0
1, 100, 0
1, 91, 0
1, 102, 0
1, 149, 0
1, 195, 0
1, 131, 0
1, 126, 0
1, 142, 0
1, 879, 0
1, 256, 0
1, 219, 0
1, 196, 0
0, 4000, 0
0, 4001, 0
0, 4002, 0
0, 4003, 0
0, 4004, 0
0, 4005, 0
1, 48, 0
1, 252, 0
1, 114, 0
1, 229, 0
1, 518, 0
1, 121, 0
1, 271, 0
1, 101, 0
1, 267, 0
1, 102, 0
1, 157, 0
1, 50, 0
1, 263, 0
1, 152, 0
1, 302, 0
1, 93, 1
1, 120, 0
1, 351, 1
1, 437, 0
1, 325, 0
1, 173, 0
1, 248, 0
1, 330, 0
1, 275, 1
1, 186, 0
1, 104, 0
1, 138, 0
1, 62, 1
1, 211, 0
1, 2365, 1
0, 4000, 0
0, 4001, 0
0, 4002, 0
0, 4003, 0
0, 4004, 0
0, 4005, 0
1, 164, 0
1, 239, 0
1, 326, 0
1, 105, 0
1, 51, 1
1, 48, 0
0, 2117, 0
1, 362, 0
1, 3417, 0
1, 186, 0
1, 64, 0
1, 404, 1
1, 156, 0
1, 111, 0
1, 122, 1
1, 94, 0
0, 4000, 0
0, 4001, 0
0, 4002, 0
0, 4003, 0
0, 4004, 0
0, 4005, 0
1, 81, 0
1, 549, 0
1, 178, 0
1, 115, 0
1, 68, 1
1, 531, 0
1, 308, 0
1, 244, 0
1, 454, 0
1, 70, 0
1, 126, 0
1, 247, 0
1, 171, 1
1, 1533, 0
1, 62, 0
1, 230, 1
1, 392, 0
1, 156, 0
1, 532, 0
1, 123, 0
1, 60, 0
1, 91, 1
1, 47, 0
0, 4000, 0
0, 4001, 0
0, 4002, 0
0, 4003, 0
0, 4004, 0
0, 4005, 0
1, 115, 0
1, 98, 0
1, 89, 0
1, 306, 0
0, 4000, 1
0, 4001, 1
0, 4002, 1
0, 4003, 1
0, 4004, 1
0, 4005, 1
1, 64, 1
0, 4000, 0
0, 4001, 0
0, 4002, 0
0, 4003, 0
0, 4004, 0
0, 4005, 0
1, 285, 0
1, 211, 0
1, 83, 0
1, 35, 0
1, 250, 0
1, 127, 1
1, 529, 0
1, 120, 0
1, 221, 0
1, 346, 0
1, 413, 0
1, 611, 0
1, 119, 0
1, 71, 0
1, 223, 0
1, 233, 0
1, 119, 0
1, 71, 0
1, 141, 0
1, 328, 0
1, 1734, 0
1, 791, 0
1, 212, 0
1, 105, 0
1, 118, 0
1, 324, 0
1, 506, 0
1, 114, 0
1, 180, 0
0, 4000, 0
0, 4001, 0
0, 4002, 0
0, 4003, 0
0, 4004, 0
0, 4005, 0
1, 238, 0
1, 93, 0
1, 223, 0
1, 81, 0
1, 151, 0
1, 194, 0
0, 4000, 1
0, 4001, 1
0, 4002, 1
0, 4003, 1
0, 4004, 1
0, 4005, 1
1, 267, 0
1, 111, 0
1, 32, 0
1, 259, 0
1, 267, 0
0, 4000, 1
0, 4001, 1
0, 4002, 1
0, 4003, 1
0, 4004, 1
0, 4005, 1
1, 134, 0
1, 43, 0
1, 247, 0
1, 103, 0
1, 284, 0
1, 256, 0
1, 211, 0
1, 178, 0
1, 522, 0
1, 58, 0
1, 107, 0
1, 190, 0
1, 286, 0
1, 181, 0
1, 281, 0
1, 330, 0
1, 116, 0
1, 264, 0
1, 338, 0
1, 131, 0
1, 198, 0
1, 118, 0
1, 140, 0
0, 4000, 1
0, 4001, 1
0, 4002, 1
0, 4003, 1
0, 4004, 1
0, 4005, 1
1, 231, 0
1, 101, 0
0, 4000, 1
0, 4001, 1
0, 4002, 1
0, 4003, 1
0, 4004, 1
0, 4005, 1
1, 1334, 0
1, 233, 0
1, 812, 0
1, 283, 0
1, 261, 0
1, 441, 0
1, 75, 0
1, 243, 0
0, 262, 0
1, 552, 0
1, 163, 0
1, 2069, 0
1, 216, 0
1, 138, 0
1, 260, 0
1, 45, 1
1, 196, 0
1, 137, 0
1, 105, 0
1, 150, 0
1, 284, 0
1, 612, 0
1, 163, 0
1, 101, 0
1, 243, 0
1, 202, 0
1, 129, 1
1, 108, 0
1, 256, 0
1, 374, 0
1, 163, 1
0, 4000, 0
0, 4001, 0
0, 4002, 0
0, 4003, 0
0, 4004, 0
0, 4005, 0
1, 208, 0
1, 251, 0
1, 274, 0
1, 214, 0
1, 154, 0
1, 605, 0
1, 111, 0
1, 88, 0
1, 239, 0
1, 258, 0
1, 180, 0
1, 120, 0
1, 323, 0
1, 270, 0
1, 154, 0
1, 237, 0
1, 165, 0
1, 144, 1
1, 87, 0
1, 138, 0
0, 4000, 0
0, 4001, 0
0, 4002, 0
0, 4003, 0
0, 4004, 0
0, 4005, 0
1, 303, 0
1, 187, 0
1, 313, 0
1, 210, 0
1, 901, 0
1, 122, 0
1, 65, 0
1, 70, 0
0, 4000, 0
0, 4001, 0
0, 4002, 0
0, 4003, 0
0, 4004, 0
0, 4005, 0
1, 42, 0
1, 278, 0
1, 51, 0
1, 260, 0
1, 149, 0
1, 342, 0
1, 89, 0
0, 4000, 0
0, 4001, 0
0, 4002, 0
0, 4003, 0
0, 4004, 0
0, 4005, 0
1, 1067, 0
1, 179, 1
1, 291, 0
1, 119, 0
1, 208, 0
1, 245, 0
1, 83, 0
1, 156, 0
1, 263, 0
1, 159, 0
1, 130, 0
1, 96, 0
1, 96, 0
1, 402, 0
1, 371, 0
1, 242, 0
1, 302, 0
1, 1, 0
1, 124, 0
0, 393, 1
1, 50, 0
1, 264, 0
1, 407, 0
1, 1201, 0
1, 130, 0
1, 660, 0
1, 143, 1
0, 4000, 0
0, 4001, 0
0, 4002, 0
0, 4003, 0
0, 4004, 0
0, 4005, 0
1, 90, 0
1, 108, 0
1, 125, 0
1, 151, 0
1, 199, 0
1, 193, 0
1, 218, 0
1, 89, 0
1, 229, 0
1, 354, 0
1, 326, 0
1, 143, 0
1, 444, 0
1, 171, 0
1, 134, 0
1, 152, 0
1, 230, 0
1, 154, 0
1, 236, 0
1, 131, 0
0, 1907, 1
1, 175, 0
1, 65, 0
0, 4000, 0
0, 4001, 0
0, 4002, 0
0, 4003, 0
0, 4004, 0
0, 4005, 0
1, 113, 0
1, 222, 0
1, 319, 0
1, 181, 0
1, 132, 0
0, 2171, 0
1, 149, 0
0, 4000, 1
0, 4001, 1
0, 4002, 1
0, 4003, 1
0, 4004, 1
0, 4005, 1
1, 153, 0
1, 83, 0
1, 99, 0
1, 153, 0
1, 147, 0
1, 231, 0
1, 226, 1
1, 373, 0
1, 141, 1
1, 266, 0
1, 92, 0
1, 268, 0
1, 308, 0
1, 109, 0
1, 237, 0
1, 98, 0
1, 255, 0
1, 114, 0
1, 262, 0
1, 277, 0
1, 102, 0
1, 195, 0
1, 178, 1
1, 119, 0
1, 205, 0
1, 176, 0
1, 196, 0
1, 57, 0
1, 79, 0
1, 364, 1
1, 366, 0
1, 208, 0
1, 152, 0
1, 258, 0
1, 460, 0
0, 4000, 0
0, 4001, 0
0, 4002, 0
0, 4003, 0
0, 4004, 0
0, 4005, 0
0, 4000, 0
0, 4001, 0
0, 4002, 0
0, 4003, 0
0, 4004, 0
0, 4005, 0
1, 163, 0
1, 75, 0
1, 116, 0
1, 195, 0
1, 230, 0
1, 211, 0
1, 96, 0
1, 292, 0
1, 102, 0
1, 94, 0
1, 137, 1
1, 98, 0
1, 235, 1
1, 299, 0
1, 144, 0
0, 4000, 0
0, 4001, 0
0, 4002, 0
0, 4003, 0
0, 4004, 0
0, 4005, 0
1, 191, 0
1, 928, 0
1, 57, 1
1, 1429, 0
1, 269, 0
1, 63, 0
1, 102, 0
1, 52, 0
1, 156, 0
1, 190, 0
1, 167, 0
1, 188, 0
1, 347, 0
1, 449, 0
1, 834, 0
1, 258, 0
1, 261, 0
0, 4000, 0
0, 4001, 0
0, 4002, 0
0, 4003, 0
0, 4004, 0
0, 4005, 0
1, 247, 0
1, 546, 0
1, 106, 0
1, 99, 0
1, 246, 0
1, 252, 1
1, 93, 0
1, 173, 0
1, 310, 0
1, 231, 0
1, 294, 0
1, 316, 0
1, 204, 0
1, 69, 0
1, 131, 0
0, 4000, 0
0, 4001, 0
0, 4002, 0
0, 4003, 0
0, 4004, 0
0, 4005, 0
1, 120, 0
1, 125, 0
1, 308, 0
1, 73, 0
1, 148, 0
1, 189, 0
1, 100, 0
1, 124, 0
1, 234, 0
1, 115, 0
1, 303, 0
1, 827, 0
1, 197, 0
0, 4000, 0
0, 4001, 0
0, 4002, 0
0, 4003, 0
0, 4004, 0
0, 4005, 0
1, 189, 0
1, 94, 0
1, 158, 0
1, 101, 0
1, 121, 0
1, 66, 0
1, 312, 0
1, 180, 0
1, 295, 0
1, 310, 0
1, 174, 0
1, 116, 0
1, 248, 0
1, 269, 0
1, 152, 0
1, 133, 0
1, 648, 0
1, 1, 0
1, 227, 0
1, 127, 0
1, 122, 0
1, 89, 0
1, 115, 0
1, 109, 0
1, 125, 0
1, 98, 0
1, 116, 0
1, 3548, 0
1, 193, 1
1, 332, 0
1, 305, 0
1, 45, 1
1, 81, 0
1, 63, 0
1, 299, 0
1, 127, 0
1, 108, 1
0, 4000, 1
0, 4001, 1
0, 4002, 1
0, 4003, 1
0, 4004, 1
0, 4005, 1
1, 132, 0
1, 154, 0
1, 178, 0
1, 87, 0
0, 1379, 0
1, 203, 0
0, 4000, 1
0, 4001, 1
0, 4002, 1
0, 4003, 1
0, 4004, 1
0, 4005, 1
1, 89, 0
1, 116, 0
1, 101, 0
0, 488, 0
1, 53, 0
1, 150, 0
1, 104, 1
1, 195, 0
1, 1172, 0
1, 95, 0
1, 91, 0
1, 305, 0
1, 104, 0
1, 171, 0
1, 132, 0
1, 65, 0
1, 89, 0
1, 226, 0
1, 443, 0
0, 488, 0
1, 643, 0
1, 212, 0
1, 118, 0
1, 348, 0
1, 256, 0
1, 160, 1
1, 180, 0
1, 247, 0
1, 99, 0
1, 151, 0
1, 79, 0
1, 103, 0
1, 35, 0
1, 547, 0
1, 164, 0
1, 195, 0
1, 1454, 1
1, 64, 1
1, 28, 0
1, 194, 0
1, 63, 0
1, 189, 0
1, 183, 0
1, 83, 0
1, 197, 0
1, 91, 0
1, 116, 0
1, 108, 0
1, 237, 0
1, 135, 0
1, 119, 0
1, 197, 0
1, 117, 0
1, 80, 0
1, 212, 0
1, 265, 0
1, 141, 0
1, 185, 0
1, 157, 0
1, 170, 0
1, 506, 0
1, 267, 0
0, 802, 1
1, 141, 0
1, 292, 0
1, 60, 0
1, 189, 0
1, 273, 1
1, 237, 0
1, 129, 0
1, 349, 0
1, 202, 0
1, 128, 0
1, 112, 0
1, 127, 0
1, 251, 0
1, 199, 0
1, 104, 0
1, 297, 1
1, 561, 0
1, 154, 0
1, 441, 0
1, 221, 0
1, 73, 0
1, 286, 0
1, 269, 0
0, 492, 0
1, 125, 0
1, 83, 0
1, 39, 0
1, 205, 1
1, 204, 0
1, 101, 0
1, 186, 0
1, 220, 0
1, 128, 0
1, 255, 0
1, 91, 0
1, 252, 0
1, 208, 0
1, 69, 0
1, 77, 0
1, 97, 0
1, 112, 0
1, 237, 0
1, 459, 1
1, 639, 0
1, 145, 0
1, 209, 1
1, 117, 0
1, 137, 0
1, 128, 1
1, 377, 0
1, 251, 0
1, 109, 0
0, 218, 0
1, 73, 0
1, 175, 0
1, 324, 0
1, 284, 0
1, 281, 0
1, 23, 0
1, 69, 1
1, 375, 1
1, 145, 0
1, 94, 0
1, 317, 0
1, 88, 0
1, 166, 0
1, 119, 0
1, 104, 0
1, 203, 1
1, 109, 0
1, 126, 0
1, 298, 0
1, 281, 1
1, 566, 0
1, 352, 1
1, 101, 1
1, 260, 0
1, 541, 0
1, 296, 0
1, 269, 0
1, 98, 0
1, 119, 0
1, 226, 1
1, 84, 0
1, 203, 1
1, 253, 0
1, 101, 0
1, 221, 0
1, 212, 0
1, 137, 0
1, 106, 0
1, 95, 0
1, 131, 0
1, 135, 0
1, 327, 0
1, 209, 0
0, 190, 0
1, 292, 0
1, 184, 1
1, 132, 0
1, 158, 0
1, 455, 0
1, 118, 0
1, 563, 0
1, 370, 0
0, 454, 0
1, 214, 0
1, 395, 0
1, 181, 0
1, 112, 0
0, 412, 1
1, 66, 0
1, 494, 0
1, 190, 0
1, 462, 0
1, 365, 0
1, 410, 0
1, 125, 0
0, 2462, 1
1, 463, 0
1, 321, 0
1, 442, 0
1, 628, 0
1, 149, 0
1, 187, 0
1, 128, 0
1, 523, 0
1, 515, 0
1, 782, 0
1, 177, 0
1, 362, 0
1, 137, 0
1, 325, 1
1, 487, 0
1, 189, 1
0, 174, 1
1, 119, 0
1, 70, 0
1, 451, 0
1, 195, 0
1, 161, 1
1, 275, 0
1, 378, 0
1, 330, 1
1, 384, 0
1, 131, 0
1, 269, 0
1, 191, 0
1, 230, 1
1, 1089, 0
1, 1369, 0
1, 34, 0
0, 209, 0
1, 74, 0
1, 128, 1
1, 172, 0
0, 439, 1
1, 294, 0
1, 106, 0
1, 90, 1
1, 303, 0
1, 356, 0
1, 322, 0
1, 125, 0
1, 158, 0
1, 498, 0
1, 413, 1
1, 116, 0
1, 632, 0
1, 165, 0
1, 486, 0
0, 4000, 0
0, 4001, 0
0, 4002, 0
0, 4003, 0
0, 4004, 0
0, 4005, 0
1, 369, 0
1, 356, 1
1, 208, 0
1, 1440, 0
0, 220, 0
1, 319, 0
0, 110, 0
0, 506, 0
1, 382, 0
1, 396, 0
1, 573, 0
1, 481, 0
1, 308, 0
0, 174, 0
1, 455, 0
1, 111, 0
0, 469, 0
0, 163, 0
1, 265, 1
1, 2128, 0
1, 290, 0
1, 78, 0
1, 118, 0
1, 404, 0
0, 732, 0
1, 128, 0
1, 341, 0
1, 110, 0
1, 307, 0
1, 193, 0
1, 165, 0
1, 457, 0
1, 188, 0
1, 114, 1
1, 154, 0
1, 251, 0
1, 591, 0
1, 569, 0
1, 428, 1
1, 409, 0
1, 133, 0
1, 460, 0
0, 186, 0
1, 519, 0
0, 211, 0
1, 383, 0
0, 239, 0
1, 177, 0
1, 187, 0
1, 181, 0
1, 163, 0
1, 105, 0
1, 473, 0
1, 376, 0
0, 215, 0
1, 251, 0
0, 192, 0
1, 356, 0
0, 651, 0
1, 582, 0
1, 483, 0
1, 147, 1
1, 108, 0
1, 209, 0
1, 295, 0
0, 485, 0
1, 216, 0
0, 1432, 1
1, 467, 0
1, 23, 0
1, 88, 0
1, 440, 0
1, 218, 0
1, 339, 0
0, 94, 0
1, 483, 0
1, 132, 0
1, 336, 0
0, 2749, 1
1, 390, 0
1, 102, 0
1, 56, 0
1, 110, 0
1, 100, 1
1, 493, 0
1, 1493, 0
0, 94, 0
1, 245, 1
0, 46, 0
1, 317, 1
1, 177, 1
1, 121, 0
1, 282, 0
0, 214, 0
0, 1612, 1
1, 389, 0
1, 169, 1
1, 201, 1
1, 191, 0
1, 179, 0
1, 259, 1
1, 241, 0
1, 115, 0
1, 88, 0
1, 465, 0
0, 437, 1
1, 125, 1
1, 333, 0
1, 491, 0
1, 260, 0
1, 122, 1
1, 401, 0
1, 467, 0
0, 189, 0
1, 493, 0
1, 162, 0
1, 73, 0
1, 187, 0
1, 112, 0
1, 472, 0
0, 210, 0
1, 201, 1
1, 141, 0
1, 540, 0
1, 417, 0
1, 501, 0
1, 143, 0
1, 569, 0
0, 177, 0
1, 267, 0
1, 414, 0
1, 163, 0
1, 625, 0
1, 247, 0
1, 271, 0
1, 132, 0
1, 546, 0
1, 120, 0
1, 268, 0
1, 432, 0
1, 575, 0
1, 401, 0
1, 439, 0
1, 155, 0
1, 242, 0
0, 4000, 0
0, 4001, 0
0, 4002, 0
0, 4003, 0
0, 4004, 0
0, 4005, 0
1, 141, 0
1, 203, 0
0, 94, 0
1, 471, 0
1, 384, 0
1, 294, 0
1, 131, 0
1, 306, 0
1, 77, 0
1, 260, 0
0, 4000, 1
0, 4001, 1
0, 4002, 1
0, 4003, 1
0, 4004, 1
0, 4005, 1
1, 111, 0
0, 958, 1
1, 139, 0
1, 26, 0
1, 495, 0
1, 429, 0
1, 754, 0
1, 306, 0
0, 434, 1
1, 477, 0
1, 75, 0
1, 258, 0
1, 126, 1
1, 120, 0
1, 323, 0
0, 202, 0
1, 590, 0
1, 504, 0
1, 362, 0
1, 106, 0
1, 323, 0
1, 313, 1
1, 531, 0
1, 181, 0
1, 231, 0
0, 259, 0
0, 2390, 1
1, 391, 0
1, 358, 0
1, 230, 0
1, 201, 0
1, 94, 0
1, 227, 0
1, 371, 0
1, 141, 0
1, 147, 0
1, 622, 0
0, 4000, 1
0, 4001, 1
0, 4002, 1
0, 4003, 1
0, 4004, 1
0, 4005, 1
1, 138, 0
1, 242, 1
1, 151, 0
1, 152, 1
1, 135, 0
1, 410, 0
0, 1298, 1
1, 149, 0
1, 87, 0
1, 372, 0
0, 1046, 1
0, 180, 0
1, 177, 1
1, 193, 1
1, 199, 0
1, 275, 0
1, 176, 0
1, 390, 0
1, 370, 0
0, 208, 0
1, 475, 0
1, 371, 1
1, 166, 0
1, 233, 0
1, 379, 0
1, 301, 0
1, 241, 0
1, 448, 0
1, 117, 0
1, 25, 0
1, 120, 0
1, 81, 0
1, 178, 0
1, 216, 0
0, 1624, 1
1, 285, 0
1, 382, 0
1, 329, 0
1, 88, 0
1, 90, 0
1, 356, 0
0, 897, 1
0, 672, 0
1, 332, 0
1, 172, 0
1, 471, 0
1, 644, 0
1, 355, 0
1, 215, 0
1, 396, 0
1, 446, 0
1, 376, 0
1, 401, 0
1, 590, 0
1, 113, 0
0, 94, 1
1, 360, 1
1, 96, 0
1, 98, 0
1, 279, 0
1, 567, 0
1, 468, 0
1, 432, 0
1, 87, 1
1, 69, 0
1, 496, 0
1, 322, 0
0, 928, 1
0, 2739, 1
1, 337, 0
1, 289, 0
1, 112, 1
1, 425, 1
1, 775, 0
0, 1025, 1
1, 377, 0
1, 218, 0
1, 413, 0
1, 195, 0
1, 116, 0
1, 93, 0
1, 394, 0
0, 147, 0
1, 176, 0
1, 415, 0
1, 175, 0
0, 164, 0
1, 45, 0
1, 180, 0
0, 433, 0
1, 425, 0
1, 532, 0
1, 127, 0
1, 923, 0
1, 189, 0
1, 511, 0
1, 304, 0
1, 441, 0
1, 187, 0
1, 176, 0
1, 200, 0
0, 230, 0
1, 509, 0
0, 278, 0
1, 434, 0
1, 461, 0
1, 236, 0
1, 167, 0
1, 474, 0
0, 146, 0
1, 645, 0
1, 120, 0
1, 501, 0
1, 134, 0
0, 167, 0
1, 1311, 1
1, 260, 0
1, 325, 0
1, 437, 0
1, 361, 0
1, 583, 0
1, 504, 0
1, 200, 0
0, 196, 0
1, 348, 0
0, 510, 0
0, 918, 0
1, 136, 0
0, 204, 0
0, 663, 1
1, 216, 0
0, 181, 0
1, 114, 0
1, 122, 0
1, 569, 0
1, 555, 0
1, 417, 0
1, 122, 0
1, 154, 0
1, 140, 0
1, 88, 1
1, 109, 0
1, 177, 0
1, 260, 0
1, 462, 0
1, 404, 1
1, 387, 0
1, 214, 1
1, 274, 0
1, 218, 0
1, 171, 1
1, 480, 0
1, 480, 0
0, 193, 0
1, 226, 0
0, 190, 0
1, 444, 0
1, 244, 0
1, 472, 0
1, 528, 0
1, 456, 1
1, 355, 0
1, 358, 0
1, 431, 0
0, 268, 0
1, 373, 0
1, 470, 0
1, 122, 0
1, 641, 0
1, 478, 0
1, 212, 0
1, 160, 0
1, 106, 0
1, 268, 0
0, 479, 0
1, 297, 0
1, 477, 0
0, 165, 0
1, 62, 0
1, 361, 0
1, 773, 0
1, 344, 0
1, 331, 0
1, 479, 0
1, 612, 0
1, 158, 0
1, 91, 0
0, 4000, 1
0, 4001, 1
0, 4002, 1
0, 4003, 1
0, 4004, 1
0, 4005, 1
1, 283, 0
0, 497, 0
1, 69, 0
1, 125, 0
0, 158, 0
0, 147, 0
1, 147, 0
1, 107, 0
1, 118, 0
1, 358, 0
0, 667, 1
1, 484, 0
0, 94, 0
1, 180, 1
1, 501, 0
1, 114, 0
1, 407, 0
1, 108, 1
1, 384, 0
1, 449, 0
1, 689, 0
0, 186, 0
1, 296, 0
1, 186, 0
1, 105, 0
1, 444, 0
0, 154, 0
1, 159, 0
1, 453, 0
1, 12, 0
1, 158, 0
0, 667, 0
1, 180, 1
0, 1642, 1
1, 260, 0
1, 1734, 0
1, 137, 0
1, 107, 0
1, 469, 0
1, 120, 0
1, 350, 0
1, 381, 0
1, 490, 0
1, 296, 1
1, 99, 0
1, 75, 0
1, 139, 0
1, 100, 0
1, 82, 0
0, 4000, 1
0, 4001, 1
0, 4002, 1
0, 4003, 1
0, 4004, 1
0, 4005, 1
1, 169, 0
1, 389, 0
1, 241, 0
1, 130, 0
1, 2393, 0
1, 480, 0
1, 180, 0
1, 336, 0
1, 323, 0
1, 111, 0
1, 231, 0
1, 330, 0
1, 420, 0
1, 62, 0
1, 175, 0
1, 459, 0
1, 346, 0
1, 154, 0
0, 2570, 1
0, 276, 0
1, 1, 0
1, 168, 0
1, 158, 0
1, 213, 0
1, 446, 1
1, 333, 0
1, 83, 0
0, 4000, 1
0, 4001, 1
0, 4002, 1
0, 4003, 1
0, 4004, 1
0, 4005, 1
1, 95, 0
1, 108, 0
1, 117, 0
1, 340, 1
1, 465, 1
1, 228, 0
1, 286, 0
0, 186, 0
1, 412, 0
1, 633, 0
1, 288, 0
1, 335, 0
1, 121, 0
1, 327, 0
1, 311, 1
0, 168, 0
1, 891, 0
0, 56, 1
1, 453, 0
1, 495, 0
1, 476, 0
1, 527, 0
1, 175, 0
1, 119, 0
1, 312, 0
1, 539, 0
1, 282, 0
1, 152, 0
0, 900, 1
1, 2485, 0
1, 484, 0
1, 741, 1
1, 242, 0
1, 428, 0
1, 387, 0
1, 127, 0
1, 454, 0
1, 323, 0
1, 181, 0
1, 152, 0
0, 2219, 0
1, 112, 0
1, 449, 0
1, 560, 1
1, 498, 0
1, 221, 0
1, 166, 0
1, 321, 0
1, 320, 0
1, 292, 0
1, 250, 0
1, 501, 0
1, 240, 1
1, 191, 0
1, 244, 0
1, 175, 0
1, 142, 0
1, 45, 1
1, 291, 0
0, 171, 0
1, 1, 0
1, 325, 0
1, 346, 0
1, 244, 0
1, 297, 0
1, 300, 0
1, 234, 0
1, 194, 0
1, 204, 0
1, 377, 0
1, 121, 0
1, 660, 1
1, 112, 0
1, 342, 0
1, 570, 0
1, 162, 0
1, 117, 0
0, 212, 0
1, 165, 0
1, 379, 0
0, 228, 1
1, 314, 1
1, 644, 0
1, 142, 1
1, 312, 0
1, 408, 0
1, 13, 0
1, 148, 0
0, 2574, 0
0, 197, 1
1, 115, 0
1, 278, 0
1, 277, 0
1, 182, 0
1, 499, 0
1, 320, 0
1, 423, 0
1, 469, 0
0, 4000, 1
0, 4001, 1
0, 4002, 1
0, 4003, 1
0, 4004, 1
0, 4005, 1
1, 391, 0
1, 197, 0
1, 177, 0
1, 114, 0
1, 201, 0
1, 167, 0
1, 78, 0
1, 203, 0
0, 208, 0
1, 129, 0
1, 255, 0
1, 414, 0
1, 82, 0
1, 796, 0
1, 469, 1
1, 293, 0
1, 130, 0
1, 420, 0
1, 140, 0
0, 169, 0
1, 86, 0
1, 415, 1
0, 4000, 0
0, 4001, 0
0, 4002, 0
0, 4003, 0
0, 4004, 0
0, 4005, 0
1, 323, 0
1, 147, 0
1, 114, 0
1, 91, 0
1, 311, 0
1, 244, 1
0, 1906, 0
0, 152, 0
1, 268, 0
1, 373, 0
1, 436, 0
1, 120, 0
1, 274, 0
1, 144, 0
1, 230, 0
1, 263, 0
1, 1988, 0
1, 709, 0
1, 420, 0
1, 516, 0
1, 127, 0
1, 126, 0
1, 991, 0
1, 272, 0
1, 124, 0
1, 250, 0
1, 452, 0
1, 144, 0
0, 44, 0
1, 195, 0
0, 177, 0
1, 15, 1
1, 100, 0
1, 646, 0
1, 450, 0
1, 358, 1
1, 303, 0
1, 306, 0
0, 46, 0
1, 149, 0
1, 82, 0
1, 91, 0
1, 248, 1
1, 225, 0
1, 544, 1
1, 202, 0
0, 196, 0
0, 4000, 1
0, 4001, 1
0, 4002, 1
0, 4003, 1
0, 4004, 1
0, 4005, 1
1, 378, 0
1, 573, 0
0, 191, 0
1, 202, 0
0, 4000, 1
0, 4001, 1
0, 4002, 1
0, 4003, 1
0, 4004, 1
0, 4005, 1
1, 787, 0
1, 320, 0
1, 158, 0
1, 205, 1
1, 133, 0
1, 134, 0
1, 153, 0
0, 108, 0
1, 1344, 0
1, 159, 1
1, 173, 0
1, 204, 0
1, 196, 0
0, 94, 0
1, 176, 0
1, 213, 0
1, 302, 0
0, 4000, 0
0, 4001, 0
0, 4002, 0
0, 4003, 0
0, 4004, 0
0, 4005, 0
0, 267, 0
1, 579, 0
0, 1001, 0
1, 331, 0
1, 321, 0
0, 214, 0
1, 448, 0
1, 367, 0
1, 330, 0
1, 202, 0
1, 119, 0
1, 391, 0
0, 600, 0
1, 386, 0
1, 323, 1
1, 343, 0
1, 471, 1
1, 14, 0
0, 503, 1
0, 51, 0
1, 190, 0
1, 1539, 0
1, 485, 0
1, 67, 0
1, 241, 0
1, 344, 0
1, 116, 0
1, 458, 0
1, 231, 0
0, 204, 0
1, 402, 0
1, 263, 0
1, 130, 0
0, 4000, 0
0, 4001, 0
0, 4002, 0
0, 4003, 0
0, 4004, 0
0, 4005, 0
1, 416, 0
1, 77, 1
1, 319, 0
1, 153, 0
1, 108, 0
1, 251, 0
1, 167, 0
1, 289, 0
1, 62, 0
1, 484, 1
1, 325, 0
1, 111, 0
1, 204, 0
1, 175, 0
1, 67, 0
0, 685, 0
1, 415, 0
0, 53, 0
1, 343, 0
1, 939, 0
1, 27, 0
0, 786, 0
1, 171, 0
0, 133, 0
1, 271, 0
1, 600, 0
1, 235, 0
1, 1043, 0
1, 382, 0
0, 4000, 1
0, 4001, 1
0, 4002, 1
0, 4003, 1
0, 4004, 1
0, 4005, 1
0, 159, 0
1, 486, 0
1, 486, 0
1, 599, 0
1, 304, 0
1, 84, 0
1, 219, 0
1, 536, 0
1, 120, 0
1, 159, 0
1, 139, 0
1, 838, 0
1, 117, 1
1, 431, 0
1, 813, 0
1, 67, 0
1, 535, 0
1, 471, 0
1, 382, 0
1, 331, 1
1, 408, 0
1, 114, 0
1, 282, 0
1, 469, 1
0, 735, 1
1, 165, 0
1, 532, 1
0, 4000, 1
0, 4001, 1
0, 4002, 1
0, 4003, 1
0, 4004, 1
0, 4005, 1
1, 496, 0
1, 337, 0
1, 96, 0
1, 496, 0
1, 444, 0
1, 305, 0
1, 642, 0
1, 324, 0
1, 125, 0
1, 624, 0
1, 31, 1
1, 426, 0
1, 312, 0
1, 475, 0
1, 493, 0
1, 181, 0
1, 565, 0
1, 443, 0
1, 122, 0
0, 4000, 1
0, 4001, 1
0, 4002, 1
0, 4003, 1
0, 4004, 1
0, 4005, 1
1, 50, 0
0, 3727, 1
1, 514, 0
1, 610, 0
1, 284, 1
1, 187, 0
1, 521, 1
1, 244, 0
0, 94, 0
1, 308, 0
1, 188, 0
1, 330, 0
1, 148, 0
1, 352, 0
1, 403, 1
1, 312, 0
1, 485, 0
1, 604, 0
1, 587, 0
0, 4000, 1
0, 4001, 1
0, 4002, 1
0, 4003, 1
0, 4004, 1
0, 4005, 1
1, 125, 1
1, 226, 0
0, 347, 0
1, 190, 1
1, 190, 1
1, 384, 0
1, 179, 0
1, 296, 0
0, 401, 0
1, 106, 0
1, 320, 1
1, 95, 0
1, 208, 0
1, 165, 0
1, 142, 0
1, 144, 0
1, 407, 0
1, 438, 0
1, 177, 0
1, 414, 0
1, 266, 0
0, 46, 0
1, 111, 0
1, 134, 0
0, 352, 0
1, 467, 0
1, 116, 0
0, 443, 0
1, 137, 0
1, 205, 0
1, 364, 0
1, 344, 0
1, 253, 0
1, 368, 1
1, 480, 0
1, 340, 0
1, 502, 0
1, 464, 0
1, 74, 0
1, 211, 0
1, 235, 1
1, 317, 0
0, 1528, 1
0, 1074, 1
1, 183, 0
1, 412, 0
1, 149, 0
1, 97, 0
1, 295, 1
1, 338, 0
1, 63, 0
1, 547, 0
1, 253, 0
1, 462, 0
0, 463, 0
1, 182, 0
1, 337, 0
1, 111, 0
0, 204, 1
1, 423, 0
1, 135, 0
1, 134, 0
1, 41, 0
1, 437, 0
1, 271, 0
1, 306, 0
1, 95, 0
1, 234, 0
1, 480, 0
1, 260, 0
1, 286, 0
0, 288, 0
1, 209, 0
1, 425, 0
1, 181, 0
1, 524, 0
1, 192, 0
0, 409, 0
1, 435, 0
0, 4000, 1
0, 4001, 1
0, 4002, 1
0, 4003, 1
0, 4004, 1
0, 4005, 1
1, 222, 0
1, 324, 0
1, 761, 0
1, 294, 0
1, 374, 0
1, 218, 0
1, 263, 1
1, 267, 0
1, 2, 0
1, 480, 0
1, 114, 0
1, 75, 0
1, 157, 0
1, 100, 0
1, 179, 0
1, 58, 0
1, 746, 0
1, 346, 0
1, 157, 0
1, 159, 0
0, 4000, 0
0, 4001, 0
0, 4002, 0
0, 4003, 0
0, 4004, 0
0, 4005, 0
1, 505, 0
1, 463, 0
1, 135, 0
1, 294, 0
1, 303, 0
1, 423, 0
1, 268, 0
1, 164, 0
1, 157, 1
1, 79, 0
1, 517, 0
1, 488, 0
1, 138, 0
1, 338, 0
1, 509, 0
1, 171, 0
1, 366, 0
0, 46, 0
1, 158, 0
1, 202, 0
1, 369, 0
1, 154, 1
1, 173, 0
0, 1914, 1
1, 118, 0
1, 521, 0
1, 182, 0
1, 140, 0
1, 279, 0
1, 371, 0
1, 242, 0
1, 978, 0
1, 187, 0
1, 2672, 0
1, 368, 0
1, 133, 0
1, 222, 0
1, 101, 0
1, 373, 0
1, 115, 0
1, 456, 0
1, 357, 0
1, 227, 0
1, 56, 1
1, 37, 0
1, 353, 0
1, 245, 0
0, 731, 0
1, 92, 0
1, 110, 0
1, 1113, 0
1, 297, 0
1, 321, 0
1, 642, 0
1, 118, 0
1, 268, 0
1, 143, 0
1, 119, 0
1, 451, 0
1, 234, 0
0, 2680, 1
0, 1751, 1
1, 628, 0
1, 291, 0
1, 158, 0
1, 124, 0
1, 119, 0
0, 94, 0
1, 59, 0
1, 205, 0
1, 965, 0
1, 393, 0
1, 485, 0
1, 479, 0
1, 352, 1
1, 1711, 0
0, 4000, 1
0, 4001, 1
0, 4002, 1
0, 4003, 1
0, 4004, 1
0, 4005, 1
1, 332, 0
1, 105, 0
1, 449, 0
1, 129, 0
1, 425, 0
1, 471, 0
1, 112, 0
1, 307, 0
1, 161, 0
1, 442, 0
1, 383, 0
1, 369, 1
1, 202, 0
1, 342, 0
1, 918, 0
1, 322, 1
1, 898, 0
1, 272, 0
1, 121, 0
1, 163, 0
0, 162, 0
1, 287, 0
1, 26, 0
1, 405, 0
1, 101, 0
1, 311, 0
0, 4000, 1
0, 4001, 1
0, 4002, 1
0, 4003, 1
0, 4004, 1
0, 4005, 1
1, 430, 0
1, 413, 0
1, 477, 0
1, 850, 0
1, 494, 0
1, 413, 1
1, 93, 0
1, 100, 0
1, 170, 0
0, 46, 0
1, 1430, 0
1, 227, 0
1, 124, 0
1, 357, 0
1, 112, 0
1, 967, 0
1, 479, 0
1, 300, 0
1, 370, 0
1, 349, 0
1, 271, 0
1, 110, 0
1, 480, 0
1, 250, 0
1, 468, 1
1, 83, 0
1, 130, 1
1, 320, 0
1, 484, 0
1, 449, 0
1, 376, 0
1, 103, 0
1, 165, 0
1, 203, 0
1, 221, 0
1, 316, 0
1, 612, 1
1, 265, 1
1, 458, 0
1, 228, 1
0, 3011, 1
1, 481, 0
1, 142, 0
1, 220, 0
1, 464, 0
1, 191, 0
1, 3525, 1
1, 111, 0
1, 288, 0
1, 248, 1
1, 311, 0
1, 536, 0
1, 354, 0
1, 480, 1
1, 394, 0
1, 248, 0
1, 427, 0
1, 394, 0
1, 3216, 0
1, 465, 0
0, 232, 1
1, 527, 0
1, 542, 0
1, 118, 0
1, 512, 1
1, 390, 0
1, 61, 0
0, 968, 1
1, 213, 0
1, 329, 0
1, 443, 0
1, 283, 0
1, 131, 0
1, 420, 0
1, 139, 0
1, 97, 0
1, 206, 0
1, 117, 1
1, 560, 0
1, 417, 0
1, 365, 0
1, 390, 0
1, 449, 0
1, 291, 0
1, 361, 0
1, 281, 0
1, 159, 0
1, 629, 0
1, 549, 0
1, 340, 1
0, 225, 0
1, 82, 0
1, 110, 0
1, 401, 0
1, 190, 1
1, 496, 0
1, 288, 0
1, 55, 0
0, 170, 0
1, 203, 0
1, 148, 0
1, 1100, 0
0, 4000, 1
0, 4001, 1
0, 4002, 1
0, 4003, 1
0, 4004, 1
0, 4005, 1
1, 438, 0
1, 387, 0
1, 175, 0
1, 88, 0
1, 107, 1
1, 384, 0
1, 275, 0
1, 186, 0
1, 87, 0
1, 123, 0
1, 199, 0
1, 189, 0
1, 470, 0
1, 454, 0
1, 166, 0
1, 2232, 0
1, 396, 0
1, 131, 0
1, 313, 0
1, 466, 0
0, 222, 0
1, 289, 0
1, 119, 0
1, 413, 0
1, 465, 0
1, 175, 0
1, 305, 0
1, 573, 0
1, 364, 0
0, 4000, 1
0, 4001, 1
0, 4002, 1
0, 4003, 1
0, 4004, 1
0, 4005, 1
1, 357, 0
1, 480, 0
1, 212, 0
1, 202, 1
1, 407, 0
1, 507, 1
1, 445, 0
1, 224, 0
1, 184, 0
1, 111, 0
1, 243, 0
1, 144, 0
1, 441, 0
1, 422, 0
1, 482, 0
0, 4000, 1
0, 4001, 1
0, 4002, 1
0, 4003, 1
0, 4004, 1
0, 4005, 1
0, 999, 1
1, 165, 0
1, 184, 0
0, 217, 1
1, 216, 0
1, 207, 1
1, 132, 0
1, 222, 0
0, 1368, 0
1, 395, 1
1, 217, 0
1, 92, 0
0, 94, 0
1, 99, 0
1, 312, 1
1, 148, 0
1, 231, 0
1, 300, 0
1, 128, 0
1, 204, 0
1, 431, 0
1, 88, 0
1, 351, 0
1, 588, 0
0, 4000, 1
0, 4001, 1
0, 4002, 1
0, 4003, 1
0, 4004, 1
0, 4005, 1
1, 236, 0
1, 167, 0
1, 113, 0
1, 213, 0
1, 193, 0
1, 280, 0
1, 185, 0
1, 345, 0
1, 293, 0
1, 122, 0
1, 118, 0
0, 4000, 1
0, 4001, 1
0, 4002, 1
0, 4003, 1
0, 4004, 1
0, 4005, 1
0, 136, 0
1, 361, 0
1, 233, 0
1, 402, 0
1, 466, 0
1, 82, 0
1, 222, 0
1, 272, 0
1, 105, 0
1, 137, 0
0, 214, 0
1, 534, 0
1, 317, 0
1, 213, 0
0, 601, 0
0, 3249, 1
0, 362, 0
1, 371, 0
1, 95, 0
1, 427, 0
0, 2987, 1
1, 181, 0
1, 188, 0
1, 2435, 0
1, 220, 0
1, 379, 0
1, 418, 0
1, 626, 0
1, 389, 0
1, 518, 0
1, 460, 0
1, 474, 1
1, 125, 0
1, 428, 0
1, 329, 0
1, 598, 1
1, 121, 0
1, 207, 0
0, 443, 1
1, 473, 0
1, 152, 0
0, 264, 0
1, 125, 0
0, 3363, 1
0, 94, 0
1, 179, 0
1, 143, 0
0, 4000, 1
0, 4001, 1
0, 4002, 1
0, 4003, 1
0, 4004, 1
0, 4005, 1
1, 52, 0
1, 82, 0
1, 317, 0
1, 369, 0
1, 154, 0
1, 307, 0
1, 158, 0
1, 578, 0
1, 422, 0
0, 490, 0
1, 283, 0
1, 141, 1
1, 269, 0
1, 187, 0
1, 278, 0
1, 94, 0
0, 462, 0
1, 501, 0
1, 120, 0
1, 1416, 0
0, 4000, 1
0, 4001, 1
0, 4002, 1
0, 4003, 1
0, 4004, 1
0, 4005, 1
1, 147, 0
1, 484, 0
1, 470, 0
1, 192, 0
1, 352, 0
1, 413, 0
0, 1061, 0
1, 253, 0
0, 645, 0
1, 370, 0
1, 375, 0
1, 257, 0
1, 322, 0
1, 463, 0
1, 639, 0
1, 302, 0
1, 333, 0
1, 160, 1
1, 337, 0
1, 107, 0
1, 575, 0
0, 4000, 1
0, 4001, 1
0, 4002, 1
0, 4003, 1
0, 4004, 1
0, 4005, 1
0, 94, 0
1, 329, 0
1, 343, 0
1, 461, 0
0, 224, 1
1, 395, 0
1, 108, 0
1, 497, 0
1, 569, 0
1, 481, 0
1, 510, 0
1, 112, 0
1, 983, 0
1, 433, 0
1, 351, 0
1, 161, 1
1, 382, 1
1, 490, 0
1, 93, 0
1, 112, 0
1, 80, 0
1, 568, 0
1, 374, 0
1, 315, 0
0, 94, 0
1, 462, 0
1, 125, 0
1, 422, 0
1, 567, 0
1, 351, 1
1, 345, 0
1, 268, 0
1, 194, 0
1, 77, 0
1, 116, 1
0, 1873, 0
1, 645, 0
1, 480, 0
1, 307, 1
1, 31, 0
1, 213, 0
1, 406, 0
1, 428, 0
1, 185, 1
0, 4000, 0
0, 4001, 0
0, 4002, 0
0, 4003, 0
0, 4004, 0
0, 4005, 0
1, 329, 0
1, 359, 0
1, 304, 0
1, 187, 0
1, 192, 0
1, 151, 0
0, 94, 0
1, 549, 1
1, 216, 1
1, 366, 0
1, 109, 1
0, 257, 0
1, 186, 0
1, 321, 0
1, 160, 0
1, 239, 0
1, 376, 0
1, 965, 0
1, 373, 0
0, 375, 0
1, 201, 0
1, 372, 0
1, 119, 0
1, 149, 0
1, 160, 0
1, 107, 0
1, 269, 0
0, 94, 0
1, 203, 0
1, 258, 0
1, 417, 1
1, 184, 0
1, 338, 0
1, 962, 0
1, 100, 0
0, 4000, 0
0, 4001, 0
0, 4002, 0
0, 4003, 0
0, 4004, 0
0, 4005, 0
1, 227, 1
1, 83, 0
1, 341, 0
1, 108, 0
1, 148, 0
0, 4000, 1
0, 4001, 1
0, 4002, 1
0, 4003, 1
0, 4004, 1
0, 4005, 1
1, 417, 0
1, 449, 0
1, 127, 1
0, 4000, 1
0, 4001, 1
0, 4002, 1
0, 4003, 1
0, 4004, 1
0, 4005, 1
1, 187, 0
1, 460, 0
0, 3592, 0
1, 234, 0
1, 122, 0
1, 159, 0
1, 190, 0
1, 410, 0
1, 337, 0
1, 415, 0
1, 330, 0
1, 426, 0
1, 245, 0
1, 186, 0
1, 285, 0
1, 181, 0
1, 109, 0
1, 361, 0
1, 282, 0
1, 372, 0
1, 352, 0
0, 94, 0
1, 391, 0
1, 276, 0
0, 1412, 1
1, 441, 0
0, 158, 0
1, 167, 0
1, 352, 0
1, 126, 0
1, 239, 0
0, 178, 0
1, 114, 0
1, 416, 0
1, 559, 1
1, 181, 0
1, 105, 0
1, 193, 0
1, 536, 1
1, 230, 1
1, 401, 1
1, 194, 0
1, 516, 0
1, 419, 0
0, 1737, 0
1, 166, 0
0, 4000, 1
0, 4001, 1
0, 4002, 1
0, 4003, 1
0, 4004, 1
0, 4005, 1
1, 436, 0
1, 163, 0
1, 78, 0
1, 181, 0
1, 119, 0
1, 233, 0
1, 117, 0
0, 4000, 1
0, 4001, 1
0, 4002, 1
0, 4003, 1
0, 4004, 1
0, 4005, 1
1, 266, 0
1, 27, 1
1, 358, 0
1, 441, 0
1, 450, 0
1, 841, 0
1, 95, 0
1, 348, 0
1, 93, 0
0, 389, 1
1, 220, 0
1, 275, 0
1, 405, 0
1, 496, 0
1, 210, 0
1, 78, 0
1, 304, 1
0, 1775, 0
1, 202, 0
1, 462, 0
1, 199, 0
1, 299, 0
0, 4000, 1
0, 4001, 1
0, 4002, 1
0, 4003, 1
0, 4004, 1
0, 4005, 1
1, 80, 0
1, 34, 0
1, 444, 0
1, 168, 1
1, 294, 0
1, 422, 0
1, 63, 0
1, 348, 0
1, 118, 0
1, 148, 1
1, 465, 0
1, 549, 1
1, 159, 0
1, 358, 0
1, 264, 0
1, 140, 0
1, 1050, 0
1, 109, 0
1, 223, 0
1, 210, 0
1, 145, 0
1, 292, 0
1, 298, 0
1, 272, 0
1, 438, 0
1, 383, 0
1, 32, 0
0, 217, 0
1, 201, 0
1, 109, 0
1, 139, 0
1, 514, 0
1, 66, 0
1, 175, 1
1, 570, 0
1, 507, 0
1, 409, 0
1, 278, 0
1, 310, 0
0, 4000, 1
0, 4001, 1
0, 4002, 1
0, 4003, 1
0, 4004, 1
0, 4005, 1
1, 491, 0
1, 142, 0
1, 190, 0
1, 371, 0
1, 324, 0
1, 414, 0
1, 605, 0
0, 4000, 1
0, 4001, 1
0, 4002, 1
0, 4003, 1
0, 4004, 1
0, 4005, 1
1, 869, 0
1, 346, 0
1, 124, 1
1, 443, 0
1, 168, 1
1, 742, 0
1, 376, 0
1, 469, 0
1, 94, 0
0, 4000, 1
0, 4001, 1
0, 4002, 1
0, 4003, 1
0, 4004, 1
0, 4005, 1
1, 500, 1
1, 333, 1
1, 310, 0
1, 179, 0
1, 376, 0
1, 14, 0
1, 190, 0
1, 211, 0
1, 148, 0
1, 343, 0
1, 480, 0
1, 281, 0
1, 226, 1
1, 101, 0
1, 523, 0
1, 499, 1
0, 94, 0
1, 356, 0
1, 584, 0
1, 446, 0
1, 363, 0
1, 139, 1
1, 83, 0
0, 2950, 1
1, 246, 0
1, 535, 0
1, 127, 1
1, 426, 0
1, 510, 1
1, 202, 0
1, 461, 0
1, 362, 0
1, 174, 0
1, 472, 0
1, 37, 0
1, 565, 0
1, 601, 0
1, 355, 0
1, 353, 0
1, 527, 0
1, 326, 1
1, 216, 0
1, 319, 0
0, 4000, 1
0, 4001, 1
0, 4002, 1
0, 4003, 1
0, 4004, 1
0, 4005, 1
1, 441, 0
1, 72, 0
1, 256, 0
1, 292, 0
1, 566, 0
1, 1024, 0
1, 1062, 0
1, 425, 0
1, 204, 0
1, 162, 0
1, 462, 0
1, 588, 0
1, 193, 0
1, 485, 0
1, 427, 0
1, 102, 0
1, 446, 0
1, 341, 0
1, 118, 0
1, 473, 0
1, 324, 0
1, 97, 0
1, 98, 0
1, 402, 0
1, 485, 0
1, 477, 0
0, 94, 0
0, 172, 0
0, 4000, 1
0, 4001, 1
0, 4002, 1
0, 4003, 1
0, 4004, 1
0, 4005, 1
1, 248, 0
1, 178, 0
1, 150, 0
1, 442, 0
1, 127, 0
1, 339, 0
1, 72, 0
1, 157, 0
1, 88, 1
0, 2206, 1
1, 82, 0
1, 288, 1
1, 99, 1
1, 123, 0
1, 287, 0
1, 494, 0
1, 260, 0
1, 323, 0
1, 509, 0
1, 303, 0
1, 103, 0
1, 461, 0
1, 114, 0
1, 401, 0
1, 426, 0
1, 517, 0
1, 131, 0
1, 92, 0
1, 215, 0
1, 328, 0
0, 3683, 1
1, 193, 0
1, 400, 0
1, 71, 1
1, 308, 0
1, 260, 0
1, 346, 0
1, 350, 0
1, 556, 0
1, 147, 0
1, 216, 0
1, 516, 0
1, 156, 0
1, 252, 0
1, 300, 0
1, 550, 0
1, 502, 0
1, 392, 0
1, 164, 0
1, 311, 1
1, 608, 0
1, 491, 0
1, 349, 0
1, 103, 0
1, 367, 0
1, 203, 0
0, 4000, 1
0, 4001, 1
0, 4002, 1
0, 4003, 1
0, 4004, 1
0, 4005, 1
1, 160, 0
1, 143, 0
1, 84, 0
1, 474, 1
0, 52, 0
1, 446, 0
1, 577, 1
1, 638, 0
1, 280, 0
1, 195, 0
1, 104, 0
1, 415, 0
1, 118, 0
1, 154, 0
1, 804, 0
1, 350, 0
0, 233, 0
1, 159, 0
1, 187, 0
1, 477, 1
1, 668, 0
1, 232, 0
1, 109, 0
0, 152, 0
1, 388, 0
1, 227, 0
1, 355, 0
1, 124, 0
1, 245, 0
1, 292, 0
1, 443, 0
1, 393, 1
1, 543, 1
1, 457, 0
1, 973, 0
1, 223, 0
1, 381, 0
1, 406, 0
1, 565, 1
1, 315, 0
1, 88, 0
1, 249, 0
1, 554, 0
1, 1186, 0
1, 117, 0
1, 106, 0
1, 446, 0
1, 610, 0
1, 502, 0
1, 90, 0
1, 152, 0
1, 139, 0
1, 506, 0
1, 221, 0
1, 474, 0
1, 339, 0
1, 347, 0
1, 441, 0
0, 4000, 1
0, 4001, 1
0, 4002, 1
0, 4003, 1
0, 4004, 1
0, 4005, 1
1, 284, 0
1, 264, 0
1, 118, 0
1, 380, 0
1, 506, 0
1, 166, 0
1, 104, 0
1, 323, 0
1, 347, 0
1, 1021, 0
1, 69, 0
1, 112, 0
1, 356, 0
1, 202, 0
1, 90, 0
1, 485, 0
1, 202, 0
1, 331, 0
1, 404, 0
1, 168, 1
1, 353, 0
1, 492, 0
1, 160, 0
1, 129, 0
1, 281, 0
1, 523, 0
1, 193, 0
1, 142, 0
1, 305, 0
1, 525, 0
1, 120, 0
1, 155, 1
1, 116, 0
1, 73, 0
1, 400, 0
1, 96, 0
1, 66, 0
0, 46, 0
1, 1292, 0
1, 490, 0
0, 4000, 0
0, 4001, 0
0, 4002, 0
0, 4003, 0
0, 4004, 0
0, 4005, 0
0, 378, 0
1, 120, 0
1, 464, 0
1, 1094, 0
1, 420, 0
1, 135, 0
1, 102, 0
1, 422, 1
1, 346, 0
1, 90, 0
1, 420, 0
1, 306, 0
1, 464, 0
1, 78, 0
1, 518, 0
1, 192, 0
1, 2592, 0
1, 524, 0
1, 28, 0
1, 407, 0
1, 593, 0
0, 4000, 1
0, 4001, 1
0, 4002, 1
0, 4003, 1
0, 4004, 1
0, 4005, 1
1, 148, 0
0, 4000, 1
0, 4001, 1
0, 4002, 1
0, 4003, 1
0, 4004, 1
0, 4005, 1
1, 199, 0
1, 144, 0
1, 235, 0
1, 323, 0
1, 296, 0
1, 358, 0
0, 963, 0
1, 312, 0
1, 353, 1
1, 77, 1
0, 4000, 1
0, 4001, 1
0, 4002, 1
0, 4003, 1
0, 4004, 1
0, 4005, 1
0, 4000, 1
0, 4001, 1
0, 4002, 1
0, 4003, 1
0, 4004, 1
0, 4005, 1
0, 477, 0
1, 74, 0
1, 139, 0
1, 516, 0
1, 114, 0
1, 119, 0
1, 422, 0
1, 372, 0
1, 309, 0
1, 132, 0
1, 87, 0
1, 394, 0
1, 208, 0
1, 348, 1
0, 1535, 1
1, 286, 0
1, 120, 1
1, 294, 1
1, 384, 0
1, 196, 0
1, 156, 0
0, 243, 1
1, 515, 0
0, 4000, 1
0, 4001, 1
0, 4002, 1
0, 4003, 1
0, 4004, 1
0, 4005, 1
1, 185, 0
1, 117, 0
1, 114, 1
1, 213, 0
0, 4000, 1
0, 4001, 1
0, 4002, 1
0, 4003, 1
0, 4004, 1
0, 4005, 1
1, 111, 0
1, 434, 0
1, 126, 0
1, 596, 0
1, 145, 0
1, 106, 0
1, 205, 0
1, 492, 0
1, 441, 0
1, 443, 0
1, 81, 0
1, 114, 0
1, 126, 0
1, 141, 0
1, 105, 0
1, 480, 0
1, 178, 0
1, 411, 1
1, 404, 0
1, 119, 0
1, 126, 1
1, 93, 0
1, 402, 0
0, 152, 0
1, 651, 0
1, 520, 0
1, 376, 0
1, 115, 0
1, 266, 0
1, 421, 0
1, 348, 0
1, 345, 0
1, 128, 0
1, 360, 0
1, 195, 0
1, 134, 0
1, 487, 1
0, 4000, 1
0, 4001, 1
0, 4002, 1
0, 4003, 1
0, 4004, 1
0, 4005, 1
1, 118, 1
1, 412, 0
1, 352, 0
1, 229, 0
1, 386, 0
1, 303, 1
1, 250, 0
1, 494, 0
1, 472, 0
1, 171, 0
1, 486, 0
0, 94, 0
1, 480, 0
1, 341, 0
1, 112, 0
1, 179, 0
1, 353, 0
1, 86, 0
1, 245, 0
1, 381, 0
1, 318, 0
1, 191, 0
1, 86, 0
1, 431, 0
1, 181, 0
1, 125, 0
1, 387, 0
1, 698, 0
1, 604, 0
1, 177, 0
1, 279, 0
1, 308, 0
1, 125, 0
1, 442, 0
1, 328, 0
1, 269, 0
1, 154, 0
1, 103, 0
1, 435, 1
1, 440, 0
1, 320, 0
1, 365, 0
1, 395, 0
1, 166, 0
1, 468, 0
1, 131, 0
1, 482, 0
1, 465, 0
1, 322, 0
1, 96, 0
1, 426, 0
1, 131, 0
1, 343, 1
0, 3140, 1
1, 353, 0
0, 209, 0
1, 416, 1
1, 384, 0
1, 81, 0
0, 247, 0
0, 4000, 0
0, 4001, 0
0, 4002, 0
0, 4003, 0
0, 4004, 0
0, 4005, 0
1, 243, 0
1, 145, 0
1, 387, 0
1, 468, 0
1, 492, 0
1, 109, 0
1, 331, 0
1, 306, 0
1, 155, 0
1, 740, 0
1, 175, 0
1, 120, 0
1, 339, 0
1, 203, 0
1, 473, 0
0, 4000, 1
0, 4001, 1
0, 4002, 1
0, 4003, 1
0, 4004, 1
0, 4005, 1
1, 504, 0
1, 141, 0
1, 374, 1
1, 90, 0
1, 85, 0
1, 264, 0
1, 213, 0
1, 440, 0
1, 465, 0
1, 131, 0
1, 470, 0
1, 319, 0
0, 4000, 0
0, 4001, 0
0, 4002, 0
0, 4003, 0
0, 4004, 0
0, 4005, 0
1, 577, 0
1, 388, 0
1, 419, 0
1, 462, 0
0, 56, 0
0, 52, 0
1, 332, 0
1, 76, 0
1, 70, 0
0, 222, 0
1, 219, 0
1, 283, 0
1, 557, 0
1, 216, 0
1, 283, 0
1, 91, 0
0, 4000, 1
0, 4001, 1
0, 4002, 1
0, 4003, 1
0, 4004, 1
0, 4005, 1
1, 171, 0
1, 336, 0
1, 114, 0
1, 537, 0
1, 191, 0
1, 496, 0
1, 134, 0
1, 462, 0
1, 502, 0
1, 152, 0
1, 414, 0
1, 78, 0
1, 360, 0
1, 621, 0
1, 638, 0
1, 387, 0
1, 94, 1
1, 248, 0
1, 1219, 0
0, 59, 0
1, 605, 0
1, 483, 0
1, 436, 0
1, 137, 0
1, 566, 0
1, 612, 0
0, 4000, 1
0, 4001, 1
0, 4002, 1
0, 4003, 1
0, 4004, 1
0, 4005, 1
1, 141, 0
1, 130, 0
1, 211, 0
1, 86, 0
1, 406, 0
1, 406, 0
1, 527, 0
1, 50, 0
1, 311, 0
1, 597, 0
0, 4000, 1
0, 4001, 1
0, 4002, 1
0, 4003, 1
0, 4004, 1
0, 4005, 1
1, 299, 1
1, 169, 0
1, 430, 0
1, 166, 0
1, 336, 0
1, 436, 0
1, 449, 0
1, 354, 0
1, 2858, 0
0, 4000, 1
0, 4001, 1
0, 4002, 1
0, 4003, 1
0, 4004, 1
0, 4005, 1
1, 275, 0
1, 373, 0
1, 482, 0
1, 488, 0
1, 587, 0
1, 489, 1
0, 1045, 1
0, 500, 1
1, 1, 1
1, 371, 0
1, 119, 0
1, 395, 0
1, 487, 0
1, 467, 0
1, 335, 0
1, 351, 0
1, 102, 0
1, 333, 0
1, 376, 0
1, 131, 0
0, 218, 0
1, 135, 0
1, 140, 0
1, 174, 0
0, 252, 0
1, 386, 0
1, 455, 0
1, 144, 1
1, 324, 0
1, 433, 0
1, 419, 0
1, 408, 0
1, 428, 0
0, 4000, 1
0, 4001, 1
0, 4002, 1
0, 4003, 1
0, 4004, 1
0, 4005, 1
1, 202, 0
0, 4000, 1
0, 4001, 1
0, 4002, 1
0, 4003, 1
0, 4004, 1
0, 4005, 1
1, 517, 0
1, 215, 0
1, 242, 0
0, 4000, 1
0, 4001, 1
0, 4002, 1
0, 4003, 1
0, 4004, 1
0, 4005, 1
1, 90, 0
1, 235, 0
1, 563, 0
1, 327, 0
1, 492, 0
1, 387, 0
1, 367, 1
1, 366, 0
1, 450, 0
1, 578, 0
0, 656, 0
1, 178, 0
0, 203, 1
1, 312, 1
1, 1, 0
1, 297, 0
1, 287, 0
1, 544, 0
0, 4000, 1
0, 4001, 1
0, 4002, 1
0, 4003, 1
0, 4004, 1
0, 4005, 1
1, 99, 0
1, 497, 0
1, 552, 0
0, 529, 1
1, 64, 0
0, 1068, 1
1, 364, 0
1, 480, 0
0, 4000, 1
0, 4001, 1
0, 4002, 1
0, 4003, 1
0, 4004, 1
0, 4005, 1
1, 2982, 0
0, 731, 1
1, 320, 0
1, 466, 0
1, 139, 0
1, 175, 0
1, 198, 0
1, 16, 1
1, 445, 0
1, 580, 0
1, 450, 0
1, 256, 0
1, 442, 0
1, 456, 0
1, 551, 0
1, 288, 0
1, 212, 0
1, 354, 0
1, 90, 0
0, 579, 1
1, 603, 0
1, 416, 1
1, 442, 0
1, 580, 0
1, 235, 0
1, 116, 0
1, 186, 1
1, 305, 0
1, 80, 0
0, 4000, 1
0, 4001, 1
0, 4002, 1
0, 4003, 1
0, 4004, 1
0, 4005, 1
1, 591, 0
1, 43, 0
1, 248, 0
1, 55, 0
1, 909, 0
1, 382, 0
1, 1435, 1
1, 3473, 0
1, 85, 0
1, 369, 0
0, 4000, 1
0, 4001, 1
0, 4002, 1
0, 4003, 1
0, 4004, 1
0, 4005, 1
1, 81, 0
1, 419, 1
1, 509, 1
1, 190, 0
1, 291, 0
1, 413, 0
1, 128, 0
1, 436, 0
0, 440, 1
1, 99, 0
1, 148, 0
1, 229, 1
1, 129, 0
1, 194, 0
1, 116, 0
1, 381, 0
1, 277, 0
1, 202, 0
1, 458, 0
1, 169, 0
1, 385, 0
1, 537, 0
1, 186, 0
1, 161, 0
1, 125, 0
0, 1273, 1
1, 292, 0
1, 458, 0
1, 345, 0
1, 355, 0
1, 439, 0
0, 4000, 1
0, 4001, 1
0, 4002, 1
0, 4003, 1
0, 4004, 1
0, 4005, 1
1, 561, 0
1, 328, 0
1, 411, 0
1, 133, 0
1, 112, 0
1, 483, 0
1, 216, 0
1, 218, 0
0, 4000, 1
0, 4001, 1
0, 4002, 1
0, 4003, 1
0, 4004, 1
0, 4005, 1
1, 156, 0
1, 113, 0
1, 337, 1
1, 148, 0
1, 442, 0
1, 160, 0
1, 151, 0
1, 77, 1
1, 135, 0
0, 4000, 1
0, 4001, 1
0, 4002, 1
0, 4003, 1
0, 4004, 1
0, 4005, 1
1, 110, 0
1, 63, 0
1, 191, 0
1, 402, 0
1, 567, 0
1, 220, 0
1, 311, 0
0, 600, 0
1, 298, 0
1, 340, 0
1, 224, 0
1, 38, 0
1, 91, 0
1, 272, 0
0, 198, 0
0, 4000, 1
0, 4001, 1
0, 4002, 1
0, 4003, 1
0, 4004, 1
0, 4005, 1
1, 410, 0
1, 224, 0
0, 156, 0
1, 431, 0
0, 215, 0
1, 320, 0
0, 2763, 1
1, 883, 0
1, 112, 0
1, 487, 0
0, 731, 0
1, 1960, 0
1, 178, 0
1, 110, 0
0, 4000, 1
0, 4001, 1
0, 4002, 1
0, 4003, 1
0, 4004, 1
0, 4005, 1
0, 47, 0
1, 132, 0
0, 50, 0
1, 123, 0
1, 222, 0
1, 416, 0
1, 71, 1
0, 4000, 1
0, 4001, 1
0, 4002, 1
0, 4003, 1
0, 4004, 1
0, 4005, 1
1, 481, 0
1, 3560, 0
1, 149, 0
1, 352, 0
1, 256, 0
1, 1215, 0
1, 99, 0
1, 247, 0
1, 111, 1
1, 75, 0
1, 412, 0
1, 102, 0
1, 337, 0
1, 195, 0
1, 548, 0
1, 635, 0
1, 100, 0
1, 382, 0
1, 219, 0
1, 181, 0
0, 154, 0
1, 95, 0
1, 195, 0
0, 416, 0
1, 502, 0
1, 121, 0
1, 94, 1
1, 106, 1
1, 410, 0
1, 335, 0
1, 209, 0
1, 112, 0
1, 363, 0
1, 351, 0
1, 206, 0
1, 494, 0
1, 205, 0
1, 67, 0
1, 171, 0
1, 130, 0
1, 531, 1
1, 83, 0
1, 326, 0
1, 342, 0
1, 486, 0
1, 201, 0
1, 507, 0
1, 61, 0
1, 165, 0
0, 524, 0
1, 119, 0
1, 841, 0
1, 427, 0
1, 329, 1
1, 680, 0
1, 121, 0
1, 418, 0
1, 385, 1
1, 416, 1
1, 671, 0
1, 2590, 0
0, 48, 0
0, 4000, 1
0, 4001, 1
0, 4002, 1
0, 4003, 1
0, 4004, 1
0, 4005, 1
1, 206, 0
1, 124, 0
1, 402, 0
1, 150, 0
1, 100, 0
1, 242, 0
1, 177, 0
1, 163, 0
1, 981, 0
1, 199, 0
1, 512, 0
1, 109, 0
1, 199, 0
1, 198, 0
1, 125, 0
1, 300, 0
1, 358, 0
1, 108, 0
1, 139, 0
1, 419, 1
1, 81, 0
1, 100, 0
1, 116, 0
1, 474, 0
1, 27, 0
1, 151, 0
1, 189, 0
0, 4000, 1
0, 4001, 1
0, 4002, 1
0, 4003, 1
0, 4004, 1
0, 4005, 1
1, 474, 0
1, 154, 0
1, 485, 0
1, 210, 0
1, 398, 0
1, 68, 0
1, 219, 1
1, 353, 0
1, 11, 0
1, 161, 0
1, 142, 1
1, 435, 0
0, 4000, 1
0, 4001, 1
0, 4002, 1
0, 4003, 1
0, 4004, 1
0, 4005, 1
1, 309, 0
1, 293, 0
1, 157, 0
1, 2327, 0
1, 326, 0
1, 399, 0
1, 407, 0
1, 261, 1
1, 2739, 0
1, 563, 0
1, 171, 0
1, 152, 0
1, 355, 0
1, 313, 0
0, 4000, 1
0, 4001, 1
0, 4002, 1
0, 4003, 1
0, 4004, 1
0, 4005, 1
1, 71, 0
1, 451, 0
1, 416, 0
1, 267, 0
1, 439, 0
1, 96, 0
1, 343, 1
1, 86, 0
1, 470, 1
1, 482, 0
1, 518, 0
1, 97, 0
1, 295, 0
1, 315, 0
1, 83, 0
1, 382, 0
1, 296, 0
1, 416, 0
1, 129, 0
1, 424, 0
1, 233, 0
1, 224, 0
1, 83, 0
1, 455, 1
1, 102, 0
1, 99, 0
0, 1369, 0
1, 82, 0
1, 132, 0
1, 250, 0
1, 314, 0
1, 109, 0
0, 1121, 0
1, 3479, 0
1, 461, 0
1, 41, 0
1, 406, 0
1, 259, 0
1, 109, 0
0, 3360, 1
1, 317, 0
1, 389, 0
1, 103, 0
0, 191, 0
1, 347, 0
1, 322, 0
1, 301, 1
1, 69, 0
1, 1125, 0
1, 410, 0
1, 376, 0
1, 616, 1
1, 564, 0
1, 69, 0
1, 586, 0
1, 477, 1
1, 228, 1
1, 112, 0
1, 335, 0
1, 81, 0
1, 339, 0
1, 554, 0
1, 128, 0
1, 1, 0
0, 1336, 0
1, 334, 0
1, 98, 1
0, 3759, 1
1, 85, 0
1, 110, 0
1, 485, 1
1, 391, 1
1, 378, 0
1, 99, 0
1, 102, 0
1, 110, 1
1, 285, 0
1, 398, 0
1, 80, 0
1, 165, 0
1, 207, 0
1, 154, 0
1, 445, 0
1, 271, 0
1, 103, 1
1, 213, 0
1, 117, 0
1, 199, 0
1, 234, 0
1, 176, 0
1, 168, 0
0, 1838, 1
1, 545, 0
1, 489, 0
1, 374, 0
1, 115, 0
1, 325, 0
1, 112, 0
1, 307, 0
1, 480, 0
1, 468, 0
1, 497, 0
1, 439, 0
1, 308, 0
1, 261, 0
1, 129, 0
1, 138, 0
1, 297, 0
1, 448, 0
1, 197, 0
1, 552, 0
0, 209, 0
1, 195, 0
1, 134, 0
1, 150, 0
1, 103, 0
1, 497, 0
1, 161, 0
1, 137, 0
1, 384, 0
1, 328, 0
1, 310, 0
1, 289, 1
1, 397, 0
1, 184, 0
1, 119, 0
1, 130, 0
1, 116, 0
1, 191, 0
1, 271, 0
1, 164, 0
1, 518, 0
1, 107, 0
1, 633, 0
1, 168, 0
0, 234, 0
1, 376, 0
1, 68, 0
1, 126, 0
1, 936, 0
1, 173, 0
1, 330, 0
1, 450, 0
1, 251, 0
0, 1056, 0
1, 606, 0
1, 243, 0
1, 300, 1
1, 343, 0
1, 155, 0
1, 437, 0
1, 396, 0
1, 209, 0
1, 456, 0
1, 429, 0
1, 308, 0
0, 4000, 0
0, 4001, 0
0, 4002, 0
0, 4003, 0
0, 4004, 0
0, 4005, 0
1, 188, 0
1, 159, 1
1, 162, 0
1, 322, 0
1, 2692, 0
1, 974, 0
1, 494, 0
1, 135, 0
1, 126, 0
0, 4000, 1
0, 4001, 1
0, 4002, 1
0, 4003, 1
0, 4004, 1
0, 4005, 1
1, 87, 0
0, 4000, 1
0, 4001, 1
0, 4002, 1
0, 4003, 1
0, 4004, 1
0, 4005, 1
1, 284, 0
1, 200, 0
1, 126, 0
1, 200, 0
1, 174, 0
1, 254, 0
1, 118, 0
1, 435, 0
1, 450, 0
1, 447, 0
1, 198, 0
0, 4000, 1
0, 4001, 1
0, 4002, 1
0, 4003, 1
0, 4004, 1
0, 4005, 1
1, 194, 0
1, 213, 0
1, 95, 0
1, 529, 0
1, 118, 0
1, 118, 0
1, 596, 0
1, 145, 1
1, 325, 0
1, 441, 0
1, 137, 0
1, 449, 1
1, 435, 0
1, 186, 0
1, 291, 0
1, 229, 0
1, 258, 0
1, 493, 0
1, 129, 0
1, 378, 0
1, 417, 0
1, 528, 0
1, 115, 0
1, 87, 0
1, 99, 0
1, 470, 0
1, 175, 0
1, 427, 0
1, 341, 0
1, 476, 0
0, 4000, 1
0, 4001, 1
0, 4002, 1
0, 4003, 1
0, 4004, 1
0, 4005, 1
0, 94, 0
1, 230, 0
1, 332, 0
1, 586, 0
1, 197, 0
1, 481, 0
1, 149, 0
1, 195, 0
1, 379, 0
1, 104, 0
1, 443, 0
1, 245, 0
1, 127, 0
0, 242, 0
1, 299, 0
1, 160, 0
1, 388, 0
1, 253, 0
1, 322, 0
1, 426, 1
1, 139, 0
1, 300, 0
1, 543, 1
1, 278, 1
1, 414, 0
0, 4000, 1
0, 4001, 1
0, 4002, 1
0, 4003, 1
0, 4004, 1
0, 4005, 1
1, 247, 0
1, 191, 0
1, 149, 0
1, 310, 0
1, 282, 0
1, 153, 0
1, 402, 0
1, 280, 0
1, 236, 0
1, 537, 1
1, 100, 0
1, 352, 0
1, 80, 0
0, 52, 0
1, 100, 0
1, 394, 0
1, 160, 0
1, 214, 1
1, 507, 1
1, 457, 0
1, 145, 0
1, 464, 0
1, 482, 0
1, 309, 0
1, 141, 0
1, 475, 0
1, 396, 1
1, 357, 0
1, 202, 0
1, 316, 0
1, 52, 1
0, 2702, 0
1, 253, 0
1, 474, 0
1, 88, 0
0, 108, 0
1, 411, 0
1, 380, 0
1, 467, 0
1, 318, 0
1, 236, 0
1, 133, 0
1, 103, 0
1, 192, 0
1, 603, 1
1, 113, 0
1, 217, 0
1, 169, 0
1, 121, 0
1, 693, 0
0, 921, 0
1, 461, 0
0, 164, 0
1, 472, 0
1, 415, 0
1, 469, 1
1, 462, 0
1, 191, 0
1, 370, 0
1, 57, 1
1, 84, 0
1, 331, 0
1, 196, 0
0, 52, 0
0, 57, 1
1, 345, 1
1, 186, 0
1, 105, 0
1, 160, 0
1, 215, 0
1, 249, 0
1, 93, 0
1, 327, 0
0, 4000, 1
0, 4001, 1
0, 4002, 1
0, 4003, 1
0, 4004, 1
0, 4005, 1
1, 501, 0
1, 207, 0
1, 317, 0
1, 224, 0
1, 162, 0
1, 129, 0
1, 304, 0
0, 4000, 1
0, 4001, 1
0, 4002, 1
0, 4003, 1
0, 4004, 1
0, 4005, 1
1, 554, 0
1, 419, 0
1, 189, 0
1, 374, 0
1, 206, 1
1, 128, 0
1, 129, 0
1, 508, 0
1, 370, 0
1, 126, 0
1, 333, 0
1, 141, 0
1, 501, 0
1, 55, 0
1, 124, 0
1, 2169, 0
1, 189, 0
1, 303, 0
1, 461, 0
1, 510, 0
1, 405, 1
1, 330, 0
1, 129, 0
1, 84, 1
1, 366, 0
1, 103, 0
1, 387, 0
1, 181, 0
1, 551, 0
1, 242, 0
1, 236, 0
0, 4000, 1
0, 4001, 1
0, 4002, 1
0, 4003, 1
0, 4004, 1
0, 4005, 1
1, 524, 0
1, 387, 0
1, 474, 1
1, 118, 0
1, 337, 0
0, 292, 0
1, 140, 0
1, 555, 0
1, 464, 0
1, 305, 1
1, 337, 0
1, 543, 0
0, 4000, 1
0, 4001, 1
0, 4002, 1
0, 4003, 1
0, 4004, 1
0, 4005, 1
1, 320, 0
1, 171, 1
1, 289, 0
1, 124, 0
1, 90, 0
1, 66, 0
1, 143, 0
1, 330, 1
1, 406, 1
1, 381, 1
1, 1129, 0
1, 284, 0
1, 848, 0
1, 179, 0
1, 449, 0
1, 108, 1
1, 481, 1
1, 564, 0
1, 121, 0
0, 436, 1
1, 486, 0
0, 4000, 1
0, 4001, 1
0, 4002, 1
0, 4003, 1
0, 4004, 1
0, 4005, 1
1, 253, 0
1, 419, 1
1, 621, 0
1, 267, 0
1, 70, 0
1, 325, 0
1, 332, 0
1, 513, 0
1, 275, 0
0, 4000, 1
0, 4001, 1
0, 4002, 1
0, 4003, 1
0, 4004, 1
0, 4005, 1
1, 481, 0
0, 4000, 1
0, 4001, 1
0, 4002, 1
0, 4003, 1
0, 4004, 1
0, 4005, 1
0, 4000, 1
0, 4001, 1
0, 4002, 1
0, 4003, 1
0, 4004, 1
0, 4005, 1
1, 206, 0
1, 170, 0
1, 312, 0
1, 144, 0
1, 124, 0
1, 102, 0
0, 108, 0
1, 185, 0
1, 527, 0
1, 152, 0
1, 336, 0
1, 79, 1
1, 881, 0
1, 352, 0
1, 349, 0
1, 405, 0
1, 130, 0
1, 234, 0
0, 94, 0
1, 314, 0
1, 147, 0
1, 508, 0
0, 4000, 1
0, 4001, 1
0, 4002, 1
0, 4003, 1
0, 4004, 1
0, 4005, 1
1, 221, 0
1, 154, 0
0, 4000, 0
0, 4001, 0
0, 4002, 0
0, 4003, 0
0, 4004, 0
0, 4005, 0
1, 124, 0
1, 468, 0
1, 387, 0
1, 209, 0
1, 149, 1
0, 2245, 1
1, 194, 0
1, 292, 0
1, 224, 0
1, 441, 0
1, 167, 1
1, 342, 0
1, 131, 0
1, 255, 0
1, 1356, 0
1, 138, 0
1, 246, 0
1, 118, 0
1, 309, 0
1, 1657, 0
1, 782, 0
1, 187, 1
1, 176, 0
1, 3310, 0
1, 314, 0
1, 210, 0
1, 128, 0
1, 348, 0
1, 390, 0
1, 336, 0
1, 94, 0
1, 521, 0
1, 170, 0
1, 186, 0
1, 90, 0
1, 109, 0
0, 4000, 1
0, 4001, 1
0, 4002, 1
0, 4003, 1
0, 4004, 1
0, 4005, 1
1, 251, 0
1, 113, 0
1, 253, 0
1, 114, 0
1, 333, 0
0, 4000, 1
0, 4001, 1
0, 4002, 1
0, 4003, 1
0, 4004, 1
0, 4005, 1
0, 648, 1
0, 94, 0
1, 398, 0
1, 204, 0
1, 1628, 1
1, 118, 0
1, 154, 0
1, 366, 0
1, 87, 0
1, 1303, 0
1, 298, 0
1, 375, 0
1, 188, 0
1, 88, 0
1, 191, 0
1, 1036, 0
1, 166, 0
1, 185, 1
1, 426, 0
1, 468, 0
1, 142, 0
1, 283, 0
1, 449, 1
1, 204, 0
1, 510, 0
1, 318, 0
1, 104, 0
1, 484, 0
1, 575, 1
1, 179, 0
1, 69, 1
1, 257, 0
1, 224, 0
1, 550, 0
1, 284, 0
1, 478, 0
1, 406, 0
1, 67, 0
1, 581, 0
1, 192, 0
1, 296, 0
1, 342, 0
1, 153, 0
0, 232, 0
1, 454, 0
0, 61, 0
1, 83, 0
1, 522, 0
1, 547, 0
1, 125, 0
1, 195, 0
1, 469, 0
1, 108, 0
1, 336, 0
1, 214, 0
1, 440, 0
0, 4000, 1
0, 4001, 1
0, 4002, 1
0, 4003, 1
0, 4004, 1
0, 4005, 1
1, 215, 0
1, 202, 0
0, 474, 0
1, 385, 0
1, 230, 0
1, 326, 0
0, 4000, 1
0, 4001, 1
0, 4002, 1
0, 4003, 1
0, 4004, 1
0, 4005, 1
1, 510, 0
1, 128, 0
1, 188, 1
1, 412, 0
1, 207, 0
1, 156, 0
1, 1, 0
1, 367, 0
1, 137, 0
1, 417, 0
1, 418, 0
1, 187, 0
1, 426, 0
1, 198, 0
1, 84, 0
1, 207, 0
1, 146, 0
1, 160, 0
1, 204, 0
1, 394, 0
1, 98, 0
1, 439, 1
1, 137, 1
1, 299, 0
1, 415, 1
1, 455, 0
1, 356, 0
1, 434, 0
1, 118, 0
1, 306, 0
1, 416, 0
0, 697, 1
1, 487, 0
1, 240, 0
1, 337, 0
1, 493, 0
1, 91, 0
1, 233, 0
1, 336, 0
1, 168, 0
1, 106, 0
1, 724, 0
1, 243, 0
0, 4000, 1
0, 4001, 1
0, 4002, 1
0, 4003, 1
0, 4004, 1
0, 4005, 1
1, 581, 0
1, 335, 0
0, 472, 0
1, 188, 0
1, 121, 0
1, 303, 0
1, 298, 0
1, 558, 0
1, 339, 0
1, 128, 0
1, 236, 0
1, 176, 0
1, 107, 0
1, 137, 0
1, 537, 0
1, 100, 0
1, 342, 0
1, 452, 0
1, 404, 0
1, 174, 0
1, 405, 0
1, 291, 0
1, 171, 0
1, 97, 0
1, 143, 0
0, 50, 0
1, 171, 0
1, 92, 0
1, 395, 0
0, 4000, 0
0, 4001, 0
0, 4002, 0
0, 4003, 0
0, 4004, 0
0, 4005, 0
1, 413, 0
1, 507, 0
0, 94, 0
1, 109, 0
1, 479, 0
1, 506, 0
1, 436, 0
1, 233, 0
0, 1984, 1
1, 183, 0
1, 280, 0
1, 200, 0
1, 251, 0
1, 322, 0
1, 484, 0
1, 436, 0
0, 212, 0
1, 469, 0
0, 45, 0
1, 119, 0
1, 464, 1
0, 4000, 1
0, 4001, 1
0, 4002, 1
0, 4003, 1
0, 4004, 1
0, 4005, 1
1, 243, 0
1, 125, 0
1, 359, 1
1, 164, 0
1, 447, 0
1, 594, 0
1, 191, 1
1, 209, 0
1, 217, 0
1, 439, 0
1, 349, 0
1, 97, 0
1, 1, 0
1, 152, 0
1, 209, 0
1, 92, 0
1, 312, 0
1, 848, 0
1, 83, 0
1, 76, 0
1, 229, 0
1, 297, 0
1, 399, 0
0, 4000, 1
0, 4001, 1
0, 4002, 1
0, 4003, 1
0, 4004, 1
0, 4005, 1
1, 488, 0
1, 389, 0
1, 231, 1
1, 423, 0
1, 292, 0
1, 337, 0
1, 456, 0
1, 242, 0
1, 137, 0
1, 139, 0
1, 95, 0
0, 154, 0
1, 261, 0
1, 362, 1
1, 124, 0
1, 193, 0
1, 449, 0
1, 147, 0
0, 4000, 1
0, 4001, 1
0, 4002, 1
0, 4003, 1
0, 4004, 1
0, 4005, 1
1, 244, 0
1, 295, 0
1, 382, 0
0, 4000, 1
0, 4001, 1
0, 4002, 1
0, 4003, 1
0, 4004, 1
0, 4005, 1
1, 117, 0
1, 278, 0
0, 4000, 1
0, 4001, 1
0, 4002, 1
0, 4003, 1
0, 4004, 1
0, 4005, 1
1, 376, 0
1, 167, 0
0, 196, 1
1, 104, 0
1, 191, 0
1, 457, 0
1, 491, 0
1, 87, 0
1, 182, 0
1, 274, 0
1, 87, 0
1, 203, 0
1, 117, 0
1, 129, 0
1, 436, 0
0, 4000, 1
0, 4001, 1
0, 4002, 1
0, 4003, 1
0, 4004, 1
0, 4005, 1
1, 21, 0
1, 549, 0
1, 95, 0
1, 79, 1
1, 131, 0
1, 1679, 0
1, 76, 0
1, 74, 1
0, 206, 0
1, 445, 0
0, 50, 0
1, 142, 0
1, 589, 0
1, 1781, 0
1, 841, 0
1, 549, 0
0, 4000, 1
0, 4001, 1
0, 4002, 1
0, 4003, 1
0, 4004, 1
0, 4005, 1
1, 473, 0
1, 133, 0
1, 119, 0
1, 236, 0
1, 227, 0
1, 468, 0
1, 543, 0
1, 150, 0
1, 317, 1
1, 197, 0
1, 170, 0
1, 159, 1
1, 388, 0
1, 516, 0
1, 622, 0
1, 72, 0
1, 155, 0
1, 173, 1
1, 118, 0
1, 340, 0
1, 169, 0
0, 4000, 1
0, 4001, 1
0, 4002, 1
0, 4003, 1
0, 4004, 1
0, 4005, 1
1, 1402, 0
1, 806, 0
1, 125, 0
1, 101, 0
1, 77, 0
1, 59, 0
1, 462, 0
1, 159, 0
1, 189, 1
1, 418, 0
1, 100, 0
1, 1298, 0
1, 274, 0
1, 180, 1
1, 374, 0
1, 290, 0
1, 479, 0
1, 112, 1
1, 432, 0
1, 114, 0
1, 449, 0
1, 146, 0
1, 120, 0
1, 511, 0
1, 474, 0
1, 233, 0
1, 540, 0
1, 113, 0
1, 417, 0
1, 212, 0
1, 1182, 1
1, 121, 0
1, 115, 0
1, 450, 0
1, 117, 0
1, 200, 0
1, 229, 0
1, 371, 0
1, 281, 0
1, 272, 0
1, 28, 0
1, 1251, 0
1, 112, 0
1, 399, 0
1, 118, 0
1, 355, 0
1, 476, 1
1, 234, 0
1, 320, 1
1, 227, 0
1, 773, 0
1, 485, 0
0, 4000, 1
0, 4001, 1
0, 4002, 1
0, 4003, 1
0, 4004, 1
0, 4005, 1
1, 246, 0
1, 455, 0
1, 295, 0
1, 250, 0
1, 985, 0
1, 131, 0
1, 441, 0
1, 732, 0
1, 695, 0
0, 1724, 0
1, 130, 0
1, 181, 0
1, 289, 0
1, 574, 0
1, 107, 0
1, 466, 0
1, 487, 1
0, 156, 0
1, 199, 0
1, 1147, 0
1, 587, 0
1, 109, 0
1, 400, 0
1, 995, 0
1, 235, 0
1, 450, 0
1, 78, 0
1, 274, 0
0, 4000, 1
0, 4001, 1
0, 4002, 1
0, 4003, 1
0, 4004, 1
0, 4005, 1
1, 101, 1
1, 193, 0
1, 428, 0
1, 26, 0
1, 101, 0
1, 413, 0
1, 336, 0
1, 62, 0
1, 129, 1
1, 168, 0
1, 349, 0
1, 548, 0
1, 483, 1
1, 93, 0
1, 203, 0
1, 2044, 0
1, 379, 0
0, 4000, 1
0, 4001, 1
0, 4002, 1
0, 4003, 1
0, 4004, 1
0, 4005, 1
1, 252, 1
1, 154, 0
1, 101, 0
1, 135, 0
1, 1392, 0
1, 223, 0
1, 148, 0
1, 392, 0
1, 138, 1
0, 94, 0
1, 87, 0
1, 91, 0
1, 171, 0
1, 243, 0
1, 214, 0
1, 498, 0
1, 127, 1
0, 4000, 1
0, 4001, 1
0, 4002, 1
0, 4003, 1
0, 4004, 1
0, 4005, 1
1, 171, 0
1, 359, 0
0, 4000, 1
0, 4001, 1
0, 4002, 1
0, 4003, 1
0, 4004, 1
0, 4005, 1
1, 480, 0
1, 268, 0
1, 122, 0
1, 446, 0
1, 190, 0
1, 510, 0
1, 440, 0
1, 467, 1
1, 1285, 0
1, 112, 0
1, 510, 0
1, 160, 0
0, 972, 1
1, 104, 0
1, 203, 0
1, 467, 0
0, 1354, 1
1, 1396, 0
1, 269, 0
1, 474, 0
1, 156, 0
1, 110, 1
1, 896, 0
0, 208, 1
1, 311, 0
1, 141, 1
1, 74, 0
1, 455, 0
1, 548, 0
1, 447, 0
1, 220, 0
1, 326, 0
1, 1201, 0
1, 124, 0
0, 46, 0
1, 131, 0
1, 414, 0
1, 140, 0
1, 309, 0
1, 169, 0
1, 250, 0
1, 129, 0
1, 202, 0
1, 477, 0
1, 98, 0
1, 310, 0
0, 4000, 1
0, 4001, 1
0, 4002, 1
0, 4003, 1
0, 4004, 1
0, 4005, 1
1, 78, 0
1, 407, 0
1, 165, 0
1, 125, 0
1, 167, 0
0, 51, 0
1, 431, 0
1, 450, 0
0, 4000, 1
0, 4001, 1
0, 4002, 1
0, 4003, 1
0, 4004, 1
0, 4005, 1
1, 411, 0
1, 428, 0
1, 95, 0
0, 4000, 1
0, 4001, 1
0, 4002, 1
0, 4003, 1
0, 4004, 1
0, 4005, 1
1, 812, 0
0, 4000, 0
0, 4001, 0
0, 4002, 0
0, 4003, 0
0, 4004, 0
0, 4005, 0
1, 98, 0
1, 364, 0
0, 4000, 1
0, 4001, 1
0, 4002, 1
0, 4003, 1
0, 4004, 1
0, 4005, 1
1, 576, 0
1, 262, 0
1, 314, 0
1, 581, 0
1, 184, 0
1, 459, 0
1, 276, 0
1, 522, 0
1, 276, 0
1, 307, 0
1, 104, 0
0, 4000, 1
0, 4001, 1
0, 4002, 1
0, 4003, 1
0, 4004, 1
0, 4005, 1
1, 325, 1
1, 106, 0
1, 279, 1
1, 346, 0
0, 46, 0
1, 199, 0
1, 271, 1
1, 473, 0
1, 179, 0
1, 654, 0
1, 244, 0
1, 310, 0
1, 111, 0
0, 220, 0
1, 182, 0
1, 359, 0
1, 559, 0
1, 309, 0
1, 127, 0
1, 245, 1
1, 145, 0
1, 313, 0
1, 118, 0
1, 234, 0
1, 324, 0
1, 244, 0
1, 184, 0
1, 330, 0
1, 144, 0
1, 228, 1
0, 4000, 1
0, 4001, 1
0, 4002, 1
0, 4003, 1
0, 4004, 1
0, 4005, 1
0, 1266, 1
1, 467, 0
1, 319, 0
1, 417, 0
1, 496, 1
1, 492, 0
1, 382, 0
1, 504, 0
1, 566, 0
1, 275, 0
1, 117, 0
1, 219, 0
1, 1863, 0
1, 408, 0
0, 4000, 1
0, 4001, 1
0, 4002, 1
0, 4003, 1
0, 4004, 1
0, 4005, 1
1, 120, 0
1, 215, 0
1, 353, 0
1, 168, 0
1, 350, 0
1, 133, 0
1, 225, 0
1, 344, 0
0, 4000, 1
0, 4001, 1
0, 4002, 1
0, 4003, 1
0, 4004, 1
0, 4005, 1
1, 739, 1
1, 214, 1
1, 121, 0
1, 357, 0
1, 83, 0
1, 409, 0
1, 347, 0
1, 148, 0
1, 230, 0
1, 521, 0
1, 90, 0
1, 228, 0
1, 186, 0
1, 129, 0
1, 477, 0
1, 148, 0
1, 100, 0
1, 581, 0
1, 182, 0
1, 208, 0
1, 200, 0
1, 486, 0
1, 167, 0
1, 133, 0
1, 322, 0
1, 187, 1
1, 537, 0
1, 219, 0
1, 467, 0
1, 465, 0
0, 4000, 1
0, 4001, 1
0, 4002, 1
0, 4003, 1
0, 4004, 1
0, 4005, 1
1, 320, 0
1, 373, 1
1, 484, 0
1, 127, 1
1, 336, 0
1, 281, 0
1, 276, 0
1, 143, 0
0, 4000, 1
0, 4001, 1
0, 4002, 1
0, 4003, 1
0, 4004, 1
0, 4005, 1
1, 81, 0
1, 217, 0
1, 266, 0
1, 85, 0
1, 110, 0
1, 202, 0
1, 219, 0
1, 457, 1
1, 660, 0
1, 462, 0
1, 1929, 0
1, 149, 0
1, 463, 0
1, 96, 0
1, 506, 0
1, 458, 0
1, 510, 0
1, 274, 0
1, 386, 0
1, 245, 1
1, 331, 0
1, 369, 1
1, 143, 1
1, 361, 0
1, 354, 0
1, 430, 0
1, 443, 0
1, 164, 0
1, 343, 0
1, 554, 0
1, 202, 0
1, 446, 0
1, 361, 0
0, 241, 0
1, 412, 0
1, 124, 0
1, 361, 0
1, 132, 0
1, 521, 0
1, 527, 0
1, 527, 0
1, 201, 0
1, 184, 1
1, 349, 0
1, 331, 0
0, 454, 1
1, 500, 0
1, 84, 0
1, 206, 0
1, 466, 0
0, 4000, 1
0, 4001, 1
0, 4002, 1
0, 4003, 1
0, 4004, 1
0, 4005, 1
1, 394, 0
1, 1120, 0
1, 539, 0
0, 598, 0
1, 143, 0
1, 471, 0
1, 355, 0
0, 4000, 1
0, 4001, 1
0, 4002, 1
0, 4003, 1
0, 4004, 1
0, 4005, 1
1, 558, 0
1, 456, 0
1, 432, 0
1, 294, 0
1, 387, 0
1, 115, 0
1, 162, 0
0, 94, 0
1, 116, 0
1, 133, 0
0, 94, 0
0, 244, 1
1, 133, 0
1, 882, 0
1, 530, 0
0, 4000, 1
0, 4001, 1
0, 4002, 1
0, 4003, 1
0, 4004, 1
0, 4005, 1
1, 126, 0
1, 444, 0
1, 453, 0
1, 522, 0
1, 124, 0
0, 2221, 1
1, 68, 0
1, 370, 1
1, 84, 0
1, 312, 0
1, 63, 0
1, 328, 0
0, 243, 0
1, 152, 0
1, 76, 0
1, 111, 0
1, 175, 0
1, 425, 0
1, 433, 0
1, 345, 0
1, 174, 0
1, 186, 0
1, 1810, 1
0, 547, 0
1, 143, 0
1, 1, 0
1, 38, 0
0, 1794, 1
1, 544, 0
1, 133, 0
1, 238, 0
1, 604, 0
1, 110, 0
1, 787, 0
1, 725, 1
1, 1507, 0
0, 4000, 1
0, 4001, 1
0, 4002, 1
0, 4003, 1
0, 4004, 1
0, 4005, 1
1, 158, 0
0, 922, 0
1, 489, 1
1, 203, 0
1, 380, 0
1, 126, 0
1, 317, 0
1, 332, 0
0, 2311, 0
1, 257, 0
1, 352, 0
1, 448, 1
1, 191, 0
1, 1395, 0
1, 475, 0
1, 582, 0
1, 490, 1
1, 256, 0
1, 222, 1
1, 116, 0
1, 365, 0
1, 108, 0
1, 208, 0
1, 267, 0
1, 469, 0
1, 333, 0
1, 109, 0
1, 314, 0
1, 206, 0
1, 1252, 0
1, 78, 0
1, 155, 0
1, 274, 0
1, 310, 0
1, 565, 0
1, 93, 0
1, 225, 0
0, 4000, 1
0, 4001, 1
0, 4002, 1
0, 4003, 1
0, 4004, 1
0, 4005, 1
1, 204, 0
1, 354, 0
1, 581, 0
0, 4000, 1
0, 4001, 1
0, 4002, 1
0, 4003, 1
0, 4004, 1
0, 4005, 1
1, 193, 0
1, 123, 0
1, 206, 0
0, 3432, 1
1, 196, 0
0, 498, 0
1, 110, 0
1, 343, 0
1, 555, 0
1, 551, 0
1, 548, 0
1, 136, 0
1, 336, 1
1, 308, 0
1, 115, 0
1, 153, 0
1, 84, 1
1, 234, 0
1, 216, 0
1, 291, 0
1, 234, 0
1, 266, 0
1, 423, 0
1, 3731, 1
1, 133, 0
1, 985, 0
0, 4000, 1
0, 4001, 1
0, 4002, 1
0, 4003, 1
0, 4004, 1
0, 4005, 1
1, 88, 0
1, 257, 0
1, 196, 0
1, 128, 0
1, 268, 0
1, 112, 0
1, 431, 0
1, 109, 0
1, 472, 0
1, 142, 0
1, 81, 0
1, 234, 0
0, 4000, 1
0, 4001, 1
0, 4002, 1
0, 4003, 1
0, 4004, 1
0, 4005, 1
0, 4000, 1
0, 4001, 1
0, 4002, 1
0, 4003, 1
0, 4004, 1
0, 4005, 1
1, 86, 0
0, 2974, 1
1, 122, 0
1, 453, 0
1, 1514, 0
1, 231, 0
1, 416, 0
0, 637, 0
1, 1491, 1
1, 274, 0
1, 461, 0
1, 278, 0
1, 304, 0
1, 298, 0
1, 188, 0
1, 356, 0
1, 141, 0
1, 76, 0
1, 295, 0
1, 392, 0
1, 123, 0
1, 500, 0
1, 135, 0
1, 124, 0
1, 267, 0
1, 367, 0
1, 231, 1
1, 113, 0
0, 219, 0
0, 445, 1
1, 572, 0
1, 132, 0
1, 495, 1
1, 210, 0
1, 330, 1
1, 120, 0
1, 258, 0
1, 275, 0
1, 384, 1
1, 284, 0
1, 424, 0
0, 2864, 0
1, 269, 0
1, 391, 0
1, 175, 0
1, 339, 0
1, 114, 0
1, 176, 0
1, 115, 0
1, 192, 0
1, 362, 0
1, 231, 0
1, 179, 0
1, 456, 0
1, 732, 0
1, 291, 0
1, 288, 0
1, 460, 0
1, 198, 0
1, 147, 0
1, 122, 0
0, 959, 1
1, 425, 0
0, 4000, 0
0, 4001, 0
0, 4002, 0
0, 4003, 0
0, 4004, 0
0, 4005, 0
1, 79, 1
0, 133, 0
1, 188, 0
1, 371, 0
1, 197, 0
1, 559, 0
1, 194, 0
1, 490, 0
1, 337, 0
1, 179, 0
1, 104, 0
1, 302, 0
1, 333, 0
0, 4000, 1
0, 4001, 1
0, 4002, 1
0, 4003, 1
0, 4004, 1
0, 4005, 1
1, 1638, 0
1, 541, 0
1, 360, 0
1, 457, 0
1, 249, 0
1, 299, 0
1, 474, 0
1, 119, 0
1, 372, 0
1, 159, 0
1, 148, 0
1, 208, 0
1, 202, 0
1, 1, 0
1, 142, 0
1, 80, 0
1, 136, 0
1, 153, 0
1, 514, 0
1, 144, 0
1, 468, 0
1, 240, 0
1, 1458, 0
1, 422, 1
1, 127, 0
1, 160, 0
1, 209, 0
1, 121, 0
1, 440, 0
1, 246, 0
1, 244, 1
1, 59, 0
1, 67, 0
1, 115, 0
1, 348, 0
1, 512, 0
1, 162, 0
1, 342, 0
0, 4000, 1
0, 4001, 1
0, 4002, 1
0, 4003, 1
0, 4004, 1
0, 4005, 1
1, 332, 0
1, 303, 0
1, 452, 0
1, 678, 0
1, 71, 0
1, 169, 0
1, 511, 0
1, 717, 0
1, 455, 0
1, 437, 0
1, 437, 0
1, 309, 0
0, 4000, 0
0, 4001, 0
0, 4002, 0
0, 4003, 0
0, 4004, 0
0, 4005, 0
1, 301, 0
0, 197, 0
1, 479, 0
1, 168, 0
1, 205, 0
1, 126, 0
1, 452, 0
1, 465, 0
1, 246, 0
1, 337, 0
1, 144, 0
1, 3282, 0
1, 342, 1
1, 98, 0
1, 313, 0
1, 195, 0
0, 4000, 1
0, 4001, 1
0, 4002, 1
0, 4003, 1
0, 4004, 1
0, 4005, 1
1, 359, 1
1, 451, 0
1, 199, 0
1, 140, 0
1, 490, 0
1, 579, 0
1, 218, 0
1, 549, 1
1, 848, 0
1, 430, 0
1, 335, 0
1, 265, 0
1, 315, 0
1, 311, 0
1, 118, 0
0, 4000, 1
0, 4001, 1
0, 4002, 1
0, 4003, 1
0, 4004, 1
0, 4005, 1
0, 4000, 1
0, 4001, 1
0, 4002, 1
0, 4003, 1
0, 4004, 1
0, 4005, 1
1, 298, 0
1, 343, 0
1, 1168, 0
1, 351, 0
0, 726, 0
1, 181, 1
1, 422, 0
1, 369, 0
1, 221, 1
0, 4000, 1
0, 4001, 1
0, 4002, 1
0, 4003, 1
0, 4004, 1
0, 4005, 1
1, 348, 0
1, 156, 0
0, 181, 0
1, 152, 0
1, 362, 0
1, 391, 0
1, 335, 0
1, 434, 0
1, 354, 0
1, 400, 0
1, 410, 0
1, 482, 1
1, 141, 0
1, 192, 0
1, 461, 0
1, 478, 0
1, 460, 0
1, 197, 0
1, 365, 0
1, 186, 1
1, 468, 0
1, 455, 0
1, 291, 0
1, 535, 0
0, 4000, 1
0, 4001, 1
0, 4002, 1
0, 4003, 1
0, 4004, 1
0, 4005, 1
1, 441, 0
1, 93, 0
1, 416, 1
1, 133, 0
1, 85, 0
1, 84, 0
1, 423, 0
0, 4000, 1
0, 4001, 1
0, 4002, 1
0, 4003, 1
0, 4004, 1
0, 4005, 1
0, 4000, 1
0, 4001, 1
0, 4002, 1
0, 4003, 1
0, 4004, 1
0, 4005, 1
1, 584, 0
1, 117, 1
1, 185, 0
0, 2273, 0
1, 340, 0
1, 168, 0
1, 98, 0
0, 4000, 1
0, 4001, 1
0, 4002, 1
0, 4003, 1
0, 4004, 1
0, 4005, 1
1, 112, 0
1, 112, 0
1, 374, 0
1, 484, 0
0, 178, 0
1, 398, 0
1, 466, 0
1, 177, 0
1, 110, 0
1, 335, 1
1, 472, 1
1, 397, 0
1, 546, 0
1, 447, 0
1, 297, 0
1, 227, 0
1, 97, 0
1, 337, 0
1, 302, 0
1, 92, 0
0, 1722, 1
1, 215, 0
0, 92, 0
1, 109, 0
0, 4000, 0
0, 4001, 0
0, 4002, 0
0, 4003, 0
0, 4004, 0
0, 4005, 0
1, 147, 0
0, 4000, 1
0, 4001, 1
0, 4002, 1
0, 4003, 1
0, 4004, 1
0, 4005, 1
1, 104, 0
1, 141, 0
1, 471, 0
0, 4000, 1
0, 4001, 1
0, 4002, 1
0, 4003, 1
0, 4004, 1
0, 4005, 1
1, 61, 1
1, 334, 0
1, 90, 0
1, 293, 0
1, 179, 0
1, 379, 0
1, 513, 0
1, 341, 0
1, 445, 0
1, 351, 0
1, 117, 0
1, 387, 0
1, 430, 0
1, 54, 0
1, 123, 0
1, 225, 0
1, 117, 0
1, 111, 0
1, 59, 0
1, 30, 0
0, 4000, 1
0, 4001, 1
0, 4002, 1
0, 4003, 1
0, 4004, 1
0, 4005, 1
1, 153, 0
1, 608, 1
0, 418, 0
1, 163, 0
1, 544, 0
1, 119, 0
0, 229, 0
1, 435, 0
1, 382, 0
0, 213, 0
1, 323, 0
1, 146, 0
1, 449, 1
1, 464, 0
1, 100, 0
1, 212, 0
1, 431, 0
1, 87, 0
1, 318, 0
1, 280, 0
1, 530, 0
1, 473, 0
1, 449, 0
1, 459, 0
0, 94, 0
1, 222, 0
1, 38, 0
1, 270, 0
1, 139, 0
1, 204, 0
1, 186, 0
1, 81, 0
1, 98, 0
1, 154, 0
1, 69, 0
0, 171, 0
1, 88, 1
1, 1240, 0
1, 26, 0
1, 422, 0
0, 4000, 1
0, 4001, 1
0, 4002, 1
0, 4003, 1
0, 4004, 1
0, 4005, 1
0, 4000, 0
0, 4001, 0
0, 4002, 0
0, 4003, 0
0, 4004, 0
0, 4005, 0
1, 200, 0
1, 134, 0
1, 473, 0
1, 118, 0
1, 287, 0
1, 74, 0
1, 70, 0
1, 484, 0
1, 354, 0
1, 240, 0
1, 1484, 0
1, 222, 0
1, 500, 0
0, 304, 0
1, 197, 0
1, 152, 0
1, 398, 0
1, 169, 0
1, 453, 0
0, 596, 0
1, 394, 0
0, 94, 0
1, 381, 1
1, 311, 0
1, 503, 0
1, 126, 0
1, 118, 0
1, 469, 0
1, 174, 0
1, 159, 0
0, 4000, 0
0, 4001, 0
0, 4002, 0
0, 4003, 0
0, 4004, 0
0, 4005, 0
0, 4000, 0
0, 4001, 0
0, 4002, 0
0, 4003, 0
0, 4004, 0
0, 4005, 0
1, 209, 0
1, 370, 0
1, 18, 0
1, 156, 0
0, 2158, 1
0, 1573, 0
1, 99, 0
1, 301, 0
1, 340, 0
1, 235, 0
1, 322, 0
1, 404, 0
1, 189, 0
1, 105, 0
1, 493, 0
0, 4000, 0
0, 4001, 0
0, 4002, 0
0, 4003, 0
0, 4004, 0
0, 4005, 0
1, 263, 0
1, 243, 1
1, 76, 0
1, 397, 0
1, 87, 0
1, 181, 0
1, 199, 0
0, 732, 1
1, 242, 0
1, 221, 0
1, 412, 0
1, 201, 0
1, 226, 0
1, 465, 0
1, 1186, 0
1, 1, 0
0, 200, 0
1, 382, 0
1, 562, 0
1, 461, 0
1, 366, 0
1, 216, 0
1, 119, 0
1, 112, 0
1, 76, 1
0, 4000, 1
0, 4001, 1
0, 4002, 1
0, 4003, 1
0, 4004, 1
0, 4005, 1
1, 201, 0
1, 458, 0
1, 296, 0
1, 204, 0
0, 94, 0
1, 468, 0
1, 88, 0
0, 1423, 0
1, 112, 0
1, 382, 0
1, 89, 0
0, 4000, 0
0, 4001, 0
0, 4002, 0
0, 4003, 0
0, 4004, 0
0, 4005, 0
1, 466, 0
1, 286, 0
0, 94, 0
1, 344, 1
0, 4000, 0
0, 4001, 0
0, 4002, 0
0, 4003, 0
0, 4004, 0
0, 4005, 0
1, 436, 0
1, 107, 0
0, 2112, 1
1, 191, 0
1, 564, 0
1, 146, 0
