0, 214
1, 156
0, 181
0, 192
1, 83
0, 203
0, 176
0, 193
0, 214
0, 243
0, 239
0, 185
0, 175
0, 184
0, 170
0, 240
0, 171
0, 174
0, 174
0, 176
0, 175
0, 182
0, 229
0, 242
0, 179
0, 206
0, 178
0, 224
0, 285
0, 174
0, 173
0, 217
0, 182
0, 172
0, 181
0, 182
0, 220
0, 190
0, 235
0, 259
0, 237
0, 208
0, 187
0, 258
1, 30
0, 284
1, 175
0, 271
0, 251
0, 281
0, 244
0, 223
0, 260
0, 250
0, 283
0, 244
0, 171
0, 178
0, 258
0, 176
1, 165
0, 301
0, 228
1, 173
0, 260
0, 253
0, 316
0, 304
0, 257
0, 185
0, 284
0, 184
0, 299
0, 186
0, 269
0, 257
0, 293
0, 257
0, 572
0, 716
0, 271
0, 282
0, 284
0, 491
0, 519
0, 328
0, 227
0, 310
1, 123
0, 490
0, 281
0, 579
0, 231
0, 275
0, 460
0, 449
0, 293
0, 445
0, 274
0, 695
0, 258
0, 450
0, 245
0, 1032
0, 415
0, 413
0, 1020
0, 287
0, 225
0, 502
0, 495
0, 412
0, 828
0, 279
0, 234
0, 988
1, 407
1, 1058
0, 1654
1, 849
0, 899
0, 2858
0, 405
0, 953
0, 1658
1, 1155
0, 660
0, 3467
1, 1025
0, 532
0, 690
0, 2607
1, 829
0, 1707
1, 1095
0, 691
0, 4300
1, 2675
1, 127
0, 1972
1, 2164
0, 280
1, 4639
0, 1904
1, 1434
0, 1092
1, 618
0, 841
1, 775
0, 1063
1, 886
0, 1725
1, 240
1, 427
1, 143
1, 249
0, 287
0, 326
1, 574
1, 238
1, 10099
1, 753
1, 2052
1, 1008
1, 37
0, 1136
0, 394
1, 1303
1, 3500
1, 1436
1, 251
1, 556
1, 523
1, 760
1, 743
1, 14997
1, 67
1, 499
1, 3541
1, 268
1, 44
1, 1298
0, 4730
1, 79
0, 999
1, 126
1, 263
1, 99
1, 190
0, 25423
1, 92
1, 296
1, 238
1, 453
1, 264
1, 269
1, 605
1, 738
1, 391
1, 53
1, 99
1, 468
1, 113
0, 871
1, 451
1, 276
1, 286
1, 83
1, 168
1, 61
1, 1355
1, 174
1, 166
1, 245
1, 335
1, 352
1, 360
1, 135
1, 79
1, 860
0, 1745
1, 157
1, 175
1, 116
1, 262
1, 123
1, 275
1, 2188
1, 194
1, 406
1, 172
0, 5260
1, 628
1, 360
1, 421
1, 66
1, 144
1, 254
1, 682
1, 112
1, 254
1, 346
1, 738
1, 682
1, 189
1, 309
1, 228
0, 7720
1, 258
1, 176
1, 301
1, 340
1, 315
1, 367
1, 170
0, 6586
1, 114
1, 17
1, 603
1, 20
1, 327
1, 332
1, 3399
1, 121
1, 9
1, 480
1, 131
1, 96
1, 238
1, 156
0, 5226
0, 886
1, 251
1, 3838
1, 187
1, 545
1, 265
1, 727
1, 434
1, 359
1, 359
1, 65
0, 14565
1, 374
1, 278
1, 873
1, 341
1, 384
1, 458
0, 766
1, 292
1, 766
1, 201
1, 140
1, 765
1, 6743
1, 667
1, 681
1, 329
1, 727
1, 149
1, 775
1, 117
1, 192
1, 86
0, 3986
1, 459
1, 364
1, 1497
1, 350
1, 161
1, 262
1, 210
1, 608
1, 77
1, 565
1, 68
0, 316
1, 184
1, 130
1, 39
0, 231
1, 197
0, 867
1, 215
1, 284
1, 251
1, 170
1, 66
1, 438
0, 2182
1, 50
1, 218
1, 292
1, 273
1, 745
1, 372
1, 220
1, 234
1, 705
1, 115
1, 2020
1, 256
0, 275
1, 153
1, 512
1, 84
1, 142
1, 99
1, 90
1, 6
1, 222
1, 271
0, 274
0, 2030
1, 237
1, 162
1, 162
1, 281
1, 601
1, 329
1, 511
1, 220
1, 249
1, 732
1, 194
1, 241
1, 53
1, 201
0, 170
1, 387
1, 258
1, 193
1, 185
1, 185
1, 105
1, 222
1, 25
1, 75
1, 506
1, 222
1, 201
1, 229
1, 15
1, 353
1, 1006
1, 159
1, 120
1, 69
1, 353
1, 208
1, 162
1, 433
1, 122
1, 152
1, 257
0, 268
1, 46
1, 219
1, 128
1, 162
1, 515
1, 123
1, 209
1, 269
1, 613
1, 392
1, 53
1, 292
1, 267
1, 159
1, 345
1, 161
1, 238
1, 574
1, 194
1, 197
1, 123
1, 178
1, 270
1, 152
1, 643
1, 695
1, 87
1, 386
1, 99
1, 101
1, 296
1, 390
1, 273
1, 733
0, 1132
1, 428
1, 132
1, 167
1, 216
1, 376
1, 196
1, 295
0, 724
1, 238
1, 211
1, 393
1, 183
1, 243
1, 239
1, 279
1, 197
1, 209
1, 124
1, 308
1, 362
1, 122
1, 126
1, 166
1, 129
1, 202
1, 178
1, 349
1, 102
1, 22
1, 274
1, 298
1, 120
1, 483
1, 457
1, 544
1, 107
1, 174
1, 942
1, 69
1, 296
1, 900
1, 219
1, 136
1, 336
1, 200
1, 170
1, 417
1, 366
1, 950
1, 513
1, 105
1, 171
1, 215
0, 173
1, 457
1, 490
1, 86
1, 1479
1, 104
1, 294
1, 508
1, 627
1, 334
1, 372
1, 624
1, 179
1, 217
1, 235
1, 189
1, 816
1, 261
1, 236
1, 192
1, 206
1, 198
1, 202
1, 188
1, 197
1, 406
1, 119
1, 289
1, 129
1, 340
1, 496
1, 336
1, 225
1, 226
1, 462
1, 94
1, 366
1, 131
1, 276
1, 205
1, 202
1, 183
1, 110
0, 8252
0, 321
1, 327
1, 83
1, 131
1, 483
1, 310
1, 65
1, 291
1, 221
1, 533
1, 178
1, 380
1, 68
1, 795
1, 198
1, 195
1, 113
1, 279
1, 683
1, 328
1, 286
1, 1126
1, 382
1, 136
1, 83
1, 197
1, 149
1, 177
1, 161
1, 368
1, 61
1, 198
1, 254
1, 260
1, 145
1, 397
1, 297
1, 151
1, 315
1, 135
1, 381
1, 72
1, 821
0, 251
1, 430
1, 96
0, 43
1, 234
0, 473
1, 144
0, 43
1, 195
1, 144
1, 82
1, 159
0, 48
0, 43
0, 5898
0, 44
0, 45
0, 43
1, 837
1, 119
1, 158
1, 832
1, 152
0, 43
0, 192
0, 282
0, 683
1, 123
1, 403
1, 118
1, 232
1, 483
1, 408
1, 681
1, 638
1, 552
1, 165
1, 1384
1, 814
1, 1136
1, 731
1, 236
1, 856
1, 253
1, 596
0, 782
1, 732
1, 702
1, 1038
1, 504
1, 598
1, 752
1, 27
1, 522
1, 240
1, 1503
1, 1017
1, 1960
1, 711
1, 297
1, 315
1, 153
1, 217
1, 292
1, 100
1, 764
1, 195
0, 741
1, 2
1, 697
1, 414
0, 44
1, 436
0, 398
1, 555
1, 236
1, 129
1, 54
1, 702
1, 423
1, 225
1, 252
1, 381
1, 78
0, 43
1, 246
1, 534
1, 745
1, 231
1, 609
0, 671
1, 505
0, 1647
1, 688
1, 1059
1, 644
0, 655
1, 717
1, 190
1, 449
1, 377
1, 49
0, 45
1, 9
1, 804
1, 643
1, 161
1, 261
1, 628
1, 371
1, 136
1, 1564
1, 628
1, 585
1, 667
0, 10159
1, 725
1, 724
1, 174
1, 59
1, 521
1, 896
1, 589
1, 147
1, 535
1, 69
1, 141
1, 730
1, 619
1, 699
1, 725
1, 504
1, 1473
1, 206
1, 521
1, 310
1, 165
1, 165
1, 689
1, 551
1, 538
1, 398
1, 108
1, 522
1, 180
1, 693
1, 369
1, 118
1, 272
1, 235
1, 555
1, 1746
1, 167
1, 745
1, 183
1, 118
1, 38
1, 638
1, 691
1, 93
1, 246
1, 520
1, 487
1, 352
1, 503
1, 180
0, 192
1, 118
1, 185
1, 47
1, 7099
1, 369
1, 296
1, 55
1, 391
1, 659
1, 48
1, 463
1, 773
0, 45
1, 16
0, 190
1, 686
1, 122
1, 434
1, 391
1, 24
1, 724
1, 165
1, 794
1, 158
1, 753
1, 1090
1, 520
1, 213
1, 290
1, 419
1, 187
1, 118
1, 130
1, 237
1, 151
0, 1495
1, 232
0, 1056
1, 126
1, 133
1, 212
1, 638
0, 2245
1, 829
1, 539
1, 295
1, 495
1, 312
1, 215
1, 161
1, 238
1, 285
1, 53
1, 124
1, 398
1, 183
1, 228
1, 923
1, 404
1, 566
1, 978
1, 1363
1, 99
1, 506
1, 203
1, 711
1, 171
1, 804
0, 45
1, 161
1, 239
1, 58
1, 154
1, 599
1, 510
1, 1290
1, 184
1, 269
1, 546
1, 972
1, 485
1, 748
1, 506
1, 382
1, 226
1, 170
1, 63
1, 369
1, 471
1, 152
1, 1063
1, 46
0, 617
1, 519
0, 320
1, 674
1, 514
0, 225
1, 406
1, 210
1, 84
1, 741
1, 18
1, 701
1, 257
1, 187
1, 719
1, 132
1, 180
1, 227
1, 358
1, 493
1, 243
1, 257
1, 98
1, 712