0
0
0
0
0
0
0
0
0
0
0
0
0
0
0
0
0
0
0
0
1
0
0
0
0
0
0
0
0
0
1
1
0
0
0
0
0
0
0
0
1
0
0
0
0
0
0
0
0
0
0
5
0
8
0
29
0
32
0
36
0
40
0
43
0
47
0
51
0
55
0
59
0
63
0
70
0
73
0
77
0
81
0
85
0
89
0
93
0
98
0
102
0
108
0
116
0
138
0
142
0
145
0
149
0
153
0
157
0
161
0
165
0
170
0
173
0
177
0
181
0
185
0
203
0
206
0
211
0
215
0
218
0
222
0
242
0
250
0
254
0
279
0
283
0
287
0
291
0
295
1
304
0
308
0
312
0
317
0
320
0
324
0
328
0
332
0
336
1
2
1
337
1
340
0
344
0
348
1
349
1
350
1
2
1
351
1
2
1
2
1
2
1
2
1
352
1
2
1
2
0
356
0
360
0
382
0
386
0
390
0
394
0
397
0
402
0
406
0
411
0
418
0
422
0
426
1
2
0
430
0
433
0
437
0
441
0
445
0
449
0
453
0
460
0
464
0
468
0
486
0
490
1
2
1
491
1
2
1
2
1
2
1
2
1
2
1
492
1
2
1
2
1
2
1
2
1
493
1
2
1
2
1
2
1
2
1
2
1
494
1
2
1
2
1
2
1
2
1
2
1
495
1
2
1
2
1
2
1
2
1
496
1
2
1
2
1
2
1
2
1
2
1
497
1
2
1
2
1
2
1
2
1
498
1
2
1
2
1
2
1
2
1
2
1
499
1
2
1
2
1
2
1
2
1
500
1
511
0
515
0
519
0
523
0
527
1
545
0
548
0
552
0
556
0
559
0
575
0
589
0
593
0
598
0
605
0
610
0
626
0
642
0
647
1
648
1
649
0
653
0
656
0
663
0
666
0
670
1
680
0
685
0
705
0
709
0
712
0
716
0
721
0
741
0
745
0
761
0
788
0
806
0
810
0
816
0
819
0
824
0
828
0
832
1
835
0
839
1
1
842
1
844
1
846
0
850
0
855
0
858
0
862
0
866
0
883
0
887
0
903
0
926
1
931
0
935
1
938
1
939
1
940
1
941
1
2
1
942
1
943
0
947
0
951
0
955
0
958
1
965
0
968
0
972
0
976
0
980
0
1001
0
1005
1
1014
1
1017
1
1019
1
1029
0
1045
0
1073
0
1077
0
1081
0
1106
1
1107
1
2
1
1108
0
1128
0
1132
1
1134
1
1135
0
1139
0
1143
0
1147
1
1166
0
1170
0
1175
0
1201
0
1205
0
1234
0
1238
1
1239
0
1242
0
1265
1
1273
0
1277
0
1294
0
1325
0
1329
0
1334
0
1354
0
1376
0
1399
0
1416
0
1452
0
1456
0
1494
1
1502
0
1508
0
1537
0
1575
0
1579
0
1604
1
1609
0
1634
0
1654
0
1658
0
1662
0
1665
0
1700
0
1706
0
1710
0
1731
1
1742
0
1763
0
1784
0
1817
1
1839
0
1862
1
1866
0
1870
1
1872
0
1907
0
1942
0
1987
1
2043
0
2084
0
2116
1
2138
0
2172
1
2178
0
2195
1
2201
0
2204
0
2227
0
2253
0
2289
1
2303
0
2345
1
2357
1
2367
0
2370
0
2392
1
2415
1
2431
0
2465
0
2469
0
2473
0
2477
1
2484
0
2488
1
1
2513
0
2518
0
2547
1
2555
1
2560
0
2593
0
2613
0
2645
0
2680
0
2710
0
2755
1
2799
1
2853
0
2858
0
2879
1
2921
0
2924
0
2945
0
2950
1
2973
1
2998
0
3029
0
3083
1
3097
0
3101
0
3107
0
3135
1
3175
0
3235
1
3295
0
3321
0
3325
0
3353
0
3383
0
3388
1
3410
0
3422
0
3476
1
3482
0
3486
1
3509
1
3511
1
3516
0
3545
0
3622
0
3641
0
3734
0
3742
1
3768
1
3833
0
3867
0
3895
1
3909
0
3925
1
3940
0
3972
0
4002
0
4062
0
4116
0
4181
0
4210
1
4226
1
4237
1
4245
1
4252
1
4256
0
4284
0
4321
0
4427
0
4455
0
4515
0
4607
0
4633
0
4663
1
4670
1
4689
0
4708
0
4761
0
4782
0
4789
0
4798
1
4808
0
4828
0
4848
0
4974
1
4995
0
5071
1
5129
0
5165
1
5242
0
5308
1
5333
0
5428
0
5444
1
5450
0
5461
0
5472
1
5500
0
5530
0
5563
1
5566
0
5800
1
5819
0
5863
1
2
1
5868
0
5895
0
5910
0
5975
1
6047
0
6201
0
6220
0
6285
0
6318
1
6466
1
6481
0
6574
0
6578
0
6613
0
6628
0
6674
0
6713
0
6795
0
6825
1
6827
1
6828
1
6829
1
2
1
6830
1
2
1
2
1
6831
1
2
1
6952
0
6956
0
7003
1
7014
0
7137
0
7169
0
7200
1
7216
0
7271
0
2
1
7325
1
7337
0
7452
1
7462
0
7492
0
7502
0
7511
0
7700
1
7712
0
7750
0
7767
0
7804
0
7811
1
7820
0
7836
0
7874
1
7912
1
7976
1
2
1
7977
1
7978
1
7980
1
8006
0
8111
0
8171
1
8194
1
8206
1
8223
1
8290
0
8374
0
8398
1
8402
1
8445
0
8492
0
8506
0
8554
1
8618
1
8622
1
8624
1
8626
1
8627
1
2
1
8628
1
2
1
8629
0
8633
0
8726
1
8746
0
8893
1
8951
0
9030
1
9319
0
9393
1
9394
0
9397
1
9412
0
9452
0
9523
1
9524
1
9525
1
9595
1
9702
0
9744
0
9780
0
9852
0
9888
1
9908
1
9978
1
9979
0
9997
0
10094
0
10158
0
10285
1
10290
1
10293
1
10309
1
10382
0
10475
1
10478
0
10512
0
10525
1
10536
0
10605
0
10658
0
10679
1
10719
0
10747
0
10838
0
10853
0
11016
0
11036
0
11070
0
11073
1
11074
0
11128
1
11131
1
11132
1
11133
1
11134
1
2
1
11135
1
2
1
2
1
2
1
2
1
11136
0
11154
1
11171
0
11281
0
11354
1
11383
0
11443
0
11604
0
11654
0
11699
1
2
0
11703
0
11723
1
11774
0
11887
0
11908
1
11927
1
11958
0
11975
0
11978
0
11993
0
12020
0
12067
1
12499
1
12608
1
12612
1
12656
1
12688
0
12872
1
12919
1
12935
1
13000
0
13020
1
13043
0
13115
1
13149
1
13256
0
13278
1
13297
1
13314
1
13332
0
13355
1
13364
0
13394
1
13404
1
13487
0
13492
0
13514
0
13576
1
13591
1
13616
0
13636
0
13689
0
13729
0
13781
1
13789
1
13796
0
13836
0
13855
0
13884
0
13958
1
14010
0
14044
0
14122
1
14194
0
14215
1
14300
0
14312
0
14316
1
14362
0
14385
1
14432
1
14482
0
14543
0
14583
0
14602
0
14793
0
14858
0
14897
1
14925
0
14959
0
14963
0
14995
0
15074
0
15154
0
15166
0
15184
1
15198
0
15226
1
15246
0
15268
1
15292
0
15295
0
15317
0
15369
0
15378
0
15406
0
15489
0
15517
0
15544
0
15653
1
15658
1
15699
0
15724
0
15822
0
15840
0
15868
0
15900
0
15955
0
16011
1
16075
1
16077
1
16079
0
16126
0
16158
1
2
1
16161
1
16163
1
16172
0
16192
0
16222
1
16223
1
16224
1
16225
0
16253
0
16294
1
16295
1
16296
1
16297
1
16325
0
16358
0
16387
0
16413
0
16525
0
16550
0
16645
1
16679
1
16722
0
16748
0
16753
0
16833
0
16845
0
16861
0
16897
1
16941
1
16971
1
16978
1
17006
1
17033
0
17069
0
17143
0
17198
1
17220
0
17241
0
17245
1
17246
0
17401
0
17468
1
17497
0
17501
0
17513
0
17647
1
17667
0
17676
0
17732
0
17744
1
17771
1
17805
0
17870
0
17892
1
17895
1
17903
0
17936
1
17954
1
17975
0
18006
1
18007
0
18029
1
18050
0
18075
1
18076
1
18078
1
18086
0
18108
1
18115
0
18136
0
18152
0
18164
0
18167
0
18220
0
18264
0
18281
0
18335
0
18408
0
18456
0
18460
0
18525
0
18545
1
18558
1
18587
0
18627
0
18710
1
18755
0
18778
0
18798
0
18816
0
18937
0
19002
1
1
2
1
2
1
2
1
2
1
2
1
19003
1
2
1
2
1
2
1
2
1
19004
1
2
1
2
1
2
1
19007
1
2
1
2
1
19011
1
19070
0
19128
0
19234
0
19310
0
19325
0
19346
1
19368
1
19466
0
19509
0
19578
0
19611
1
19631
0
19666
0
19685
1
19774
1
2
1
19777
0
19843
0
19886
1
19912
1
19913
1
19914
1
2
1
2
1
19915
1
2
0
19975
0
20028
0
20044
0
20059
0
20095
0
20153
1
20161
0
20276
0
20368
0
20382
1
2
0
20389
0
20458
1
20466
1
20472
1
20546
0
20573
0
20584
0
20591
0
20607
0
20628
1
20640
1
20651
0
20707
0
20730
0
20746
0
20845
0
20861
1
20982
1
20988
0
21008
1
21068
0
21107
1
21160
0
21292
0
21333
1
21375
0
21454
0
21514
0
21549
0
21637
0
21710
1
21770
1
21801
0
21813
0
21928
1
21941
0
21983
0
22047
0
22057
0
22140
0
22144
0
22168
0
22195
0
22265
0
22292
1
22330
0
22460
0
22489
1
22499
0
22518
1
22531
1
22581
0
22612
0
22647
0
22685
0
22765
1
22806
1
22816
0
1
22839
0
22859
1
22860
1
22861
1
2
1
2
1
22862
1
2
1
2
1
2
1
2
1
22863
0
22906
0
22919
1
22929
1
2
1
2
1
2
1
2
1
22930
1
2
1
2
1
2
1
2
1
2
1
22931
1
2
1
22932
1
2
1
22933
1
2
1
22934
1
2
1
22935
1
2
1
22936
1
22937
1
2
1
22938
1
2
1
22939
1
2
1
22940
1
2
1
22941
1
2
1
22942
1
2
1
22943
1
22944
1
2
1
2
1
2
1
2
1
2
1
22945
1
22948
0
22962
0
22988
0
23046
1
23092
0
23144
0
23205
0
23247
0
23280
1
23297
1
23340
1
23341
1
2
1
23342
1
2
1
2
1
23343
1
2
1
23344
1
2
1
2
1
23345
1
2
1
2
1
23346
1
2
1
2
1
23347
1
2
1
23348
0
23447
0
23482
0
23488
1
23641
0
23684
0
23713
0
23759
0
23770
0
23817
1
23820
0
23974
0
24015
0
24106
0
24129
0
24201
0
24261
1
24265
0
24299
0
24332
0
24365
1
24437
0
24447
1
24482
1
24534
0
24591
0
24600
0
24604
0
24660
0
25015
0
25078
0
25095
0
25105
1
25111
1
25147
0
25167
0
25224
0
25282
0
25323
1
25342
0
25364
0
25383
0
25398
1
25408
0
25429
0
25448
0
25546
1
25614
0
25696
1
25770
0
25894
1
25990
0
26047
0
26306
0
26344
0
26378
0
26481
0
26483
0
26516
0
26535
0
26560
0
26576
0
26654
0
26727
0
26729
0
26762
0
26815
0
26865
0
26889
0
26914
0
26955
0
27018
0
27087
1
27251
0
27363
0
2
0
27387
0
27388
0
27454
0
27474
0
27509
1
27798
0
27831
0
27834
0
27881
0
27920
1
27942
0
27986
0
28004
0
28072
0
28180
1
28188
1
28242
0
28341
0
28349
0
28420
0
28476
0
28481
0
28504
0
28595
1
28675
1
28681
0
28700
0
28723
1
28726
1
28729
1
28732
0
28741
1
28743
0
28929
0
28957
0
29003
1
29020
1
29057
1
29071
0
29091
0
29178
0
29230
1
29241
0
29334
0
29344
0
29347
0
29363
