0, 179, 0
0, 124, 0
0, 148, 0
0, 150, 0
0, 181, 0
0, 136, 0
0, 126, 0
1, 50, 0
0, 129, 0
0, 142, 0
0, 123, 0
0, 136, 0
0, 275, 1
0, 182, 0
0, 155, 0
0, 211, 0
0, 217, 0
0, 251, 0
0, 171, 0
0, 147, 0
0, 125, 0
0, 178, 0
0, 292, 1
0, 135, 0
0, 133, 0
0, 127, 0
0, 208, 1
0, 177, 0
0, 140, 0
0, 123, 0
0, 188, 0
0, 132, 0
0, 293, 0
0, 350, 0
0, 180, 0
0, 163, 0
0, 150, 0
0, 178, 0
0, 166, 0
0, 127, 0
1, 57, 0
0, 135, 1
0, 131, 0
0, 208, 0
0, 126, 0
0, 131, 0
1, 73, 0
0, 138, 0
0, 140, 0
0, 156, 0
0, 136, 0
0, 278, 0
0, 270, 0
0, 149, 0
0, 179, 0
0, 129, 1
0, 138, 1
0, 139, 0
1, 78, 0
0, 123, 0
0, 183, 0
0, 132, 0
0, 142, 0
0, 228, 0
0, 301, 0
0, 131, 0
0, 172, 0
0, 140, 0
0, 138, 0
0, 130, 0
0, 123, 0
0, 127, 0
0, 192, 0
0, 225, 0
0, 146, 0
0, 243, 0
0, 198, 0
0, 130, 0
0, 134, 0
0, 160, 0
0, 183, 0
0, 144, 0
0, 130, 0
1, 62, 0
0, 185, 0
0, 399, 0
0, 195, 0
0, 445, 0
0, 181, 0
0, 133, 0
0, 130, 0
0, 129, 0
0, 173, 0
0, 139, 1
0, 361, 0
0, 141, 0
0, 159, 0
0, 171, 0
0, 169, 0
0, 168, 0
0, 125, 0
0, 303, 0
0, 133, 0
0, 429, 0
0, 167, 0
0, 143, 0
0, 158, 0
0, 130, 0
0, 169, 0
0, 312, 0
0, 184, 0
0, 494, 0
0, 128, 0
0, 481, 0
0, 175, 0
0, 182, 0
0, 258, 0
0, 131, 0
0, 153, 0
0, 395, 0
0, 593, 0
0, 364, 1
0, 438, 0
0, 128, 0
0, 178, 0
0, 130, 0
0, 624, 0
0, 144, 0
0, 151, 0
0, 126, 0
0, 158, 0
0, 143, 0
0, 207, 0
0, 285, 0
0, 699, 0
0, 184, 0
0, 793, 0
0, 662, 0
0, 296, 0
0, 385, 0
0, 155, 0
0, 289, 0
0, 362, 0
0, 176, 0
0, 175, 0
1, 146, 1
0, 263, 0
0, 198, 0
0, 416, 0
0, 460, 0
0, 299, 0
0, 263, 0
0, 275, 0
0, 439, 1
0, 277, 0
0, 380, 0
0, 1108, 0
0, 277, 0
0, 621, 0
0, 161, 0
1, 91, 0
0, 786, 0
0, 474, 0
0, 241, 0
0, 340, 0
0, 1534, 1
0, 1428, 0
0, 149, 0
0, 383, 0
1, 540, 0
0, 709, 0
0, 319, 0
1, 594, 0
1, 203, 0
0, 123, 0
0, 333, 0
1, 372, 0
0, 648, 0
0, 168, 0
0, 251, 0
0, 409, 1
0, 305, 0
0, 1140, 0
0, 220, 0
0, 129, 1
0, 1333, 0
0, 769, 0
0, 213, 0
0, 797, 0
0, 195, 0
0, 580, 0
0, 252, 0
0, 787, 1
1, 187, 0
0, 242, 0
0, 427, 0
0, 800, 0
0, 290, 0
1, 61, 0
0, 1157, 0
1, 21, 0
0, 270, 0
1, 188, 0
0, 814, 0
1, 327, 0
0, 272, 0
0, 255, 0
1, 544, 0
0, 678, 0
0, 208, 0
0, 453, 0
0, 729, 0
0, 274, 0
0, 344, 0
0, 2348, 0
1, 33, 0
0, 965, 0
0, 469, 0
0, 2221, 0
1, 29, 0
0, 1441, 0
1, 750, 0
1, 705, 0
0, 764, 0
0, 314, 0
1, 414, 1
0, 207, 0
0, 390, 0
0, 419, 0
1, 287, 0
1, 124, 0
1, 85, 0
1, 687, 0
0, 237, 0
1, 485, 0
0, 576, 0
1, 2024, 0
1, 115, 0
0, 1166, 0
0, 215, 0
1, 132, 0
1, 198, 0
0, 1374, 0
0, 1164, 0
1, 348, 0
0, 571, 0
0, 2444, 0
1, 74, 0
0, 898, 0
0, 581, 0
1, 731, 0
0, 261, 1
1, 434, 0
0, 657, 0
0, 222, 0
1, 282, 0
0, 204, 0
1, 92, 0
1, 129, 0
0, 3034, 0
0, 826, 0
1, 537, 0
1, 374, 0
1, 150, 0
1, 323, 0
1, 180, 0
1, 133, 0
0, 314, 0
1, 671, 0
1, 165, 0
1, 85, 0
1, 599, 0
0, 724, 0
1, 532, 0
1, 450, 0
1, 142, 0
1, 213, 0
1, 1210, 0
1, 507, 0
0, 228, 0
1, 229, 0
1, 306, 0
1, 226, 0
1, 176, 0
0, 672, 0
1, 198, 0
1, 317, 0
1, 154, 0
0, 560, 1
1, 112, 0
1, 352, 0
1, 450, 0
1, 806, 0
1, 127, 0
1, 704, 0
1, 903, 0
0, 952, 0
1, 555, 0
1, 215, 0
1, 108, 0
1, 134, 0
1, 538, 0
1, 197, 1
1, 567, 0
1, 424, 0
0, 1051, 1
1, 140, 0
1, 117, 0
1, 164, 0
1, 198, 0
1, 1100, 0
1, 380, 0
1, 137, 0
1, 82, 0
1, 26, 0
1, 311, 0
1, 393, 0
1, 503, 0
1, 425, 0
1, 384, 0
1, 388, 0
0, 245, 0
1, 228, 0
1, 376, 0
1, 505, 0
1, 299, 0
1, 265, 0
1, 363, 0
1, 675, 0
1, 295, 0
1, 36, 0
1, 271, 0
1, 195, 0
1, 302, 0
1, 380, 0
1, 117, 0
1, 347, 0
1, 180, 0
1, 181, 0
1, 80, 0
1, 388, 0
0, 869, 0
1, 216, 0
1, 214, 0
1, 88, 1
1, 367, 1
1, 1336, 0
1, 954, 0
1, 363, 0
1, 273, 0
1, 61, 1
1, 284, 0
1, 429, 1
1, 155, 0
1, 280, 1
1, 257, 0
1, 264, 1
1, 87, 0
1, 186, 0
1, 196, 0
1, 181, 0
1, 65, 0
1, 92, 0
1, 279, 0
1, 126, 0
0, 984, 0
1, 251, 0
1, 598, 0
1, 593, 0
1, 405, 0
1, 266, 0
1, 68, 1
1, 282, 0
1, 197, 0
1, 80, 0
1, 125, 0
1, 209, 0
1, 267, 0
1, 410, 0
1, 122, 0
1, 101, 0
1, 97, 0
1, 279, 1
1, 72, 0
1, 476, 0
1, 132, 0
1, 159, 0
1, 803, 1
1, 106, 0
1, 104, 0
0, 645, 0
1, 169, 1
1, 55, 0
1, 67, 0
1, 203, 0
1, 121, 0
1, 272, 0
1, 100, 1
1, 211, 0
1, 97, 1
1, 1, 0
1, 450, 0
1, 257, 0
1, 103, 0
1, 113, 0
1, 250, 0
1, 113, 0
1, 113, 0
1, 67, 0
1, 332, 0
1, 48, 0
1, 989, 0
1, 191, 1
1, 168, 0
1, 134, 0
1, 333, 0
1, 187, 0
1, 128, 0
1, 246, 0
1, 151, 0
1, 158, 0
0, 269, 0
1, 148, 0
1, 504, 0
1, 643, 0
1, 338, 0
1, 544, 0
1, 290, 0
1, 79, 0
1, 239, 0
1, 127, 0
1, 154, 0
1, 83, 0
1, 469, 0
1, 388, 0
1, 425, 0
1, 167, 0
1, 132, 0
1, 376, 0
1, 79, 1
1, 585, 0
1, 338, 0
1, 287, 0
1, 727, 0
1, 224, 1
1, 482, 1
1, 161, 0
1, 135, 0
0, 3843, 1
1, 95, 0
1, 256, 0
1, 92, 0
1, 323, 0
1, 66, 0
1, 179, 0
1, 88, 0
1, 65, 0
1, 260, 0
1, 245, 0
1, 199, 0
1, 113, 0
1, 61, 0
1, 119, 1
1, 104, 0
1, 321, 0
1, 106, 0
1, 339, 0
1, 149, 0
1, 34, 0
1, 128, 1
1, 289, 0
1, 180, 0
1, 69, 0
1, 97, 0
1, 553, 0
0, 235, 0
1, 1, 0
1, 222, 0
1, 167, 0
1, 285, 0
1, 248, 1
1, 95, 1
1, 119, 0
0, 160, 0
1, 52, 0
1, 251, 0
1, 275, 0
1, 65, 0
1, 144, 0
1, 225, 0
1, 151, 1
1, 173, 0
1, 171, 0
1, 485, 0
1, 269, 0
1, 102, 0
1, 204, 0
1, 157, 0
1, 228, 0
0, 207, 0
1, 306, 0
1, 139, 0
1, 231, 0
1, 349, 0
1, 679, 0
1, 64, 0
1, 175, 0
0, 1686, 0
1, 281, 0
1, 214, 0
1, 3843, 0
1, 189, 0
0, 4000, 1
0, 4001, 1
0, 4002, 1
0, 4003, 1
0, 4004, 1
0, 4005, 1
1, 304, 1
1, 450, 0
1, 212, 0
1, 1236, 0
1, 135, 1
1, 49, 0
1, 95, 0
1, 213, 0
1, 189, 0
1, 265, 0
1, 295, 0
1, 357, 0
1, 270, 0
1, 154, 0
1, 261, 0
1, 232, 0
1, 182, 0
1, 215, 1
1, 230, 0
1, 220, 0
1, 278, 0
0, 4000, 1
0, 4001, 1
0, 4002, 1
0, 4003, 1
0, 4004, 1
0, 4005, 1
1, 158, 0
1, 321, 0
1, 121, 0
1, 98, 0
1, 123, 0
1, 127, 0
1, 350, 0
1, 312, 0
1, 157, 0
1, 280, 0
1, 64, 0
1, 91, 0
1, 1210, 0
1, 51, 0
1, 259, 0
1, 159, 0
1, 342, 0
1, 246, 1
1, 78, 0
1, 35, 0
1, 317, 1
1, 310, 1
1, 108, 0
1, 179, 0
1, 248, 0
1, 242, 0
0, 401, 0
0, 177, 0
1, 220, 0
1, 258, 0
1, 176, 0
1, 80, 0
1, 181, 0
1, 237, 1
1, 115, 0
1, 260, 1
1, 224, 0
1, 304, 0
1, 155, 0
1, 68, 0
1, 122, 0
1, 101, 0
1, 260, 0
1, 363, 0
1, 490, 0
0, 657, 0
1, 96, 0
0, 47, 0
1, 511, 0
1, 282, 0
1, 119, 1
1, 283, 0
0, 191, 0
0, 180, 0
1, 358, 0
1, 315, 0
1, 507, 1
0, 60, 0
1, 116, 0
0, 198, 1
1, 143, 1
0, 218, 0
0, 47, 0
1, 122, 0
1, 68, 0
1, 294, 1
0, 372, 0
0, 419, 1
1, 26, 0
0, 359, 0
0, 196, 0
1, 397, 0
1, 197, 0
1, 193, 0
1, 999, 1
0, 565, 0
0, 46, 0
0, 486, 0
1, 430, 0
1, 153, 0
1, 155, 0
1, 137, 0
0, 194, 0
1, 388, 0
0, 56, 0
1, 139, 1
0, 199, 1
1, 364, 0
0, 195, 0
1, 394, 0
0, 46, 0
1, 255, 0
1, 807, 0
1, 117, 0
1, 384, 0
1, 97, 1
0, 202, 0
1, 191, 0
1, 1104, 0
1, 108, 0
0, 212, 0
1, 160, 0
1, 68, 0
1, 226, 0
1, 356, 0
1, 463, 0
1, 233, 0
1, 196, 0
1, 399, 1
1, 211, 0
1, 186, 0
1, 343, 0
1, 320, 0
1, 327, 0
1, 230, 0
1, 261, 0
1, 113, 0
1, 266, 0
1, 403, 0
1, 1292, 0
1, 487, 0
1, 226, 0
1, 184, 0
0, 402, 0
1, 165, 1
1, 144, 0
1, 75, 1
1, 68, 1
0, 3173, 1
1, 624, 0
1, 103, 0
1, 531, 0
1, 24, 0
1, 504, 0
1, 353, 0
1, 1219, 0
1, 355, 0
1, 383, 0
1, 162, 0
0, 206, 0
1, 340, 0
1, 89, 0
1, 380, 0
1, 442, 1
1, 200, 0
1, 1665, 0
1, 104, 0
1, 1254, 0
1, 401, 0
1, 956, 0
1, 243, 0
1, 204, 0
1, 170, 0
0, 169, 0
1, 511, 0
1, 1445, 0
1, 328, 0
1, 560, 0
1, 425, 0
1, 350, 0
1, 442, 0
1, 141, 0
1, 529, 0
1, 428, 0
1, 449, 0
1, 175, 0
1, 135, 0
1, 482, 0
1, 172, 0
0, 1503, 1
1, 188, 0
1, 400, 0
1, 140, 1
1, 231, 0
1, 211, 1
1, 125, 1
1, 650, 0
1, 636, 0
1, 229, 0
1, 176, 0
1, 131, 0
1, 81, 0
1, 107, 0
1, 131, 0
1, 422, 0
0, 762, 0
0, 224, 0
1, 497, 0
1, 309, 0
1, 163, 0
1, 983, 0
1, 332, 0
1, 976, 0
1, 89, 0
1, 187, 0
1, 425, 0
1, 205, 0
1, 325, 0
0, 213, 0
1, 543, 0
1, 439, 0
0, 46, 0
0, 447, 1
1, 435, 0
1, 91, 0
1, 212, 0
1, 1295, 0
1, 516, 0
1, 437, 0
0, 3025, 1
1, 21, 0
0, 185, 1
1, 358, 0
1, 346, 0
1, 386, 0
1, 324, 1
1, 430, 0
1, 397, 0
1, 582, 1
1, 79, 0
1, 753, 0
1, 63, 0
1, 408, 1
1, 237, 0
1, 401, 0
1, 315, 0
1, 326, 0
1, 281, 1
0, 1250, 1
1, 584, 0
0, 1283, 0
1, 119, 0
0, 46, 0
1, 431, 0
0, 56, 0
1, 103, 0
0, 46, 0
1, 421, 1
1, 342, 1
1, 240, 0
0, 206, 0
1, 83, 0
1, 413, 0
1, 196, 0
1, 64, 0
1, 381, 0
1, 330, 0
0, 3187, 1
1, 1503, 1
1, 143, 1
1, 543, 1
1, 470, 1
1, 316, 0
1, 108, 0
0, 276, 0
1, 434, 1
1, 330, 0
0, 1287, 1
1, 309, 0
1, 200, 1
1, 465, 0
1, 160, 0
1, 286, 0
1, 186, 0
1, 134, 1
1, 647, 0
1, 377, 0
1, 345, 0
1, 233, 0
0, 4000, 1
0, 4001, 1
0, 4002, 1
0, 4003, 1
0, 4004, 1
0, 4005, 1
1, 454, 0
0, 714, 1
1, 317, 0
0, 56, 0
1, 2025, 0
1, 220, 0
0, 231, 0
1, 316, 0
1, 158, 0
1, 533, 0
1, 128, 0
1, 287, 0
1, 217, 0
1, 381, 0
1, 157, 0
1, 466, 0
1, 483, 0
1, 427, 0
1, 174, 0
0, 94, 0
1, 474, 0
1, 192, 0
1, 125, 0
1, 465, 0
1, 411, 0
1, 236, 0
1, 194, 0
0, 227, 0
1, 377, 0
1, 191, 0
1, 135, 0
1, 367, 0
1, 489, 1
1, 320, 0
0, 172, 0
1, 429, 0
1, 219, 0
1, 368, 1
0, 338, 0
1, 335, 0
1, 426, 0
0, 165, 0
1, 91, 0
0, 521, 0
1, 114, 0
1, 295, 0
1, 479, 0
1, 64, 0
1, 154, 0
1, 243, 0
1, 390, 0
1, 461, 0
1, 143, 0
1, 113, 0
1, 463, 0
1, 120, 0
0, 213, 1
1, 335, 0
1, 450, 0
1, 65, 0
1, 353, 0
1, 399, 0
1, 281, 0
1, 312, 0
1, 264, 0
1, 485, 0
1, 177, 0
1, 170, 0
1, 481, 0
1, 400, 0
1, 386, 0
1, 995, 0
1, 120, 0
1, 345, 0
1, 129, 0
0, 209, 0
1, 204, 0
1, 178, 0
1, 137, 0
1, 423, 0
1, 1473, 0
1, 361, 1
0, 94, 0
1, 375, 0
0, 228, 0
1, 406, 0
1, 180, 0
1, 144, 0
1, 336, 0
0, 4000, 1
0, 4001, 1
0, 4002, 1
0, 4003, 1
0, 4004, 1
0, 4005, 1
1, 140, 0
1, 266, 0
1, 393, 0
1, 377, 0
1, 140, 0
1, 149, 1
1, 184, 0
1, 153, 0
1, 749, 0
1, 214, 0
0, 1091, 0
1, 241, 0
0, 138, 0
1, 191, 0
1, 218, 0
1, 121, 0
0, 174, 0
1, 262, 1
1, 438, 0
1, 317, 0
1, 289, 0
1, 365, 0
1, 160, 0
1, 227, 0
1, 364, 1
1, 112, 0
0, 113, 0
1, 137, 0
1, 161, 0
1, 352, 0
1, 103, 0
1, 55, 0
1, 206, 0
1, 120, 0
0, 46, 0
1, 88, 0
1, 111, 0
1, 186, 0
1, 142, 1
1, 519, 0
1, 282, 0
1, 499, 0
1, 223, 0
1, 166, 0
1, 224, 0
1, 99, 0
1, 240, 0
0, 229, 0
1, 186, 0
1, 286, 0
1, 98, 0
1, 1035, 0
1, 110, 0
1, 113, 0
1, 485, 0
1, 181, 0
1, 58, 0
0, 4000, 1
0, 4001, 1
0, 4002, 1
0, 4003, 1
0, 4004, 1
0, 4005, 1
1, 756, 0
0, 4000, 0
0, 4001, 0
0, 4002, 0
0, 4003, 0
0, 4004, 0
0, 4005, 0
1, 154, 0
1, 99, 0
1, 380, 0
1, 137, 0
0, 2431, 1
1, 151, 0
0, 192, 0
1, 339, 0
1, 528, 0
1, 549, 0
1, 552, 0
1, 324, 0
0, 680, 0
1, 334, 0
0, 3315, 1
1, 288, 0
1, 472, 0
1, 425, 0
1, 446, 0
1, 352, 0
1, 462, 0
1, 179, 1
0, 211, 0
0, 212, 0
1, 142, 0
0, 207, 0
1, 759, 0
1, 269, 0
1, 466, 0
1, 185, 0
1, 431, 1
1, 172, 0
1, 72, 0
1, 534, 0
1, 160, 0
1, 288, 0
1, 210, 0
1, 114, 1
1, 214, 0
0, 428, 0
0, 243, 1
1, 311, 0
1, 173, 0
1, 405, 0
1, 600, 1
1, 164, 0
1, 431, 0
1, 227, 0
1, 369, 0
1, 546, 0
1, 467, 0
1, 73, 0
1, 74, 0
1, 229, 0
1, 191, 0
1, 122, 0
1, 230, 0
1, 157, 0
1, 113, 0
1, 609, 0
1, 394, 1
1, 199, 0
1, 196, 0
1, 361, 0
1, 21, 0
0, 4000, 1
0, 4001, 1
0, 4002, 1
0, 4003, 1
0, 4004, 1
0, 4005, 1
1, 415, 0
1, 205, 0
1, 488, 0
1, 182, 0
1, 618, 0
1, 578, 0
1, 533, 0
1, 354, 0
1, 256, 0
1, 146, 0
1, 125, 1
1, 225, 0
1, 496, 1
0, 4000, 1
0, 4001, 1
0, 4002, 1
0, 4003, 1
0, 4004, 1
0, 4005, 1
1, 482, 0
1, 553, 1
1, 218, 0
1, 2889, 0
1, 411, 0
1, 85, 0
0, 47, 0
1, 499, 0
1, 202, 0
0, 47, 0
1, 198, 0
0, 47, 0
1, 435, 0
1, 198, 0
1, 431, 0
1, 187, 0
1, 496, 0
0, 1012, 0
1, 460, 0
1, 214, 0
1, 148, 0
1, 366, 0
1, 160, 0
1, 149, 0
0, 4000, 1
0, 4001, 1
0, 4002, 1
0, 4003, 1
0, 4004, 1
0, 4005, 1
1, 153, 0
1, 654, 0
0, 468, 0
0, 497, 1
1, 89, 0
1, 82, 1
1, 168, 0
1, 203, 0
0, 941, 0
1, 106, 0
1, 406, 0
1, 120, 0
1, 432, 0
1, 246, 0
1, 468, 0
0, 2372, 1
1, 389, 0
1, 445, 0
1, 224, 0
1, 652, 0
0, 46, 0
1, 624, 0
0, 64, 1
1, 212, 0
1, 205, 0
1, 507, 0
0, 3936, 1
1, 201, 0
1, 139, 0
1, 653, 0
0, 1084, 1
1, 203, 0
1, 245, 0
1, 167, 0
1, 350, 0
1, 519, 0
1, 342, 1
1, 77, 0
0, 94, 0
0, 4000, 1
0, 4001, 1
0, 4002, 1
0, 4003, 1
0, 4004, 1
0, 4005, 1
1, 489, 0
1, 240, 0
1, 510, 0
1, 517, 0
1, 536, 0
1, 208, 0
0, 46, 0
1, 478, 0
1, 332, 0
1, 139, 1
0, 4000, 1
0, 4001, 1
0, 4002, 1
0, 4003, 1
0, 4004, 1
0, 4005, 1
1, 411, 0
1, 124, 0
1, 193, 0
1, 83, 0
1, 346, 0
1, 119, 0
1, 179, 0
1, 398, 0
1, 460, 0
0, 238, 0
1, 134, 0
1, 270, 0
1, 208, 0
1, 296, 0
1, 363, 0
1, 334, 0
1, 409, 0
1, 475, 0
1, 527, 0
1, 266, 0
1, 436, 0
0, 184, 0
1, 353, 0
1, 114, 0
1, 418, 0
1, 383, 0
1, 433, 0
1, 171, 0
1, 434, 0
1, 838, 0
1, 1565, 1
1, 95, 0
1, 563, 0
1, 535, 1
1, 70, 0
1, 429, 1
1, 639, 0
1, 357, 1
1, 190, 0
1, 310, 0
1, 805, 1
1, 624, 1
1, 468, 0
1, 214, 0
1, 465, 0
1, 265, 0
1, 100, 0
1, 354, 0
0, 4000, 1
0, 4001, 1
0, 4002, 1
0, 4003, 1
0, 4004, 1
0, 4005, 1
1, 582, 0
0, 4000, 1
0, 4001, 1
0, 4002, 1
0, 4003, 1
0, 4004, 1
0, 4005, 1
1, 315, 0
1, 268, 0
1, 118, 0
1, 149, 0
1, 461, 0
1, 102, 0
0, 47, 0
1, 483, 0
1, 346, 0
1, 417, 0
1, 537, 0
1, 257, 0
1, 621, 0
1, 269, 0
1, 206, 0
1, 322, 0
1, 104, 0
1, 503, 1
1, 150, 0
1, 415, 1
1, 379, 0
1, 577, 0
1, 107, 0
1, 843, 1
1, 237, 0
1, 330, 0
1, 203, 0
0, 204, 0
1, 172, 0
0, 51, 0
1, 495, 0
0, 47, 0
1, 95, 0
1, 619, 1
1, 119, 0
1, 61, 1
1, 547, 0
1, 198, 1
1, 454, 0
1, 129, 0
1, 656, 0
1, 372, 0
0, 47, 1
1, 290, 0
1, 78, 0
1, 3025, 1
1, 532, 0
1, 241, 0
1, 417, 0
1, 317, 0
1, 482, 0
1, 117, 0
1, 417, 0
1, 414, 0
0, 216, 0
1, 394, 0
0, 47, 0
1, 194, 1
0, 51, 1
1, 46, 0
1, 491, 0
1, 186, 0
1, 469, 0
1, 115, 1
1, 444, 0
1, 472, 0
0, 4000, 1
0, 4001, 1
0, 4002, 1
0, 4003, 1
0, 4004, 1
0, 4005, 1
1, 444, 0
1, 450, 1
1, 378, 1
1, 513, 0
1, 115, 0
1, 510, 0
1, 422, 0
1, 302, 0
1, 278, 0
1, 431, 0
1, 476, 0
1, 599, 0
0, 168, 0
1, 593, 0
0, 4000, 1
0, 4001, 1
0, 4002, 1
0, 4003, 1
0, 4004, 1
0, 4005, 1
1, 520, 1
1, 399, 0
1, 90, 0
1, 126, 0
0, 4000, 1
0, 4001, 1
0, 4002, 1
0, 4003, 1
0, 4004, 1
0, 4005, 1
1, 183, 0
1, 92, 0
1, 516, 0
1, 272, 0
1, 177, 0
1, 55, 0
1, 580, 0
1, 247, 0
1, 79, 0
1, 639, 0
1, 196, 1
1, 180, 0
1, 113, 0
1, 216, 0
1, 468, 0
1, 248, 0
1, 410, 0
1, 525, 0
1, 623, 0
1, 270, 1
1, 449, 0
1, 97, 0
1, 153, 0
1, 340, 0
1, 214, 0
1, 50, 0
0, 247, 0
1, 426, 0
1, 797, 0
1, 102, 0
1, 304, 0
1, 243, 0
1, 408, 0
1, 414, 0
0, 173, 1
1, 1029, 0
0, 185, 0
1, 372, 0
0, 682, 0
1, 414, 0
0, 214, 1
0, 57, 0
1, 83, 0
1, 125, 0
1, 471, 1
1, 303, 0
1, 167, 0
1, 121, 0
1, 268, 0
1, 352, 0
1, 569, 0
1, 227, 0
0, 237, 0
1, 205, 0
1, 88, 0
0, 4000, 1
0, 4001, 1
0, 4002, 1
0, 4003, 1
0, 4004, 1
0, 4005, 1
1, 410, 0
1, 474, 0
0, 193, 0
1, 94, 0
1, 605, 0
0, 274, 0
1, 222, 0
1, 167, 0
0, 204, 0
1, 464, 0
1, 508, 0
1, 334, 1
1, 129, 0
1, 404, 0
0, 242, 0
1, 433, 0
1, 137, 0
1, 188, 0
1, 128, 0
1, 497, 0
1, 510, 0
1, 434, 0
1, 447, 0
1, 249, 0
1, 320, 0
0, 460, 1
1, 546, 1
1, 197, 0
0, 4000, 1
0, 4001, 1
0, 4002, 1
0, 4003, 1
0, 4004, 1
0, 4005, 1
1, 69, 0
1, 290, 0
0, 946, 0
0, 975, 1
1, 86, 0
0, 4000, 1
0, 4001, 1
0, 4002, 1
0, 4003, 1
0, 4004, 1
0, 4005, 1
1, 465, 0
1, 138, 0
1, 40, 0
1, 215, 0
1, 127, 0
1, 421, 1
1, 128, 0
1, 445, 0
1, 422, 0
0, 241, 0
1, 313, 0
1, 490, 0
1, 136, 0
1, 373, 0
1, 85, 0
1, 183, 0
1, 328, 0
1, 356, 0
1, 207, 0
1, 37, 0
1, 235, 0
1, 317, 0
1, 94, 0
1, 746, 0
1, 414, 0
1, 235, 0
1, 158, 0
1, 338, 0
1, 131, 0
1, 571, 0
1, 99, 0
1, 176, 0
0, 1942, 1
1, 203, 0
1, 206, 0
1, 120, 0
1, 11, 0
1, 496, 0
1, 533, 0
1, 529, 0
1, 233, 0
0, 4000, 1
0, 4001, 1
0, 4002, 1
0, 4003, 1
0, 4004, 1
0, 4005, 1
1, 703, 0
1, 106, 0
0, 472, 0
1, 292, 0
1, 24, 0
0, 172, 1
1, 116, 0
1, 174, 0
0, 94, 0
0, 791, 1
1, 225, 0
1, 463, 0
1, 173, 0
1, 363, 0
1, 365, 1
1, 488, 0
1, 550, 0
1, 111, 1
1, 207, 0
0, 580, 0
0, 471, 0
1, 472, 0
1, 459, 0
1, 194, 0
1, 651, 0
1, 376, 0
1, 345, 0
1, 188, 0
1, 315, 0
1, 395, 0
1, 472, 0
1, 473, 0
1, 478, 0
1, 574, 0
1, 126, 0
1, 351, 0
1, 403, 0
1, 511, 0
0, 210, 0
1, 546, 1
1, 588, 0
1, 398, 0
1, 145, 0
1, 1544, 1
1, 308, 0
1, 382, 0
1, 221, 0
1, 109, 0
1, 87, 1
1, 345, 0
0, 182, 0
1, 229, 0
1, 1050, 0
0, 4000, 0
0, 4001, 0
0, 4002, 0
0, 4003, 0
0, 4004, 0
0, 4005, 0
1, 236, 0
1, 281, 0
1, 360, 0
1, 174, 0
1, 258, 0
1, 1, 0
1, 136, 0
1, 111, 0
1, 141, 0
1, 267, 0
1, 356, 1
1, 97, 0
0, 132, 0
1, 499, 0
1, 100, 0
1, 240, 1
0, 163, 0
1, 489, 0
1, 411, 0
1, 750, 0
1, 174, 0
1, 271, 0
1, 188, 0
1, 178, 0
1, 225, 0
1, 238, 0
0, 47, 0
1, 135, 0
1, 117, 1
1, 413, 0
1, 406, 0
1, 437, 0
1, 320, 0
1, 634, 0
1, 388, 0
1, 448, 1
1, 387, 0
1, 382, 0
1, 535, 0
1, 128, 0
1, 347, 0
1, 311, 0
1, 174, 0
0, 605, 1
1, 376, 0
0, 191, 0
1, 469, 0
1, 95, 0
1, 137, 0
1, 230, 1
1, 331, 1
0, 236, 0
1, 428, 0
0, 434, 0
0, 141, 0
1, 442, 0
0, 4000, 0
0, 4001, 0
0, 4002, 0
0, 4003, 0
0, 4004, 0
0, 4005, 0
1, 428, 0
1, 350, 0
0, 176, 0
1, 144, 0
1, 547, 0
0, 483, 0
1, 108, 0
1, 393, 0
1, 223, 0
0, 2785, 1
1, 137, 1
1, 373, 0
0, 182, 0
1, 292, 0
1, 617, 1
0, 412, 0
1, 436, 0
1, 418, 0
1, 745, 0
1, 501, 0
1, 224, 0
1, 95, 0
1, 706, 0
0, 94, 0
1, 138, 0
1, 39, 0
1, 554, 0
1, 106, 0
1, 259, 0
1, 175, 0
1, 298, 0
1, 101, 0
1, 289, 0
1, 467, 0
1, 338, 0
1, 120, 0
1, 118, 0
1, 181, 0
1, 158, 0
1, 160, 0
1, 390, 0
1, 149, 0
1, 114, 0
1, 124, 0
1, 206, 0
1, 323, 0
1, 461, 1
0, 200, 0
1, 407, 0
1, 320, 0
0, 183, 1
1, 188, 0
1, 112, 0
1, 230, 0
1, 327, 0
1, 91, 0
1, 505, 0
0, 398, 0
1, 360, 0
1, 118, 0
1, 553, 0
1, 949, 1
0, 4000, 1
0, 4001, 1
0, 4002, 1
0, 4003, 1
0, 4004, 1
0, 4005, 1
1, 213, 0
0, 1844, 1
0, 176, 0
0, 944, 1
1, 517, 0
1, 3415, 0
1, 400, 0
1, 374, 0
1, 186, 0
1, 135, 0
1, 497, 0
1, 463, 0
0, 1015, 1
1, 572, 0
1, 471, 0
1, 230, 0
0, 470, 0
1, 322, 0
1, 313, 0
1, 109, 0
1, 182, 0
1, 219, 0
1, 471, 0
1, 417, 0
0, 1678, 0
1, 423, 0
1, 263, 0
1, 307, 0
1, 151, 0
1, 302, 0
1, 231, 1
1, 259, 0
1, 200, 0
1, 238, 0
1, 205, 0
1, 252, 0
1, 27, 0
1, 356, 0
1, 401, 0
1, 128, 0
1, 118, 0
1, 178, 0
1, 173, 1
1, 50, 0
1, 2019, 0
0, 199, 0
1, 99, 0
1, 409, 0
1, 352, 0
1, 271, 0
1, 107, 0
1, 74, 0
0, 1569, 1
1, 469, 1
0, 474, 0
1, 322, 0
1, 197, 0
1, 88, 0
1, 462, 0
1, 479, 0
1, 443, 0
1, 101, 0
0, 417, 0
1, 457, 0
1, 471, 0
1, 317, 0
1, 119, 0
1, 142, 0
1, 635, 0
1, 245, 0
1, 466, 1
0, 170, 1
0, 203, 0
1, 185, 0
1, 224, 0
1, 137, 0
1, 221, 0
1, 269, 0
1, 73, 0
1, 144, 0
1, 328, 0
1, 371, 0
1, 162, 0
1, 55, 1
1, 563, 1
1, 193, 0
1, 219, 0
1, 156, 0
1, 626, 0
1, 224, 0
1, 369, 0
1, 412, 0
1, 764, 0
1, 109, 0
1, 95, 0
1, 198, 0
1, 601, 0
1, 184, 0
1, 411, 0
1, 101, 0
1, 165, 1
0, 4000, 1
0, 4001, 1
0, 4002, 1
0, 4003, 1
0, 4004, 1
0, 4005, 1
1, 501, 0
1, 313, 0
1, 582, 0
1, 544, 0
0, 3329, 1
1, 313, 0
1, 520, 0
1, 505, 0
1, 376, 0
1, 205, 0
1, 89, 0
0, 465, 0
1, 424, 0
1, 22, 1
0, 132, 0
1, 234, 0
0, 46, 0
1, 1704, 0
1, 482, 0
1, 187, 0
1, 222, 0
1, 463, 0
1, 181, 0
1, 383, 0
1, 595, 0
0, 1917, 1
1, 163, 1
1, 135, 0
1, 142, 0
1, 390, 0
1, 223, 0
1, 344, 0
1, 3073, 0
1, 112, 0
1, 320, 0
1, 136, 1
1, 327, 0
1, 330, 0
1, 112, 0
1, 135, 0
0, 2092, 1
1, 220, 0
1, 248, 0
0, 4000, 0
0, 4001, 0
0, 4002, 0
0, 4003, 0
0, 4004, 0
0, 4005, 0
0, 53, 0
0, 121, 1
1, 477, 0
1, 428, 1
0, 1594, 0
1, 375, 0
1, 440, 0
1, 625, 0
1, 476, 0
1, 425, 0
1, 172, 0
1, 360, 1
1, 218, 0
0, 4000, 1
0, 4001, 1
0, 4002, 1
0, 4003, 1
0, 4004, 1
0, 4005, 1
0, 389, 0
1, 241, 1
1, 372, 1
1, 249, 0
1, 166, 0
0, 68, 0
0, 47, 0
1, 396, 0
0, 46, 0
1, 274, 0
1, 90, 1
1, 444, 0
1, 190, 0
0, 2068, 1
1, 316, 0
1, 268, 0
1, 414, 0
1, 338, 0
1, 339, 0
1, 174, 0
1, 237, 0
1, 166, 0
0, 227, 0
1, 86, 0
1, 105, 0
1, 239, 1
1, 190, 0
1, 112, 0
1, 131, 0
1, 69, 0
1, 754, 0
1, 392, 1
1, 152, 0
1, 440, 0
1, 110, 0
1, 100, 0
1, 422, 0
1, 113, 0
1, 360, 0
1, 634, 0
1, 204, 0
1, 406, 0
1, 1, 0
1, 365, 0
1, 132, 0
1, 69, 0
1, 218, 0
1, 425, 0
1, 557, 0
0, 951, 1
1, 455, 0
1, 135, 0
0, 1721, 0
1, 251, 0
1, 82, 1
1, 168, 0
1, 380, 0
1, 332, 0
1, 147, 0
0, 48, 0
1, 159, 0
1, 216, 0
1, 581, 0
1, 82, 0
1, 841, 0
1, 509, 0
1, 117, 0
0, 49, 0
1, 136, 0
1, 193, 1
1, 505, 1
1, 256, 0
1, 48, 0
1, 243, 1
1, 118, 0
1, 613, 0
1, 472, 0
1, 602, 0
1, 323, 0
1, 125, 0
1, 106, 0
1, 113, 0
1, 211, 0
1, 95, 0
1, 350, 0
1, 452, 0
1, 582, 1
1, 140, 0
1, 493, 0
1, 1948, 0
1, 195, 0
0, 4000, 1
0, 4001, 1
0, 4002, 1
0, 4003, 1
0, 4004, 1
0, 4005, 1
1, 426, 0
1, 512, 0
1, 360, 1
1, 209, 0
1, 364, 0
1, 190, 0
1, 328, 1
1, 156, 0
1, 358, 0
0, 4000, 1
0, 4001, 1
0, 4002, 1
0, 4003, 1
0, 4004, 1
0, 4005, 1
1, 154, 0
1, 133, 0
1, 220, 0
0, 149, 0
0, 46, 0
1, 28, 1
1, 283, 0
1, 383, 0
1, 330, 0
1, 224, 1
1, 171, 0
1, 260, 0
1, 343, 0
1, 193, 0
1, 396, 0
1, 91, 0
1, 358, 0
1, 70, 0
1, 494, 0
1, 409, 0
1, 168, 0
1, 445, 0
1, 425, 0
1, 179, 0
1, 109, 0
0, 328, 1
1, 118, 1
1, 591, 0
1, 360, 0
1, 133, 0
1, 502, 0
1, 145, 0
1, 176, 0
1, 228, 0
1, 292, 0
1, 77, 0
1, 199, 0
1, 149, 0
1, 483, 0
1, 95, 0
1, 524, 0
1, 332, 1
1, 354, 0
1, 153, 0
1, 252, 0
1, 346, 0
1, 240, 0
1, 182, 0
1, 105, 0
1, 165, 0
1, 444, 0
1, 418, 0
1, 320, 0
1, 51, 0
1, 21, 0
1, 565, 0
1, 428, 0
0, 4000, 0
0, 4001, 0
0, 4002, 0
0, 4003, 0
0, 4004, 0
0, 4005, 0
1, 225, 0
1, 379, 0
1, 108, 0
1, 421, 1
1, 352, 0
1, 338, 1
1, 396, 0
1, 453, 0
1, 409, 0
1, 380, 0
1, 476, 0
1, 139, 0
1, 319, 0
1, 219, 0
1, 66, 1
0, 4000, 1
0, 4001, 1
0, 4002, 1
0, 4003, 1
0, 4004, 1
0, 4005, 1
1, 27, 0
1, 125, 0
0, 3330, 0
1, 129, 0
1, 211, 0
1, 201, 0
1, 147, 0
1, 337, 0
1, 255, 0
1, 633, 0
1, 125, 1
1, 246, 0
1, 440, 0
1, 273, 0
1, 217, 0
0, 198, 1
1, 365, 0
1, 448, 1
1, 568, 0
1, 491, 1
1, 240, 0
1, 104, 0
0, 4000, 0
0, 4001, 0
0, 4002, 0
0, 4003, 0
0, 4004, 0
0, 4005, 0
1, 443, 0
1, 80, 0
0, 56, 0
0, 51, 0
1, 525, 0
1, 249, 0
1, 431, 0
1, 418, 0
1, 116, 0
0, 4000, 1
0, 4001, 1
0, 4002, 1
0, 4003, 1
0, 4004, 1
0, 4005, 1
1, 178, 0
1, 449, 0
1, 242, 0
1, 86, 0
1, 364, 0
1, 188, 0
1, 444, 0
1, 523, 0
0, 4000, 1
0, 4001, 1
0, 4002, 1
0, 4003, 1
0, 4004, 1
0, 4005, 1
1, 304, 0
1, 483, 0
1, 408, 0
0, 192, 0
1, 100, 0
1, 351, 0
1, 383, 0
1, 35, 1
1, 47, 0
1, 483, 0
1, 272, 0
1, 200, 0
1, 194, 0
1, 222, 0
1, 437, 0
1, 275, 0
1, 584, 0
1, 249, 0
1, 75, 0
1, 205, 0
1, 316, 0
1, 75, 0
1, 69, 0
1, 248, 0
1, 117, 0
1, 158, 0
1, 474, 1
1, 386, 0
1, 504, 0
1, 374, 0
1, 95, 0
1, 292, 0
1, 556, 0
1, 368, 1
1, 184, 0
1, 190, 0
1, 412, 0
1, 387, 1
1, 951, 0
1, 314, 0
1, 498, 0
1, 443, 0
1, 102, 0
1, 351, 0
1, 445, 0
1, 766, 0
1, 607, 0
1, 91, 0
1, 83, 0
0, 4000, 1
0, 4001, 1
0, 4002, 1
0, 4003, 1
0, 4004, 1
0, 4005, 1
1, 471, 0
1, 313, 0
1, 128, 0
1, 423, 0
1, 320, 0
1, 137, 0
1, 486, 0
1, 74, 0
1, 355, 0
1, 92, 0
1, 444, 0
0, 259, 0
1, 344, 0
1, 358, 0
1, 405, 0
1, 132, 0
0, 234, 0
1, 190, 0
1, 145, 0
1, 283, 0
1, 397, 0
0, 45, 0
1, 310, 0
1, 28, 0
1, 460, 0
0, 269, 0
1, 454, 0
1, 451, 0
1, 122, 0
1, 324, 0
1, 482, 1
1, 173, 0
1, 343, 0
1, 54, 0
1, 517, 0
1, 376, 0
1, 246, 0
1, 122, 0
1, 403, 1
1, 569, 0
1, 248, 0
1, 479, 0
1, 460, 0
1, 390, 0
1, 105, 1
1, 496, 0
0, 58, 0
1, 82, 0
1, 382, 0
1, 340, 1
1, 277, 0
1, 132, 0
1, 124, 0
1, 488, 0
1, 155, 0
1, 236, 0
1, 143, 0
1, 465, 0
1, 283, 0
1, 441, 0
1, 465, 0
1, 96, 0
0, 4000, 1
0, 4001, 1
0, 4002, 1
0, 4003, 1
0, 4004, 1
0, 4005, 1
1, 378, 0
0, 772, 0
1, 151, 0
1, 226, 0
1, 365, 0
1, 171, 0
1, 204, 0
1, 79, 1
1, 882, 0
1, 126, 0
1, 344, 0
1, 168, 0
1, 88, 0
1, 452, 0
1, 305, 0
0, 4000, 0
0, 4001, 0
0, 4002, 0
0, 4003, 0
0, 4004, 0
0, 4005, 0
1, 109, 0
1, 322, 1
1, 522, 0
0, 1701, 0
1, 288, 0
1, 411, 0
1, 198, 0
1, 186, 0
1, 205, 0
1, 327, 0
1, 295, 0
1, 161, 0
1, 117, 1
0, 46, 0
1, 432, 0
1, 2722, 0
1, 139, 0
1, 454, 0
1, 154, 0
1, 549, 0
1, 222, 0
1, 265, 0
1, 276, 0
1, 266, 0
1, 169, 0
1, 171, 0
1, 188, 0
1, 449, 0
1, 488, 0
1, 359, 0
1, 478, 0
1, 287, 1
1, 271, 0
1, 535, 1
1, 318, 0
1, 454, 0
1, 517, 0
1, 419, 0
1, 168, 0
1, 131, 0
1, 320, 0
1, 490, 0
1, 323, 0
1, 194, 0
1, 537, 0
1, 249, 0
1, 351, 0
1, 569, 0
1, 165, 0
1, 805, 0
1, 441, 0
1, 312, 0
1, 152, 0
1, 2964, 0
1, 446, 0
1, 404, 0
1, 312, 1
1, 124, 0
1, 327, 0
1, 474, 0
1, 758, 0
0, 1391, 0
1, 401, 0
1, 29, 0
1, 405, 0
1, 474, 0
1, 571, 0
1, 151, 0
1, 295, 0
1, 124, 0
1, 117, 0
0, 4000, 1
0, 4001, 1
0, 4002, 1
0, 4003, 1
0, 4004, 1
0, 4005, 1
0, 249, 0
1, 214, 1
1, 223, 0
1, 416, 1
1, 453, 0
1, 494, 0
1, 114, 0
1, 385, 0
0, 210, 0
1, 148, 0
1, 150, 0
1, 1295, 0
1, 196, 0
0, 46, 0
1, 210, 0
1, 383, 0
1, 431, 0
1, 511, 1
1, 130, 0
1, 349, 0
1, 298, 0
1, 156, 0
1, 878, 0
1, 517, 1
1, 69, 0
1, 360, 0
1, 252, 0
0, 326, 0
1, 150, 0
1, 511, 0
1, 24, 0
1, 192, 0
1, 390, 0
1, 325, 0
1, 386, 0
1, 612, 0
1, 130, 0
1, 529, 0
1, 446, 0
1, 502, 0
1, 169, 0
1, 135, 0
1, 327, 0
1, 505, 0
1, 291, 0
1, 1437, 0
1, 157, 1
1, 68, 1
1, 672, 0
1, 1421, 0
1, 173, 0
1, 218, 0
1, 35, 0
0, 46, 0
1, 367, 0
1, 349, 0
1, 484, 0
1, 573, 0
1, 350, 0
0, 4000, 1
0, 4001, 1
0, 4002, 1
0, 4003, 1
0, 4004, 1
0, 4005, 1
1, 172, 0
1, 388, 0
1, 135, 0
1, 479, 0
1, 227, 0
1, 133, 0
1, 248, 0
0, 195, 0
0, 205, 0
1, 97, 1
1, 513, 0
1, 216, 0
1, 302, 0
1, 381, 0
1, 489, 0
1, 411, 0
1, 211, 0
1, 145, 0
1, 419, 0
1, 473, 0
1, 159, 0
0, 4000, 1
0, 4001, 1
0, 4002, 1
0, 4003, 1
0, 4004, 1
0, 4005, 1
1, 141, 1
1, 342, 0
1, 440, 1
1, 558, 0
1, 865, 0
0, 94, 0
0, 173, 0
1, 424, 0
1, 101, 0
1, 157, 0
1, 479, 0
1, 81, 0
1, 465, 0
1, 651, 0
1, 166, 0
1, 443, 0
0, 4000, 0
0, 4001, 0
0, 4002, 0
0, 4003, 0
0, 4004, 0
0, 4005, 0
1, 432, 0
1, 548, 1
1, 182, 0
1, 102, 1
1, 349, 0
0, 4000, 1
0, 4001, 1
0, 4002, 1
0, 4003, 1
0, 4004, 1
0, 4005, 1
1, 170, 0
1, 102, 0
1, 1412, 0
1, 119, 0
1, 281, 0
1, 183, 0
0, 290, 0
1, 147, 1
1, 1101, 0
1, 224, 0
1, 408, 0
1, 348, 0
1, 480, 0
1, 406, 0
1, 597, 0
1, 528, 0
0, 277, 0
0, 225, 0
1, 122, 0
0, 235, 0
1, 133, 0
1, 176, 0
1, 356, 0
1, 72, 0
1, 143, 0
0, 386, 0
1, 258, 0
1, 208, 0
0, 46, 0
0, 239, 0
1, 205, 1
1, 308, 0
1, 321, 1
1, 225, 0
1, 393, 0
1, 402, 0
1, 171, 1
1, 128, 0
1, 514, 1
1, 495, 0
0, 1438, 0
0, 248, 0
0, 94, 0
1, 298, 0
0, 4000, 1
0, 4001, 1
0, 4002, 1
0, 4003, 1
0, 4004, 1
0, 4005, 1
1, 449, 0
1, 78, 0
1, 7, 0
0, 507, 1
1, 301, 0
1, 491, 0
1, 123, 0
1, 288, 0
1, 506, 0
1, 528, 0
1, 133, 0
1, 271, 0
1, 179, 0
0, 862, 0
1, 297, 1
1, 160, 0
1, 483, 0
1, 471, 0
1, 366, 0
1, 446, 0
1, 206, 0
1, 220, 0
1, 428, 1
1, 467, 0
1, 241, 0
1, 240, 0
1, 225, 0
1, 405, 0
1, 93, 0
0, 4000, 1
0, 4001, 1
0, 4002, 1
0, 4003, 1
0, 4004, 1
0, 4005, 1
1, 454, 0
1, 239, 0
1, 281, 0
1, 697, 0
1, 184, 1
1, 408, 0
1, 410, 0
1, 365, 0
0, 1264, 1
1, 200, 0
1, 191, 1
1, 229, 0
1, 206, 0
1, 590, 0
1, 154, 0
1, 94, 0
1, 273, 0
1, 141, 0
0, 4000, 1
0, 4001, 1
0, 4002, 1
0, 4003, 1
0, 4004, 1
0, 4005, 1
1, 138, 0
0, 1831, 0
1, 224, 0
1, 427, 0
1, 177, 0
1, 397, 0
1, 96, 1
1, 344, 0
1, 401, 0
1, 136, 0
0, 4000, 1
0, 4001, 1
0, 4002, 1
0, 4003, 1
0, 4004, 1
0, 4005, 1
1, 463, 0
1, 2322, 0
1, 212, 0
1, 175, 0
1, 377, 0
1, 582, 0
1, 38, 0
1, 341, 1
0, 4000, 1
0, 4001, 1
0, 4002, 1
0, 4003, 1
0, 4004, 1
0, 4005, 1
1, 83, 0
0, 297, 1
1, 143, 0
1, 202, 0
1, 595, 0
0, 799, 1
1, 375, 0
1, 235, 0
1, 454, 0
1, 97, 0
1, 384, 0
1, 425, 0
1, 164, 0
1, 370, 0
1, 220, 0
1, 420, 1
1, 549, 0
1, 315, 0
1, 459, 0
1, 376, 0
1, 305, 0
0, 4000, 1
0, 4001, 1
0, 4002, 1
0, 4003, 1
0, 4004, 1
0, 4005, 1
1, 330, 0
1, 473, 0
1, 490, 0
1, 285, 0
1, 292, 0
0, 4000, 1
0, 4001, 1
0, 4002, 1
0, 4003, 1
0, 4004, 1
0, 4005, 1
0, 209, 0
0, 1110, 1
1, 1419, 0
1, 460, 0
1, 659, 0
1, 576, 0
1, 239, 0
0, 504, 0
1, 145, 0
1, 488, 0
1, 506, 0
0, 94, 0
1, 167, 0
1, 134, 0
0, 4000, 1
0, 4001, 1
0, 4002, 1
0, 4003, 1
0, 4004, 1
0, 4005, 1
1, 471, 1
1, 313, 0
1, 420, 0
0, 4000, 1
0, 4001, 1
0, 4002, 1
0, 4003, 1
0, 4004, 1
0, 4005, 1
1, 478, 0
0, 46, 0
1, 732, 0
1, 119, 0
1, 171, 0
0, 4000, 1
0, 4001, 1
0, 4002, 1
0, 4003, 1
0, 4004, 1
0, 4005, 1
1, 230, 0
1, 501, 0
1, 468, 0
1, 416, 0
1, 222, 0
0, 175, 0
0, 2204, 1
0, 46, 0
1, 84, 0
1, 471, 0
1, 445, 0
1, 105, 0
1, 216, 0
1, 415, 0
0, 1444, 1
1, 116, 0
1, 395, 0
1, 157, 0
0, 310, 0
1, 186, 0
1, 342, 0
1, 367, 0
1, 355, 0
0, 4000, 1
0, 4001, 1
0, 4002, 1
0, 4003, 1
0, 4004, 1
0, 4005, 1
1, 285, 0
1, 115, 0
1, 268, 0
0, 501, 1
1, 499, 0
1, 203, 0
1, 511, 0
0, 1568, 0
1, 192, 1
1, 307, 0
1, 449, 0
0, 46, 0
1, 452, 0
1, 331, 0
0, 4000, 1
0, 4001, 1
0, 4002, 1
0, 4003, 1
0, 4004, 1
0, 4005, 1
1, 261, 1
1, 322, 0
0, 3825, 0
1, 545, 1
1, 129, 0
1, 610, 0
1, 564, 0
1, 144, 0
1, 113, 0
1, 477, 0
1, 338, 1
1, 441, 0
1, 497, 0
1, 247, 0
1, 439, 0
1, 470, 0
1, 140, 0
1, 109, 0
1, 167, 0
1, 436, 0
1, 370, 0
1, 193, 0
1, 98, 0
1, 330, 0
1, 489, 0
1, 424, 0
0, 4000, 1
0, 4001, 1
0, 4002, 1
0, 4003, 1
0, 4004, 1
0, 4005, 1
1, 365, 0
1, 276, 0
1, 373, 0
1, 425, 0
1, 401, 0
1, 555, 0
1, 432, 0
1, 586, 0
1, 419, 0
1, 385, 0
1, 121, 0
1, 427, 0
0, 49, 0
1, 226, 0
1, 108, 0
1, 3847, 0
1, 143, 0
1, 314, 0
0, 242, 0
1, 195, 0
1, 247, 0
1, 376, 0
1, 257, 0
1, 204, 0
1, 331, 0
0, 56, 0
1, 420, 0
1, 396, 0
1, 297, 0
1, 604, 1
1, 314, 0
1, 133, 0
0, 195, 0
1, 140, 0
1, 368, 0
1, 244, 0
1, 102, 1
1, 510, 0
1, 532, 0
1, 163, 0
1, 225, 0
1, 345, 0
1, 548, 0
1, 497, 1
1, 53, 0
1, 363, 1
1, 150, 0
0, 4000, 1
0, 4001, 1
0, 4002, 1
0, 4003, 1
0, 4004, 1
0, 4005, 1
1, 107, 0
1, 399, 1
1, 409, 0
1, 97, 0
0, 532, 1
1, 146, 0
1, 98, 0
1, 189, 1
1, 347, 0
1, 980, 0
1, 190, 0
0, 4000, 1
0, 4001, 1
0, 4002, 1
0, 4003, 1
0, 4004, 1
0, 4005, 1
1, 322, 0
1, 383, 0
1, 475, 0
1, 131, 0
1, 80, 0
1, 269, 0
1, 153, 0
1, 189, 0
1, 185, 0
1, 229, 0
1, 466, 0
1, 88, 0
1, 361, 0
1, 370, 0
1, 453, 0
1, 271, 0
1, 538, 0
1, 280, 0
0, 4000, 0
0, 4001, 0
0, 4002, 0
0, 4003, 0
0, 4004, 0
0, 4005, 0
1, 172, 0
1, 124, 0
1, 291, 0
1, 577, 0
1, 51, 1
1, 202, 0
1, 457, 0
1, 390, 0
1, 478, 0
1, 440, 0
1, 284, 0
0, 2873, 0
1, 317, 0
1, 96, 0
1, 415, 0
1, 259, 0
1, 278, 0
1, 257, 0
0, 405, 0
1, 447, 0
1, 321, 0
1, 593, 0
1, 89, 1
1, 99, 0
1, 356, 0
1, 464, 0
1, 526, 0
1, 149, 0
1, 351, 0
1, 89, 0
0, 4000, 0
0, 4001, 0
0, 4002, 0
0, 4003, 0
0, 4004, 0
0, 4005, 0
1, 291, 0
1, 283, 0
1, 115, 0
1, 408, 0
1, 466, 0
1, 206, 0
1, 308, 0
1, 132, 0
1, 399, 0
1, 29, 0
1, 480, 0
1, 448, 0
1, 111, 0
1, 432, 0
0, 741, 1
1, 227, 1
1, 133, 0
1, 109, 0
1, 131, 0
1, 135, 0
1, 427, 0
1, 391, 0
1, 514, 0
1, 225, 0
1, 270, 0
1, 196, 0
1, 474, 0
0, 230, 0
1, 357, 0
1, 462, 1
1, 441, 0
1, 384, 0
1, 28, 0
1, 204, 0
1, 560, 0
1, 462, 1
1, 437, 0
1, 438, 0
0, 4000, 1
0, 4001, 1
0, 4002, 1
0, 4003, 1
0, 4004, 1
0, 4005, 1
1, 74, 0
1, 347, 0
1, 474, 0
1, 475, 0
1, 951, 0
1, 361, 0
1, 119, 0
0, 267, 0
1, 104, 0
1, 495, 0
1, 542, 0
1, 185, 0
1, 483, 0
1, 291, 0
1, 115, 0
1, 82, 1
1, 256, 1
1, 35, 0
0, 1806, 1
0, 4000, 1
0, 4001, 1
0, 4002, 1
0, 4003, 1
0, 4004, 1
0, 4005, 1
1, 105, 0
1, 210, 0
1, 431, 0
1, 537, 0
1, 220, 0
1, 293, 1
1, 152, 0
1, 239, 0
1, 120, 1
1, 762, 0
1, 182, 0
0, 223, 0
1, 195, 0
1, 135, 0
1, 207, 0
0, 4000, 1
0, 4001, 1
0, 4002, 1
0, 4003, 1
0, 4004, 1
0, 4005, 1
1, 581, 0
1, 480, 0
1, 358, 0
1, 444, 1
0, 2601, 1
1, 186, 0
1, 225, 0
1, 200, 0
1, 453, 0
1, 122, 0
1, 151, 0
1, 97, 0
0, 4000, 1
0, 4001, 1
0, 4002, 1
0, 4003, 1
0, 4004, 1
0, 4005, 1
1, 868, 0
1, 280, 0
1, 152, 0
1, 196, 0
0, 4000, 1
0, 4001, 1
0, 4002, 1
0, 4003, 1
0, 4004, 1
0, 4005, 1
1, 193, 0
0, 4000, 1
0, 4001, 1
0, 4002, 1
0, 4003, 1
0, 4004, 1
0, 4005, 1
1, 431, 0
1, 220, 0
1, 313, 1
1, 165, 0
1, 126, 0
1, 294, 0
1, 414, 0
1, 354, 0
0, 207, 0
1, 457, 1
1, 424, 0
1, 270, 1
1, 341, 1
1, 75, 0
1, 190, 0
1, 92, 0
1, 95, 0
1, 341, 0
1, 580, 0
1, 387, 0
1, 429, 0
0, 4000, 1
0, 4001, 1
0, 4002, 1
0, 4003, 1
0, 4004, 1
0, 4005, 1
0, 94, 0
1, 377, 0
1, 437, 0
1, 351, 1
1, 59, 0
1, 314, 0
0, 4000, 0
0, 4001, 0
0, 4002, 0
0, 4003, 0
0, 4004, 0
0, 4005, 0
1, 322, 1
1, 201, 0
1, 129, 0
1, 344, 0
1, 580, 1
1, 514, 0
1, 752, 0
1, 381, 0
0, 4000, 1
0, 4001, 1
0, 4002, 1
0, 4003, 1
0, 4004, 1
0, 4005, 1
1, 263, 0
1, 107, 0
1, 156, 0
1, 182, 0
1, 418, 0
1, 363, 0
1, 321, 0
1, 473, 0
1, 234, 1
0, 4000, 1
0, 4001, 1
0, 4002, 1
0, 4003, 1
0, 4004, 1
0, 4005, 1
1, 96, 0
1, 316, 0
1, 313, 0
1, 184, 0
1, 108, 1
1, 452, 0
1, 122, 1
1, 576, 1
1, 375, 0
1, 91, 0
1, 179, 0
1, 326, 1
1, 183, 0
1, 136, 0
1, 101, 0
1, 75, 0
1, 124, 0
1, 183, 0
1, 812, 0
0, 59, 0
1, 73, 0
1, 591, 0
1, 411, 0
1, 386, 1
1, 355, 0
1, 232, 0
1, 110, 0
1, 150, 0
1, 206, 0
1, 409, 0
1, 132, 0
1, 136, 0
1, 451, 0
1, 113, 0
1, 529, 0
1, 61, 0
1, 464, 0
1, 155, 0
1, 211, 0
1, 186, 0
1, 505, 0
1, 367, 0
1, 732, 1
1, 351, 0
1, 506, 0
1, 3973, 0
0, 4000, 1
0, 4001, 1
0, 4002, 1
0, 4003, 1
0, 4004, 1
0, 4005, 1
1, 119, 0
1, 112, 0
0, 90, 0
1, 333, 0
0, 219, 0
1, 350, 0
1, 410, 0
1, 468, 0
1, 134, 0
1, 217, 0
1, 556, 0
1, 165, 0
1, 528, 0
1, 476, 0
0, 4000, 1
0, 4001, 1
0, 4002, 1
0, 4003, 1
0, 4004, 1
0, 4005, 1
0, 4000, 1
0, 4001, 1
0, 4002, 1
0, 4003, 1
0, 4004, 1
0, 4005, 1
0, 4000, 0
0, 4001, 0
0, 4002, 0
0, 4003, 0
0, 4004, 0
0, 4005, 0
1, 332, 0
1, 245, 0
1, 289, 0
1, 26, 0
1, 473, 1
1, 350, 0
1, 360, 1
1, 419, 0
1, 289, 1
1, 73, 0
1, 187, 0
1, 118, 0
1, 495, 0
1, 505, 0
1, 322, 0
1, 90, 0
1, 298, 1
1, 328, 0
1, 478, 0
1, 776, 0
1, 146, 0
1, 425, 0
1, 460, 0
1, 206, 0
1, 476, 1
1, 448, 0
1, 132, 0
1, 185, 0
1, 395, 0
1, 441, 0
1, 226, 0
1, 261, 0
0, 4000, 1
0, 4001, 1
0, 4002, 1
0, 4003, 1
0, 4004, 1
0, 4005, 1
1, 479, 0
1, 355, 0
1, 358, 0
1, 531, 0
1, 198, 0
1, 355, 0
1, 466, 0
0, 52, 0
1, 248, 0
1, 244, 0
1, 69, 0
1, 332, 0
1, 786, 0
0, 4000, 1
0, 4001, 1
0, 4002, 1
0, 4003, 1
0, 4004, 1
0, 4005, 1
1, 118, 0
1, 189, 0
1, 456, 0
1, 145, 0
1, 82, 0
1, 495, 0
1, 252, 0
1, 443, 0
1, 126, 0
1, 172, 0
1, 325, 0
1, 110, 0
1, 79, 0
0, 4000, 1
0, 4001, 1
0, 4002, 1
0, 4003, 1
0, 4004, 1
0, 4005, 1
1, 480, 0
1, 446, 0
1, 556, 1
0, 4000, 1
0, 4001, 1
0, 4002, 1
0, 4003, 1
0, 4004, 1
0, 4005, 1
1, 440, 0
1, 92, 0
1, 437, 1
1, 222, 0
1, 314, 0
1, 199, 0
0, 708, 0
1, 709, 0
1, 1338, 0
1, 331, 0
1, 178, 0
1, 432, 0
1, 298, 0
1, 441, 0
1, 131, 0
1, 474, 0
1, 227, 0
0, 4000, 0
0, 4001, 0
0, 4002, 0
0, 4003, 0
0, 4004, 0
0, 4005, 0
1, 476, 0
1, 211, 0
1, 162, 0
1, 355, 0
1, 418, 0
1, 236, 0
1, 167, 0
1, 124, 1
1, 224, 0
1, 434, 0
1, 205, 0
1, 175, 0
0, 190, 0
1, 192, 0
1, 117, 0
1, 81, 0
1, 226, 0
1, 280, 1
1, 382, 0
1, 110, 0
1, 268, 0
1, 320, 0
1, 324, 0
1, 197, 0
1, 379, 0
0, 1804, 1
1, 198, 0
1, 2418, 0
1, 90, 0
1, 228, 0
1, 456, 0
1, 322, 0
1, 309, 0
1, 147, 0
1, 129, 1
0, 4000, 1
0, 4001, 1
0, 4002, 1
0, 4003, 1
0, 4004, 1
0, 4005, 1
1, 283, 0
1, 519, 0
1, 131, 0
1, 119, 0
1, 482, 0
1, 391, 0
0, 868, 0
1, 355, 1
1, 58, 0
1, 345, 0
1, 321, 0
1, 93, 1
1, 229, 0
1, 218, 0
1, 378, 0
1, 198, 0
1, 187, 0
1, 498, 0
1, 193, 0
1, 358, 0
1, 437, 1
0, 4000, 0
0, 4001, 0
0, 4002, 0
0, 4003, 0
0, 4004, 0
0, 4005, 0
1, 78, 0
0, 956, 1
0, 4000, 1
0, 4001, 1
0, 4002, 1
0, 4003, 1
0, 4004, 1
0, 4005, 1
1, 182, 0
0, 1490, 1
1, 517, 0
1, 946, 0
1, 315, 0
1, 922, 0
1, 353, 0
1, 298, 1
0, 535, 0
1, 326, 0
1, 374, 0
1, 81, 0
1, 158, 0
1, 183, 0
1, 613, 0
1, 69, 0
1, 434, 0
1, 468, 0
1, 152, 0
1, 320, 0
1, 597, 0
1, 470, 0
1, 173, 0
1, 284, 0
1, 102, 0
1, 504, 0
1, 95, 0
1, 327, 0
1, 253, 0
1, 439, 1
1, 95, 0
1, 486, 0
1, 163, 0
1, 500, 0
1, 519, 0
1, 56, 0
0, 4000, 1
0, 4001, 1
0, 4002, 1
0, 4003, 1
0, 4004, 1
0, 4005, 1
1, 496, 0
1, 77, 0
1, 554, 0
1, 214, 0
1, 323, 1
1, 131, 0
1, 608, 0
1, 399, 0
0, 4000, 1
0, 4001, 1
0, 4002, 1
0, 4003, 1
0, 4004, 1
0, 4005, 1
0, 472, 0
1, 421, 0
0, 4000, 1
0, 4001, 1
0, 4002, 1
0, 4003, 1
0, 4004, 1
0, 4005, 1
1, 3296, 0
1, 154, 0
1, 92, 0
1, 135, 0
1, 118, 0
1, 600, 0
1, 520, 1
1, 404, 0
1, 719, 0
1, 80, 0
1, 366, 0
1, 111, 0
1, 388, 0
1, 530, 0
1, 324, 0
1, 366, 0
0, 154, 0
0, 4000, 0
0, 4001, 0
0, 4002, 0
0, 4003, 0
0, 4004, 0
0, 4005, 0
1, 322, 0
1, 101, 0
1, 529, 0
0, 4000, 1
0, 4001, 1
0, 4002, 1
0, 4003, 1
0, 4004, 1
0, 4005, 1
1, 190, 0
1, 78, 0
1, 572, 0
1, 82, 0
0, 926, 1
1, 257, 0
1, 123, 0
1, 239, 0
1, 100, 1
0, 110, 0
1, 519, 0
1, 533, 0
0, 4000, 1
0, 4001, 1
0, 4002, 1
0, 4003, 1
0, 4004, 1
0, 4005, 1
1, 306, 0
1, 2057, 0
0, 110, 0
1, 1023, 0
1, 446, 0
1, 154, 0
1, 407, 0
0, 4000, 0
0, 4001, 0
0, 4002, 0
0, 4003, 0
0, 4004, 0
0, 4005, 0
1, 566, 0
1, 149, 0
1, 419, 0
0, 4000, 1
0, 4001, 1
0, 4002, 1
0, 4003, 1
0, 4004, 1
0, 4005, 1
0, 4000, 0
0, 4001, 0
0, 4002, 0
0, 4003, 0
0, 4004, 0
0, 4005, 0
1, 501, 0
1, 115, 0
1, 338, 0
0, 3134, 1
1, 532, 0
1, 364, 0
1, 276, 0
0, 511, 0
1, 441, 0
1, 146, 0
1, 137, 0
1, 1829, 0
0, 197, 0
1, 415, 0
1, 283, 0
0, 4000, 1
0, 4001, 1
0, 4002, 1
0, 4003, 1
0, 4004, 1
0, 4005, 1
1, 100, 0
1, 452, 0
1, 130, 0
1, 340, 0
1, 151, 0
1, 320, 0
0, 385, 0
1, 150, 0
1, 391, 0
1, 164, 0
1, 498, 1
1, 74, 0
1, 305, 0
1, 414, 0
1, 98, 0
1, 452, 0
1, 370, 1
1, 562, 0
1, 531, 0
0, 205, 0
0, 390, 0
1, 167, 0
1, 102, 0
1, 967, 1
1, 319, 0
1, 346, 0
1, 154, 0
1, 370, 0
1, 389, 0
0, 4000, 1
0, 4001, 1
0, 4002, 1
0, 4003, 1
0, 4004, 1
0, 4005, 1
1, 203, 0
1, 440, 0
1, 389, 0
1, 158, 0
0, 4000, 1
0, 4001, 1
0, 4002, 1
0, 4003, 1
0, 4004, 1
0, 4005, 1
1, 137, 1
1, 418, 0
1, 230, 0
1, 74, 0
1, 188, 0
1, 633, 0
0, 4000, 1
0, 4001, 1
0, 4002, 1
0, 4003, 1
0, 4004, 1
0, 4005, 1
1, 100, 0
1, 447, 0
1, 253, 0
1, 149, 0
1, 131, 0
1, 425, 0
1, 380, 0
1, 131, 0
1, 171, 0
1, 8, 0
1, 452, 0
1, 86, 0
1, 454, 0
1, 477, 0
1, 120, 0
1, 139, 1
1, 177, 1
1, 389, 0
1, 96, 0
1, 136, 0
1, 625, 0
1, 446, 0
0, 1092, 0
1, 120, 1
1, 443, 1
1, 199, 0
1, 440, 1
1, 479, 0
0, 4000, 1
0, 4001, 1
0, 4002, 1
0, 4003, 1
0, 4004, 1
0, 4005, 1
1, 341, 1
1, 518, 0
1, 228, 0
1, 156, 0
1, 354, 0
1, 68, 1
1, 1, 1
1, 217, 1
1, 460, 0
0, 4000, 1
0, 4001, 1
0, 4002, 1
0, 4003, 1
0, 4004, 1
0, 4005, 1
1, 438, 0
1, 360, 0
0, 4000, 1
0, 4001, 1
0, 4002, 1
0, 4003, 1
0, 4004, 1
0, 4005, 1
1, 246, 0
1, 110, 0
0, 4000, 0
0, 4001, 0
0, 4002, 0
0, 4003, 0
0, 4004, 0
0, 4005, 0
1, 113, 0
1, 229, 0
0, 4000, 1
0, 4001, 1
0, 4002, 1
0, 4003, 1
0, 4004, 1
0, 4005, 1
1, 122, 0
1, 166, 0
1, 408, 0
1, 214, 0
1, 301, 0
1, 502, 0
1, 107, 0
1, 496, 0
0, 4000, 0
0, 4001, 0
0, 4002, 0
0, 4003, 0
0, 4004, 0
0, 4005, 0
1, 260, 0
1, 484, 0
0, 4000, 0
0, 4001, 0
0, 4002, 0
0, 4003, 0
0, 4004, 0
0, 4005, 0
1, 82, 0
1, 311, 1
1, 274, 0
1, 284, 0
1, 341, 0
1, 220, 0
1, 335, 0
1, 785, 0
1, 358, 0
1, 87, 0
1, 160, 1
1, 117, 0
1, 45, 0
1, 90, 0
1, 148, 0
1, 332, 0
1, 91, 1
1, 203, 0
1, 286, 0
1, 189, 0
1, 378, 0
1, 692, 0
1, 465, 0
0, 165, 0
1, 110, 0
1, 238, 0
1, 491, 0
1, 477, 0
1, 404, 0
1, 359, 0
1, 35, 0
1, 403, 0
1, 77, 0
1, 519, 0
1, 454, 0
1, 422, 0
1, 453, 0
1, 1975, 0
1, 321, 0
1, 345, 0
1, 560, 0
1, 351, 0
1, 372, 0
1, 212, 0
1, 148, 0
1, 297, 0
1, 295, 0
1, 176, 1
1, 219, 0
1, 129, 0
0, 56, 0
1, 530, 0
0, 4000, 1
0, 4001, 1
0, 4002, 1
0, 4003, 1
0, 4004, 1
0, 4005, 1
1, 1047, 1
1, 452, 0
1, 30, 0
1, 290, 1
1, 84, 0
1, 190, 0
0, 722, 0
1, 434, 0
1, 558, 0
1, 345, 0
1, 242, 0
1, 486, 0
1, 160, 0
1, 426, 0
0, 137, 0
1, 111, 0
1, 479, 0
1, 100, 0
1, 592, 0
1, 529, 0
1, 235, 0
1, 339, 0
1, 127, 0
0, 45, 0
0, 209, 0
1, 24, 0
1, 89, 0
1, 352, 0
1, 591, 0
1, 87, 0
0, 4000, 0
0, 4001, 0
0, 4002, 0
0, 4003, 0
0, 4004, 0
0, 4005, 0
1, 469, 0
1, 87, 0
0, 4000, 1
0, 4001, 1
0, 4002, 1
0, 4003, 1
0, 4004, 1
0, 4005, 1
1, 160, 1
1, 262, 0
1, 88, 0
1, 214, 0
1, 345, 0
1, 341, 0
1, 531, 0
1, 154, 0
1, 103, 0
1, 522, 0
1, 484, 0
1, 235, 0
1, 168, 0
0, 1077, 0
1, 156, 0
1, 168, 0
1, 131, 0
1, 331, 0
1, 203, 1
1, 169, 0
1, 233, 0
1, 25, 0
1, 342, 0
1, 355, 0
1, 468, 0
1, 472, 0
1, 1105, 0
1, 477, 0
0, 484, 1
0, 386, 0
1, 146, 0
1, 172, 0
1, 346, 0
1, 254, 0
1, 751, 0
0, 4000, 1
0, 4001, 1
0, 4002, 1
0, 4003, 1
0, 4004, 1
0, 4005, 1
1, 524, 0
1, 243, 1
1, 114, 1
1, 422, 0
1, 115, 0
1, 584, 0
1, 390, 1
1, 292, 1
1, 462, 0
1, 193, 1
1, 240, 0
1, 119, 0
1, 68, 1
1, 410, 0
1, 434, 0
1, 294, 0
1, 124, 0
1, 408, 0
0, 4000, 1
0, 4001, 1
0, 4002, 1
0, 4003, 1
0, 4004, 1
0, 4005, 1
1, 566, 0
1, 148, 0
1, 431, 0
1, 153, 0
1, 299, 0
0, 4000, 1
0, 4001, 1
0, 4002, 1
0, 4003, 1
0, 4004, 1
0, 4005, 1
1, 136, 1
1, 188, 0
1, 1, 1
0, 4000, 1
0, 4001, 1
0, 4002, 1
0, 4003, 1
0, 4004, 1
0, 4005, 1
1, 189, 0
1, 473, 0
1, 250, 0
1, 223, 0
1, 404, 0
1, 577, 0
1, 367, 0
1, 261, 0
1, 463, 0
1, 185, 0
1, 67, 0
1, 197, 0
1, 600, 0
1, 317, 0
0, 4000, 1
0, 4001, 1
0, 4002, 1
0, 4003, 1
0, 4004, 1
0, 4005, 1
1, 142, 0
1, 1615, 0
1, 202, 0
0, 244, 0
1, 372, 0
1, 424, 0
1, 1001, 0
1, 558, 0
1, 464, 1
1, 149, 0
1, 87, 0
1, 291, 0
1, 632, 0
1, 127, 0
1, 384, 0
1, 182, 0
1, 479, 0
1, 91, 0
0, 4000, 1
0, 4001, 1
0, 4002, 1
0, 4003, 1
0, 4004, 1
0, 4005, 1
1, 330, 0
1, 558, 0
1, 204, 0
0, 4000, 1
0, 4001, 1
0, 4002, 1
0, 4003, 1
0, 4004, 1
0, 4005, 1
1, 288, 0
1, 339, 0
1, 250, 0
1, 516, 0
1, 106, 0
1, 411, 0
1, 563, 0
0, 4000, 1
0, 4001, 1
0, 4002, 1
0, 4003, 1
0, 4004, 1
0, 4005, 1
1, 74, 0
1, 168, 0
1, 394, 0
1, 557, 0
1, 239, 1
0, 4000, 1
0, 4001, 1
0, 4002, 1
0, 4003, 1
0, 4004, 1
0, 4005, 1
1, 444, 0
1, 270, 0
1, 316, 0
1, 389, 0
1, 197, 0
1, 546, 0
1, 363, 0
0, 94, 0
1, 354, 0
0, 4000, 1
0, 4001, 1
0, 4002, 1
0, 4003, 1
0, 4004, 1
0, 4005, 1
1, 411, 0
1, 458, 0
0, 4000, 1
0, 4001, 1
0, 4002, 1
0, 4003, 1
0, 4004, 1
0, 4005, 1
1, 234, 0
1, 336, 0
1, 532, 0
1, 1017, 0
1, 257, 0
0, 57, 0
1, 123, 0
1, 410, 0
1, 155, 1
1, 93, 0
1, 135, 0
1, 230, 0
1, 470, 0
1, 382, 0
1, 105, 0
1, 383, 0
1, 124, 0
1, 180, 1
0, 50, 0
1, 378, 0
1, 230, 1
1, 200, 0
0, 4000, 1
0, 4001, 1
0, 4002, 1
0, 4003, 1
0, 4004, 1
0, 4005, 1
1, 34, 0
1, 177, 0
1, 426, 0
0, 1231, 0
1, 503, 0
1, 204, 0
1, 287, 0
0, 4000, 0
0, 4001, 0
0, 4002, 0
0, 4003, 0
0, 4004, 0
0, 4005, 0
1, 130, 0
1, 146, 0
1, 324, 0
1, 291, 0
1, 74, 0
1, 378, 0
1, 144, 0
1, 77, 0
1, 79, 0
1, 118, 0
1, 217, 0
0, 4000, 1
0, 4001, 1
0, 4002, 1
0, 4003, 1
0, 4004, 1
0, 4005, 1
1, 218, 0
1, 178, 0
1, 746, 0
1, 576, 1
1, 354, 0
1, 208, 0
1, 620, 0
1, 299, 0
1, 525, 0
1, 307, 0
1, 394, 0
1, 415, 1
1, 188, 0
1, 198, 0
1, 456, 0
1, 231, 0
0, 4000, 1
0, 4001, 1
0, 4002, 1
0, 4003, 1
0, 4004, 1
0, 4005, 1
1, 156, 0
1, 638, 0
1, 139, 0
1, 462, 0
0, 4000, 1
0, 4001, 1
0, 4002, 1
0, 4003, 1
0, 4004, 1
0, 4005, 1
1, 480, 0
1, 1028, 1
0, 50, 0
1, 316, 0
1, 206, 0
1, 472, 0
1, 135, 0
1, 990, 0
1, 103, 0
1, 169, 0
0, 4000, 1
0, 4001, 1
0, 4002, 1
0, 4003, 1
0, 4004, 1
0, 4005, 1
0, 373, 0
1, 194, 0
1, 534, 0
1, 75, 0
1, 394, 0
1, 545, 0
1, 105, 0
1, 184, 0
1, 138, 0
1, 351, 0
1, 126, 0
1, 335, 0
1, 455, 1
1, 234, 0
0, 209, 0
1, 610, 0
1, 385, 0
1, 381, 0
1, 310, 0
1, 528, 0
1, 415, 0
1, 515, 0
1, 130, 0
1, 377, 0
1, 31, 0
1, 70, 0
1, 134, 0
0, 4000, 1
0, 4001, 1
0, 4002, 1
0, 4003, 1
0, 4004, 1
0, 4005, 1
1, 183, 0
1, 230, 0
1, 165, 0
1, 437, 0
1, 181, 0
1, 127, 0
1, 98, 0
1, 171, 0
1, 164, 0
1, 435, 0
1, 179, 0
1, 214, 0
1, 436, 0
1, 894, 0
1, 127, 0
1, 118, 0
1, 58, 0
1, 319, 0
1, 423, 0
1, 469, 0
1, 254, 0
1, 324, 0
1, 165, 1
1, 73, 0
1, 74, 0
1, 83, 0
1, 436, 0
1, 404, 0
1, 203, 0
0, 4000, 1
0, 4001, 1
0, 4002, 1
0, 4003, 1
0, 4004, 1
0, 4005, 1
1, 137, 0
1, 75, 0
1, 259, 0
1, 142, 0
1, 415, 0
1, 900, 0
0, 4000, 1
0, 4001, 1
0, 4002, 1
0, 4003, 1
0, 4004, 1
0, 4005, 1
1, 348, 0
1, 330, 0
1, 218, 0
1, 467, 0
1, 238, 0
1, 197, 1
1, 126, 0
1, 429, 0
0, 4000, 1
0, 4001, 1
0, 4002, 1
0, 4003, 1
0, 4004, 1
0, 4005, 1
1, 401, 0
1, 388, 0
1, 49, 0
1, 383, 0
1, 80, 0
1, 95, 0
1, 141, 0
1, 190, 0
1, 133, 0
1, 449, 0
1, 162, 0
1, 326, 0
1, 222, 0
1, 186, 0
1, 216, 0
1, 565, 0
0, 197, 0
1, 449, 0
1, 116, 0
1, 533, 0
1, 190, 0
0, 1670, 1
0, 164, 0
1, 465, 0
1, 308, 0
1, 239, 0
1, 194, 1
1, 557, 0
1, 311, 0
1, 774, 0
1, 173, 0
1, 309, 0
1, 127, 0
1, 80, 1
1, 429, 0
1, 451, 0
1, 228, 1
1, 440, 0
1, 421, 0
1, 426, 0
1, 342, 0
1, 150, 0
0, 197, 0
1, 432, 0
1, 328, 0
1, 214, 0
1, 274, 1
1, 86, 0
1, 244, 0
1, 482, 0
1, 203, 1
1, 124, 0
1, 256, 1
0, 4000, 1
0, 4001, 1
0, 4002, 1
0, 4003, 1
0, 4004, 1
0, 4005, 1
1, 100, 0
1, 239, 0
0, 240, 0
1, 216, 0
0, 387, 0
1, 417, 0
1, 663, 0
1, 352, 0
1, 513, 0
1, 84, 1
0, 4000, 1
0, 4001, 1
0, 4002, 1
0, 4003, 1
0, 4004, 1
0, 4005, 1
1, 263, 0
0, 94, 0
1, 450, 0
1, 129, 0
1, 917, 0
1, 448, 0
1, 120, 0
1, 284, 0
1, 303, 0
1, 467, 0
1, 421, 0
1, 79, 0
1, 153, 0
0, 4000, 1
0, 4001, 1
0, 4002, 1
0, 4003, 1
0, 4004, 1
0, 4005, 1
1, 413, 0
0, 4000, 1
0, 4001, 1
0, 4002, 1
0, 4003, 1
0, 4004, 1
0, 4005, 1
1, 481, 0
1, 433, 0
1, 499, 0
1, 335, 0
1, 112, 0
0, 4000, 1
0, 4001, 1
0, 4002, 1
0, 4003, 1
0, 4004, 1
0, 4005, 1
1, 170, 0
1, 388, 0
1, 196, 0
1, 439, 0
1, 433, 0
1, 386, 0
1, 221, 0
1, 113, 0
1, 323, 0
1, 500, 0
1, 149, 0
0, 477, 1
1, 381, 0
1, 211, 0
1, 309, 0
1, 444, 0
0, 168, 0
1, 343, 1
1, 211, 0
1, 113, 0
1, 483, 0
1, 179, 0
1, 1203, 0
1, 364, 0
0, 4000, 1
0, 4001, 1
0, 4002, 1
0, 4003, 1
0, 4004, 1
0, 4005, 1
0, 94, 0
1, 483, 0
1, 135, 0
1, 166, 0
0, 1549, 1
1, 108, 0
1, 203, 0
1, 253, 0
1, 183, 0
1, 193, 0
1, 447, 0
1, 168, 0
1, 324, 0
1, 574, 0
0, 418, 0
1, 1117, 1
1, 89, 1
1, 93, 0
0, 1873, 1
1, 94, 0
1, 331, 0
1, 513, 0
1, 363, 1
1, 427, 0
1, 282, 0
1, 139, 0
0, 1040, 0
1, 239, 0
0, 699, 0
1, 153, 0
1, 169, 0
1, 271, 0
1, 419, 0
1, 114, 0
1, 125, 0
1, 259, 0
1, 83, 0
1, 95, 0
1, 440, 0
1, 323, 0
1, 524, 0
1, 514, 0
1, 258, 0
1, 540, 0
1, 130, 0
1, 414, 0
1, 321, 0
1, 34, 0
1, 347, 0
1, 134, 0
1, 90, 0
1, 145, 0
1, 378, 0
1, 161, 0
1, 78, 0
1, 198, 0
1, 114, 0
1, 433, 0
1, 268, 0
0, 730, 0
1, 466, 0
0, 935, 1
1, 133, 0
1, 526, 1
1, 393, 0
1, 402, 0
1, 337, 0
1, 125, 0
1, 90, 0
1, 459, 0
1, 165, 0
1, 413, 0
1, 192, 0
1, 372, 0
1, 63, 0
1, 531, 0
1, 326, 0
1, 135, 0
1, 334, 0
1, 204, 0
1, 179, 0
1, 485, 0
0, 94, 0
1, 287, 0
1, 373, 0
0, 4000, 1
0, 4001, 1
0, 4002, 1
0, 4003, 1
0, 4004, 1
0, 4005, 1
1, 449, 0
1, 1, 0
1, 156, 0
1, 313, 0
1, 243, 0
1, 264, 0
0, 4000, 1
0, 4001, 1
0, 4002, 1
0, 4003, 1
0, 4004, 1
0, 4005, 1
1, 429, 0
1, 398, 0
1, 444, 0
1, 363, 0
0, 1395, 1
1, 172, 0
1, 287, 0
1, 397, 0
1, 376, 0
1, 298, 0
1, 1100, 0
1, 461, 0
1, 364, 0
1, 432, 0
1, 354, 0
1, 432, 0
1, 403, 1
1, 341, 1
1, 97, 0
1, 315, 0
1, 85, 0
1, 472, 0
1, 114, 0
1, 148, 0
1, 521, 0
1, 273, 1
1, 170, 0
1, 515, 0
1, 286, 0
1, 135, 0
1, 105, 0
1, 382, 0
0, 1221, 1
1, 117, 0
1, 281, 0
1, 1023, 0
0, 2050, 0
1, 180, 0
1, 191, 0
1, 500, 0
1, 83, 1
1, 50, 0
1, 321, 0
1, 25, 0
1, 403, 0
1, 128, 0
1, 69, 0
1, 416, 0
1, 163, 0
1, 434, 0
1, 308, 1
1, 26, 0
1, 195, 0
0, 110, 0
1, 456, 0
1, 185, 0
1, 328, 0
1, 402, 0
1, 496, 0
1, 89, 0
0, 219, 0
1, 303, 0
1, 187, 0
1, 414, 0
1, 255, 1
1, 520, 0
1, 141, 0
1, 545, 0
1, 285, 1
1, 154, 0
1, 291, 0
0, 4000, 0
0, 4001, 0
0, 4002, 0
0, 4003, 0
0, 4004, 0
0, 4005, 0
1, 335, 0
1, 870, 0
1, 339, 0
1, 384, 0
1, 1, 0
1, 362, 0
1, 146, 0
1, 297, 1
1, 549, 0
1, 1321, 0
1, 140, 0
1, 172, 0
1, 539, 0
1, 214, 0
1, 125, 0
1, 895, 0
1, 220, 1
1, 296, 0
1, 478, 0
0, 190, 0
0, 254, 1
1, 548, 0
1, 153, 0
1, 471, 0
1, 356, 0
1, 172, 0
1, 380, 1
1, 248, 0
1, 173, 0
1, 122, 0
1, 117, 0
1, 102, 1
1, 333, 0
1, 202, 0
1, 313, 0
1, 17, 1
0, 4000, 1
0, 4001, 1
0, 4002, 1
0, 4003, 1
0, 4004, 1
0, 4005, 1
1, 140, 0
1, 440, 0
1, 590, 0
0, 4000, 1
0, 4001, 1
0, 4002, 1
0, 4003, 1
0, 4004, 1
0, 4005, 1
1, 28, 0
1, 464, 0
1, 420, 0
1, 214, 0
1, 83, 0
1, 80, 0
1, 153, 0
1, 539, 0
1, 778, 0
1, 104, 0
1, 136, 0
1, 540, 0
1, 147, 0
1, 196, 0
1, 295, 0
1, 383, 1
1, 719, 0
1, 456, 0
1, 41, 0
1, 202, 0
1, 118, 1
1, 271, 0
1, 37, 0
1, 628, 0
1, 465, 0
1, 219, 0
0, 4000, 0
0, 4001, 0
0, 4002, 0
0, 4003, 0
0, 4004, 0
0, 4005, 0
1, 105, 0
1, 394, 1
1, 272, 0
1, 290, 0
1, 350, 0
1, 383, 1
1, 107, 0
0, 4000, 0
0, 4001, 0
0, 4002, 0
0, 4003, 0
0, 4004, 0
0, 4005, 0
0, 4000, 0
0, 4001, 0
0, 4002, 0
0, 4003, 0
0, 4004, 0
0, 4005, 0
0, 974, 0
1, 708, 0
1, 380, 0
1, 372, 0
1, 399, 0
1, 53, 0
1, 67, 0
1, 1, 0
1, 406, 0
1, 477, 0
1, 117, 0
1, 424, 0
1, 133, 1
1, 58, 0
0, 4000, 1
0, 4001, 1
0, 4002, 1
0, 4003, 1
0, 4004, 1
0, 4005, 1
1, 173, 0
1, 256, 0
1, 410, 0
1, 322, 0
1, 277, 0
1, 158, 1
1, 485, 0
0, 362, 0
1, 575, 0
1, 186, 0
1, 444, 0
1, 68, 0
1, 156, 0
1, 86, 0
1, 207, 0
1, 289, 0
1, 472, 0
1, 810, 0
0, 1038, 0
1, 446, 0
1, 481, 0
1, 242, 0
1, 120, 0
1, 233, 0
1, 285, 0
1, 183, 0
1, 478, 0
1, 507, 0
1, 158, 0
1, 142, 0
1, 365, 0
1, 215, 0
1, 105, 0
1, 145, 0
1, 418, 0
1, 549, 0
1, 136, 0
1, 34, 0
1, 499, 0
1, 188, 0
1, 451, 0
1, 176, 0
1, 42, 0
0, 226, 0
1, 174, 0
1, 148, 0
0, 4000, 1
0, 4001, 1
0, 4002, 1
0, 4003, 1
0, 4004, 1
0, 4005, 1
1, 198, 0
1, 403, 0
1, 149, 0
0, 4000, 1
0, 4001, 1
0, 4002, 1
0, 4003, 1
0, 4004, 1
0, 4005, 1
1, 323, 0
1, 765, 0
1, 92, 0
1, 722, 0
1, 502, 0
1, 168, 0
1, 445, 0
1, 125, 0
1, 95, 0
1, 565, 0
0, 4000, 1
0, 4001, 1
0, 4002, 1
0, 4003, 1
0, 4004, 1
0, 4005, 1
1, 118, 1
1, 200, 0
1, 286, 0
1, 74, 0
0, 1351, 0
1, 291, 0
1, 237, 0
1, 122, 0
1, 229, 0
1, 484, 0
1, 474, 0
1, 313, 0
1, 360, 1
1, 105, 0
1, 352, 0
1, 485, 0
1, 1721, 0
1, 328, 0
1, 104, 1
1, 188, 0
1, 273, 0
0, 350, 0
1, 172, 0
1, 363, 0
1, 130, 0
1, 169, 0
1, 369, 0
1, 182, 0
1, 251, 0
0, 220, 0
1, 79, 1
1, 215, 0
1, 155, 0
1, 186, 0
1, 301, 0
1, 317, 0
1, 191, 0
1, 239, 0
1, 665, 0
1, 480, 0
1, 523, 0
1, 187, 0
1, 1238, 0
1, 86, 0
1, 325, 0
1, 598, 0
1, 577, 0
1, 433, 0
1, 345, 0
1, 104, 0
1, 206, 0
1, 406, 0
1, 99, 0
1, 435, 0
1, 583, 0
0, 1543, 1
1, 16, 0
1, 420, 0
1, 182, 0
1, 474, 0
1, 520, 0
1, 480, 0
1, 320, 0
1, 570, 0
1, 511, 0
1, 237, 0
1, 472, 0
1, 343, 0
1, 125, 0
0, 4000, 1
0, 4001, 1
0, 4002, 1
0, 4003, 1
0, 4004, 1
0, 4005, 1
1, 1004, 0
1, 312, 0
1, 294, 0
1, 498, 0
1, 603, 0
1, 281, 0
1, 75, 0
1, 358, 0
1, 172, 0
1, 378, 0
0, 4000, 1
0, 4001, 1
0, 4002, 1
0, 4003, 1
0, 4004, 1
0, 4005, 1
1, 424, 0
1, 53, 0
0, 1546, 1
1, 1, 0
1, 643, 0
1, 822, 0
1, 209, 0
1, 433, 0
1, 211, 0
1, 459, 0
1, 318, 0
1, 164, 1
0, 58, 0
1, 439, 0
1, 65, 0
1, 238, 1
1, 599, 0
1, 64, 0
1, 441, 0
1, 442, 0
0, 537, 0
1, 113, 0
1, 503, 1
1, 399, 0
1, 230, 0
1, 117, 0
1, 191, 0
1, 200, 0
1, 558, 0
1, 421, 0
0, 94, 0
1, 860, 1
1, 405, 0
1, 194, 1
1, 305, 1
1, 300, 1
1, 88, 0
1, 441, 0
1, 119, 1
1, 248, 0
1, 127, 0
1, 312, 0
1, 147, 0
1, 180, 0
1, 155, 0
1, 202, 0
1, 168, 1
1, 128, 0
1, 388, 0
0, 4000, 0
0, 4001, 0
0, 4002, 0
0, 4003, 0
0, 4004, 0
0, 4005, 0
1, 317, 0
1, 99, 0
1, 278, 0
1, 387, 0
1, 539, 0
1, 112, 1
1, 109, 0
1, 354, 0
1, 358, 0
1, 166, 0
1, 135, 0
0, 2651, 1
1, 88, 1
1, 289, 0
1, 1, 0
1, 387, 0
1, 343, 0
1, 1061, 0
1, 261, 0
0, 4000, 0
0, 4001, 0
0, 4002, 0
0, 4003, 0
0, 4004, 0
0, 4005, 0
1, 502, 0
1, 278, 0
0, 4000, 1
0, 4001, 1
0, 4002, 1
0, 4003, 1
0, 4004, 1
0, 4005, 1
1, 113, 0
1, 341, 0
1, 140, 0
1, 580, 0
1, 186, 0
0, 1362, 1
1, 357, 0
1, 281, 0
1, 34, 0
1, 191, 0
1, 466, 0
1, 974, 0
1, 332, 0
1, 359, 1
1, 166, 0
1, 1, 0
1, 309, 0
1, 431, 0
1, 170, 0
1, 209, 0
1, 183, 0
1, 333, 0
1, 180, 0
1, 403, 0
1, 448, 0
1, 120, 0
1, 396, 1
1, 512, 1
1, 461, 0
1, 166, 0
1, 145, 0
1, 218, 1
1, 299, 1
1, 453, 0
1, 44, 0
0, 4000, 1
0, 4001, 1
0, 4002, 1
0, 4003, 1
0, 4004, 1
0, 4005, 1
1, 322, 0
1, 224, 0
1, 398, 0
1, 584, 0
1, 380, 0
1, 471, 0
1, 398, 1
1, 179, 0
1, 329, 0
0, 50, 0
1, 105, 0
1, 150, 0
1, 328, 0
1, 330, 1
1, 181, 0
1, 2490, 0
1, 197, 0
1, 311, 0
1, 474, 0
1, 430, 0
1, 83, 0
0, 94, 0
1, 640, 0
1, 528, 0
1, 310, 1
1, 597, 0
1, 356, 0
1, 556, 0
1, 90, 0
1, 108, 0
1, 120, 0
0, 937, 1
1, 445, 0
1, 141, 0
1, 436, 0
1, 161, 0
0, 4000, 1
0, 4001, 1
0, 4002, 1
0, 4003, 1
0, 4004, 1
0, 4005, 1
1, 489, 0
1, 284, 0
1, 88, 0
0, 4000, 1
0, 4001, 1
0, 4002, 1
0, 4003, 1
0, 4004, 1
0, 4005, 1
1, 348, 0
1, 270, 0
1, 471, 0
1, 398, 0
1, 316, 0
1, 150, 0
1, 107, 1
0, 4000, 1
0, 4001, 1
0, 4002, 1
0, 4003, 1
0, 4004, 1
0, 4005, 1
1, 379, 0
1, 411, 0
1, 139, 0
1, 124, 0
1, 466, 1
1, 430, 0
1, 217, 0
1, 453, 0
1, 618, 0
1, 337, 1
1, 398, 0
1, 186, 0
1, 1441, 0
1, 272, 0
1, 374, 0
1, 153, 0
1, 362, 0
1, 146, 0
1, 184, 0
1, 354, 0
1, 216, 0
1, 401, 0
0, 497, 0
1, 113, 0
1, 41, 0
1, 458, 0
1, 118, 0
1, 222, 0
1, 130, 0
1, 344, 0
1, 327, 0
1, 492, 0
1, 299, 0
1, 607, 0
1, 127, 0
1, 352, 0
1, 141, 0
1, 552, 1
1, 335, 0
1, 213, 0
1, 151, 0
1, 165, 1
1, 123, 0
1, 123, 0
0, 4000, 1
0, 4001, 1
0, 4002, 1
0, 4003, 1
0, 4004, 1
0, 4005, 1
1, 119, 0
1, 68, 0
1, 112, 0
1, 393, 0
1, 138, 0
1, 535, 0
0, 94, 0
1, 78, 0
1, 119, 0
1, 346, 0
1, 507, 0
1, 311, 0
1, 434, 1
1, 190, 0
1, 353, 0
1, 109, 0
1, 298, 0
1, 28, 0
1, 152, 0
1, 237, 0
1, 85, 0
1, 195, 0
1, 216, 0
1, 251, 0
1, 279, 0
1, 62, 0
1, 439, 0
1, 1548, 0
1, 270, 0
1, 16, 0
1, 495, 0
1, 497, 0
1, 244, 0
1, 187, 0
1, 329, 0
1, 223, 0
1, 129, 0
1, 174, 0
1, 315, 0
1, 603, 0
1, 195, 0
1, 162, 0
1, 96, 0
1, 113, 0
1, 168, 0
1, 293, 0
1, 97, 0
0, 149, 0
0, 397, 0
1, 94, 0
1, 145, 0
1, 343, 0
1, 280, 1
1, 466, 0
1, 219, 0
1, 315, 0
1, 398, 0
1, 73, 0
1, 314, 0
1, 364, 0
1, 228, 0
0, 4000, 0
0, 4001, 0
0, 4002, 0
0, 4003, 0
0, 4004, 0
0, 4005, 0
1, 1541, 1
1, 99, 0
1, 199, 0
1, 2525, 0
1, 46, 1
1, 430, 0
1, 133, 0
1, 160, 0
1, 26, 0
1, 26, 0
1, 253, 0
1, 267, 0
1, 325, 0
1, 173, 0
1, 466, 0
1, 167, 0
1, 204, 0
1, 282, 0
1, 573, 0
1, 76, 0
1, 1116, 0
1, 465, 0
1, 427, 0
0, 4000, 1
0, 4001, 1
0, 4002, 1
0, 4003, 1
0, 4004, 1
0, 4005, 1
1, 139, 0
1, 621, 0
1, 95, 0
1, 429, 0
0, 442, 0
1, 324, 1
0, 378, 0
1, 280, 0
1, 371, 1
1, 327, 0
1, 1847, 0
1, 441, 0
1, 110, 0
1, 326, 0
1, 288, 0
1, 197, 0
1, 128, 0
1, 662, 0
1, 375, 0
1, 169, 0
1, 131, 0
1, 126, 0
0, 160, 0
1, 47, 0
1, 412, 0
1, 431, 0
1, 204, 1
1, 112, 0
1, 431, 0
1, 284, 0
1, 214, 0
1, 941, 0
1, 1243, 0
1, 306, 1
1, 454, 0
0, 4000, 1
0, 4001, 1
0, 4002, 1
0, 4003, 1
0, 4004, 1
0, 4005, 1
1, 245, 0
1, 267, 0
0, 50, 0
1, 283, 0
1, 212, 0
1, 191, 0
1, 413, 0
1, 402, 0
1, 428, 0
0, 4000, 0
0, 4001, 0
0, 4002, 0
0, 4003, 0
0, 4004, 0
0, 4005, 0
1, 167, 1
1, 172, 1
1, 202, 0
1, 198, 0
1, 385, 0
1, 507, 0
1, 285, 0
1, 444, 0
1, 498, 0
1, 58, 0
1, 512, 0
1, 331, 0
1, 598, 0
1, 146, 0
1, 132, 1
1, 144, 1
1, 124, 0
1, 488, 0
1, 58, 0
1, 510, 0
1, 150, 0
1, 84, 1
1, 585, 0
0, 4000, 1
0, 4001, 1
0, 4002, 1
0, 4003, 1
0, 4004, 1
0, 4005, 1
1, 359, 0
1, 112, 0
1, 182, 0
1, 1, 0
1, 272, 0
1, 104, 0
1, 195, 1
0, 1411, 1
1, 200, 0
1, 289, 0
1, 389, 0
1, 90, 1
1, 151, 0
0, 4000, 0
0, 4001, 0
0, 4002, 0
0, 4003, 0
0, 4004, 0
0, 4005, 0
1, 361, 0
1, 206, 0
1, 542, 0
1, 462, 0
1, 521, 0
0, 94, 0
1, 402, 0
1, 1480, 0
1, 225, 1
1, 525, 0
1, 205, 0
1, 133, 0
1, 959, 1
1, 486, 0
0, 447, 0
1, 489, 0
1, 123, 0
1, 132, 0
1, 214, 0
0, 48, 0
1, 331, 0
1, 159, 0
1, 405, 0
1, 179, 0
1, 171, 1
1, 325, 0
1, 253, 1
1, 103, 0
1, 294, 0
1, 118, 1
1, 391, 0
1, 1, 0
1, 370, 0
1, 1095, 0
0, 200, 0
1, 202, 0
1, 417, 0
1, 240, 0
1, 451, 0
1, 403, 0
1, 258, 0
1, 375, 1
1, 95, 0
1, 443, 0
1, 366, 0
0, 4000, 1
0, 4001, 1
0, 4002, 1
0, 4003, 1
0, 4004, 1
0, 4005, 1
0, 4000, 1
0, 4001, 1
0, 4002, 1
0, 4003, 1
0, 4004, 1
0, 4005, 1
1, 126, 0
1, 376, 0
1, 479, 0
1, 171, 1
1, 62, 0
1, 535, 0
1, 142, 0
0, 216, 1
1, 182, 0
1, 428, 1
1, 93, 1
1, 71, 0
1, 120, 0
0, 4000, 1
0, 4001, 1
0, 4002, 1
0, 4003, 1
0, 4004, 1
0, 4005, 1
1, 522, 0
1, 327, 0
1, 261, 0
1, 289, 0
1, 187, 0
1, 317, 0
1, 185, 0
1, 150, 0
1, 115, 0
1, 158, 0
1, 313, 0
1, 373, 0
1, 674, 0
1, 607, 0
1, 299, 0
1, 333, 0
1, 451, 1
1, 421, 0
1, 476, 0
1, 636, 0
1, 408, 0
1, 189, 0
1, 135, 0
1, 267, 0
0, 488, 0
1, 889, 1
1, 173, 0
1, 110, 0
1, 218, 0
1, 132, 0
1, 473, 0
0, 46, 0
0, 58, 0
1, 383, 0
1, 199, 0
1, 172, 0
1, 170, 0
1, 274, 0
1, 227, 0
1, 300, 0
1, 2396, 0
0, 94, 0
1, 296, 0
1, 343, 0
1, 1094, 0
1, 356, 0
1, 458, 0
1, 571, 0
1, 546, 0
1, 204, 0
1, 343, 0
1, 335, 1
1, 338, 0
1, 260, 0
1, 81, 0
1, 433, 0
1, 147, 0
1, 459, 0
1, 715, 1
1, 213, 0
0, 4000, 1
0, 4001, 1
0, 4002, 1
0, 4003, 1
0, 4004, 1
0, 4005, 1
1, 68, 0
1, 397, 0
1, 437, 0
1, 476, 0
1, 228, 0
1, 73, 0
1, 434, 0
1, 342, 0
1, 357, 0
1, 728, 0
1, 326, 0
1, 505, 0
1, 308, 0
1, 398, 0
1, 450, 0
1, 179, 0
1, 147, 0
1, 58, 1
1, 1, 0
1, 131, 0
1, 317, 0
1, 1, 0
1, 63, 0
1, 346, 1
1, 142, 0
1, 172, 0
1, 162, 0
1, 103, 1
1, 209, 0
1, 277, 0
1, 85, 0
1, 402, 0
1, 467, 0
1, 302, 0
1, 170, 0
1, 428, 0
1, 195, 0
1, 305, 0
1, 174, 0
1, 410, 0
1, 639, 0
1, 462, 0
1, 70, 0
1, 517, 0
1, 355, 0
1, 480, 0
1, 434, 0
1, 80, 0
1, 235, 0
1, 529, 0
1, 121, 0
0, 4000, 1
0, 4001, 1
0, 4002, 1
0, 4003, 1
0, 4004, 1
0, 4005, 1
1, 182, 0
1, 100, 0
1, 274, 0
1, 290, 0
1, 221, 0
1, 316, 0
0, 45, 0
1, 44, 0
1, 130, 0
1, 376, 0
1, 333, 0
1, 366, 1
1, 282, 0
1, 176, 0
1, 941, 0
1, 316, 1
1, 451, 0
1, 425, 0
1, 196, 0
1, 456, 0
1, 401, 0
1, 300, 0
1, 139, 1
1, 285, 0
0, 3586, 1
1, 68, 0
1, 426, 0
1, 206, 0
1, 1533, 0
1, 370, 1
1, 320, 0
1, 121, 0
1, 374, 0
1, 367, 0
1, 401, 0
1, 476, 0
1, 103, 0
1, 352, 0
1, 134, 0
0, 49, 0
1, 901, 0
1, 411, 0
1, 354, 0
1, 353, 0
1, 605, 0
1, 411, 0
1, 353, 0
1, 353, 0
1, 410, 0
1, 282, 0
1, 480, 0
1, 393, 0
1, 751, 0
1, 119, 0
0, 4000, 0
0, 4001, 0
0, 4002, 0
0, 4003, 0
0, 4004, 0
0, 4005, 0
1, 340, 0
1, 152, 0
1, 193, 1
1, 479, 0
1, 141, 0
1, 204, 0
1, 312, 0
1, 617, 0
0, 174, 0
1, 126, 0
1, 346, 0
1, 328, 0
1, 381, 0
0, 290, 0
1, 264, 1
0, 47, 0
0, 134, 0
1, 69, 1
1, 499, 1
1, 449, 0
0, 763, 0
1, 436, 0
1, 846, 1
0, 47, 0
1, 155, 0
1, 1072, 0
1, 515, 0
1, 298, 0
1, 215, 0
1, 125, 0
1, 134, 0
1, 243, 1
1, 152, 0
1, 136, 0
1, 200, 0
1, 129, 0
1, 141, 0
0, 3659, 1
1, 1242, 0
1, 1272, 0
1, 329, 0
1, 296, 0
1, 113, 0
0, 507, 0
1, 133, 0
1, 195, 0
1, 434, 0
1, 344, 0
1, 203, 0
1, 506, 1
0, 46, 0
1, 552, 1
0, 243, 0
1, 76, 0
1, 328, 1
1, 219, 0
0, 1483, 1
1, 449, 1
1, 437, 0
1, 118, 0
1, 455, 1
0, 209, 0
1, 163, 0
1, 173, 0
1, 325, 0
0, 4000, 0
0, 4001, 0
0, 4002, 0
0, 4003, 0
0, 4004, 0
0, 4005, 0
1, 339, 0
1, 205, 0
1, 437, 0
1, 60, 0
1, 115, 0
1, 313, 0
1, 322, 0
1, 355, 0
1, 275, 0
1, 200, 0
1, 434, 0
1, 526, 0
1, 215, 0
0, 4000, 1
0, 4001, 1
0, 4002, 1
0, 4003, 1
0, 4004, 1
0, 4005, 1
1, 160, 0
1, 1109, 0
1, 388, 0
1, 115, 0
1, 828, 0
1, 28, 0
1, 102, 0
1, 128, 0
1, 150, 0
1, 225, 0
1, 423, 0
1, 179, 0
0, 224, 0
1, 479, 0
1, 357, 0
1, 395, 0
1, 209, 1
0, 412, 0
0, 4000, 1
0, 4001, 1
0, 4002, 1
0, 4003, 1
0, 4004, 1
0, 4005, 1
1, 2204, 0
1, 408, 0
1, 556, 0
1, 368, 0
0, 94, 0
1, 211, 0
1, 334, 0
1, 142, 0
1, 318, 0
1, 104, 0
1, 343, 0
1, 452, 0
1, 180, 0
1, 554, 1
0, 4000, 1
0, 4001, 1
0, 4002, 1
0, 4003, 1
0, 4004, 1
0, 4005, 1
1, 514, 0
1, 378, 0
1, 99, 0
1, 859, 0
1, 445, 0
1, 118, 0
1, 318, 0
1, 111, 0
1, 1872, 0
0, 4000, 1
0, 4001, 1
0, 4002, 1
0, 4003, 1
0, 4004, 1
0, 4005, 1
1, 78, 0
1, 648, 0
0, 94, 0
1, 22, 0
1, 215, 0
1, 110, 0
1, 162, 0
1, 353, 0
0, 4000, 1
0, 4001, 1
0, 4002, 1
0, 4003, 1
0, 4004, 1
0, 4005, 1
1, 338, 0
1, 207, 0
1, 338, 0
1, 475, 0
1, 182, 0
1, 118, 0
1, 112, 0
1, 109, 0
1, 98, 0
0, 4000, 1
0, 4001, 1
0, 4002, 1
0, 4003, 1
0, 4004, 1
0, 4005, 1
1, 457, 0
1, 202, 0
1, 367, 0
1, 449, 0
0, 1122, 0
1, 188, 0
1, 111, 0
1, 311, 0
1, 407, 0
1, 870, 0
1, 173, 0
1, 15, 0
1, 200, 0
1, 374, 0
1, 313, 0
1, 101, 1
1, 323, 0
1, 273, 0
0, 4000, 0
0, 4001, 0
0, 4002, 0
0, 4003, 0
0, 4004, 0
0, 4005, 0
0, 210, 0
1, 60, 0
1, 174, 0
1, 450, 0
1, 312, 0
1, 336, 0
1, 169, 0
1, 223, 0
1, 387, 0
1, 321, 0
1, 448, 0
1, 12, 0
1, 909, 0
1, 102, 0
1, 33, 0
1, 443, 0
1, 1277, 0
1, 336, 1
1, 488, 0
1, 337, 0
1, 203, 0
1, 293, 0
1, 324, 0
1, 594, 0
1, 445, 0
0, 256, 0
0, 4000, 1
0, 4001, 1
0, 4002, 1
0, 4003, 1
0, 4004, 1
0, 4005, 1
0, 1689, 1
1, 446, 0
1, 577, 0
1, 471, 0
1, 766, 0
1, 107, 0
1, 146, 0
0, 4000, 0
0, 4001, 0
0, 4002, 0
0, 4003, 0
0, 4004, 0
0, 4005, 0
1, 199, 0
0, 2819, 0
1, 307, 0
1, 229, 0
1, 184, 0
1, 222, 0
1, 425, 0
1, 147, 1
1, 380, 0
1, 441, 0
1, 176, 1
1, 159, 0
0, 2005, 1
1, 190, 0
1, 429, 0
1, 241, 0
1, 267, 0
1, 1494, 0
1, 354, 0
1, 112, 1
0, 203, 0
1, 67, 0
1, 162, 0
1, 173, 0
1, 156, 0
1, 168, 0
1, 392, 0
0, 4000, 0
0, 4001, 0
0, 4002, 0
0, 4003, 0
0, 4004, 0
0, 4005, 0
0, 4000, 1
0, 4001, 1
0, 4002, 1
0, 4003, 1
0, 4004, 1
0, 4005, 1
1, 191, 0
1, 443, 1
1, 206, 0
1, 389, 0
1, 129, 0
1, 188, 0
1, 913, 0
0, 49, 1
1, 104, 0
1, 120, 0
1, 514, 1
1, 229, 0
1, 265, 0
1, 357, 0
1, 338, 0
1, 153, 0
1, 131, 0
1, 469, 0
1, 218, 1
1, 454, 0
1, 287, 0
0, 165, 0
1, 631, 0
1, 411, 0
0, 249, 0
1, 623, 0
1, 84, 0
1, 450, 1
1, 279, 0
1, 399, 0
1, 429, 0
1, 337, 1
1, 405, 0
1, 373, 0
1, 288, 0
1, 228, 0
1, 741, 0
1, 285, 0
1, 158, 1
1, 76, 0
0, 4000, 0
0, 4001, 0
0, 4002, 0
0, 4003, 0
0, 4004, 0
0, 4005, 0
1, 411, 0
1, 89, 0
1, 363, 1
1, 197, 0
1, 121, 0
1, 229, 0
1, 231, 0
1, 398, 1
1, 142, 0
1, 60, 0
1, 561, 0
1, 358, 0
1, 154, 0
1, 89, 0
1, 438, 0
1, 319, 0
1, 75, 0
0, 44, 0
1, 198, 1
0, 4000, 1
0, 4001, 1
0, 4002, 1
0, 4003, 1
0, 4004, 1
0, 4005, 1
1, 578, 0
1, 364, 0
1, 336, 0
1, 421, 0
1, 173, 0
0, 4000, 1
0, 4001, 1
0, 4002, 1
0, 4003, 1
0, 4004, 1
0, 4005, 1
0, 1932, 0
1, 381, 0
1, 406, 0
1, 458, 0
1, 240, 0
1, 584, 0
1, 117, 0
1, 444, 0
1, 196, 0
1, 604, 0
0, 4000, 1
0, 4001, 1
0, 4002, 1
0, 4003, 1
0, 4004, 1
0, 4005, 1
1, 160, 0
1, 361, 0
1, 84, 0
1, 289, 0
0, 1544, 0
1, 327, 0
1, 177, 0
1, 416, 0
1, 145, 1
1, 168, 0
1, 23, 0
0, 4000, 1
0, 4001, 1
0, 4002, 1
0, 4003, 1
0, 4004, 1
0, 4005, 1
1, 399, 0
1, 433, 0
1, 130, 0
1, 581, 1
1, 378, 0
1, 161, 0
1, 315, 0
1, 398, 0
1, 1054, 0
1, 192, 0
1, 93, 0
0, 260, 0
1, 328, 0
1, 415, 0
1, 335, 0
1, 217, 0
1, 370, 0
1, 355, 0
1, 679, 0
1, 203, 0
0, 371, 0
1, 86, 0
1, 373, 0
1, 218, 0
1, 366, 0
1, 113, 0
1, 310, 1
1, 308, 0
1, 422, 0
1, 568, 0
1, 339, 0
1, 497, 0
1, 488, 0
1, 466, 0
0, 922, 0
1, 157, 0
1, 180, 0
1, 306, 0
1, 376, 0
1, 425, 0
1, 165, 0
1, 378, 0
1, 320, 0
1, 383, 0
1, 367, 0
1, 445, 0
1, 329, 0
1, 371, 1
0, 1490, 1
1, 209, 0
1, 413, 0
1, 115, 0
1, 163, 0
1, 577, 0
1, 422, 0
1, 184, 1
1, 221, 0
0, 4000, 1
0, 4001, 1
0, 4002, 1
0, 4003, 1
0, 4004, 1
0, 4005, 1
1, 140, 0
1, 150, 0
1, 480, 0
0, 133, 0
1, 765, 0
1, 131, 0
1, 466, 0
1, 340, 0
0, 4000, 1
0, 4001, 1
0, 4002, 1
0, 4003, 1
0, 4004, 1
0, 4005, 1
1, 343, 0
1, 211, 1
1, 335, 0
1, 607, 0
1, 451, 0
1, 420, 0
1, 109, 0
1, 1586, 0
0, 194, 0
1, 422, 0
1, 367, 0
1, 424, 0
1, 129, 0
1, 503, 0
0, 166, 0
1, 450, 0
1, 108, 0
1, 376, 0
1, 351, 0
1, 197, 0
1, 478, 0
1, 95, 1
1, 448, 0
1, 509, 0
1, 382, 0
1, 231, 0
1, 337, 0
1, 475, 1
1, 119, 0
1, 419, 1
1, 288, 0
1, 410, 0
1, 307, 0
1, 628, 0
1, 300, 0
1, 279, 1
1, 352, 0
1, 461, 0
1, 133, 0
1, 381, 0
1, 160, 0
1, 297, 0
1, 176, 0
1, 321, 0
1, 302, 0
1, 236, 0
1, 228, 0
1, 302, 0
1, 121, 0
1, 205, 0
1, 120, 0
1, 306, 0
1, 233, 0
1, 83, 0
0, 232, 0
1, 131, 1
1, 362, 0
1, 298, 0
1, 407, 0
1, 121, 0
1, 232, 0
1, 181, 0
1, 182, 0
1, 278, 0
1, 404, 0
1, 87, 0
0, 232, 0
1, 111, 0
1, 109, 0
1, 525, 0
1, 364, 0
1, 200, 0
1, 273, 0
1, 502, 0
0, 4000, 1
0, 4001, 1
0, 4002, 1
0, 4003, 1
0, 4004, 1
0, 4005, 1
1, 192, 0
1, 278, 0
1, 400, 0
1, 1287, 0
1, 541, 1
1, 84, 1
1, 189, 0
1, 155, 0
1, 382, 0
1, 395, 0
1, 385, 0
1, 518, 0
1, 484, 0
1, 387, 1
1, 1093, 0
1, 335, 0
0, 4000, 1
0, 4001, 1
0, 4002, 1
0, 4003, 1
0, 4004, 1
0, 4005, 1
1, 388, 1
1, 242, 0
1, 309, 0
1, 558, 0
0, 4000, 1
0, 4001, 1
0, 4002, 1
0, 4003, 1
0, 4004, 1
0, 4005, 1
1, 111, 0
1, 329, 0
0, 4000, 1
0, 4001, 1
0, 4002, 1
0, 4003, 1
0, 4004, 1
0, 4005, 1
1, 75, 0
1, 132, 0
1, 206, 0
1, 99, 0
1, 2366, 0
1, 430, 0
1, 456, 0
1, 506, 0
1, 223, 0
1, 353, 0
1, 476, 1
0, 405, 0
1, 81, 1
1, 440, 0
1, 111, 0
1, 427, 0
1, 597, 0
0, 230, 0
0, 4000, 1
0, 4001, 1
0, 4002, 1
0, 4003, 1
0, 4004, 1
0, 4005, 1
1, 282, 0
1, 307, 0
1, 407, 0
1, 379, 0
1, 165, 1
0, 94, 0
1, 2719, 1
1, 426, 0
0, 94, 0
1, 283, 0
1, 228, 0
1, 1045, 0
1, 429, 0
1, 94, 0
1, 80, 0
1, 204, 0
1, 148, 0
1, 206, 0
1, 157, 0
1, 324, 0
1, 337, 0
1, 235, 0
1, 97, 0
1, 477, 0
1, 268, 0
1, 336, 0
1, 211, 0
0, 1319, 0
1, 286, 0
1, 2398, 0
1, 344, 0
1, 373, 0
1, 81, 0
1, 126, 0
1, 529, 0
1, 600, 0
1, 197, 0
1, 447, 0
1, 306, 0
