0, 125, 0
0, 128, 0
0, 138, 0
0, 416, 0
0, 155, 0
0, 132, 0
0, 148, 0
0, 347, 1
0, 146, 0
0, 161, 0
0, 193, 0
0, 134, 0
0, 205, 0
0, 185, 0
0, 219, 0
0, 127, 0
0, 194, 0
0, 128, 0
0, 156, 0
0, 144, 0
0, 193, 0
0, 134, 0
0, 227, 0
0, 173, 0
0, 144, 0
0, 129, 0
0, 134, 0
0, 143, 0
0, 140, 0
1, 89, 0
0, 147, 0
0, 141, 0
0, 126, 0
0, 132, 0
0, 178, 0
0, 173, 0
0, 159, 0
0, 175, 0
0, 131, 0
0, 141, 0
0, 138, 0
0, 187, 0
0, 200, 1
0, 183, 0
0, 140, 0
0, 167, 0
0, 147, 0
0, 125, 0
0, 187, 0
0, 132, 0
0, 174, 0
0, 384, 0
0, 129, 0
0, 458, 0
0, 247, 0
0, 207, 0
0, 211, 0
0, 158, 0
0, 145, 0
0, 168, 0
0, 134, 0
0, 374, 0
0, 131, 0
1, 34, 0
0, 186, 0
0, 141, 0
0, 127, 0
0, 168, 0
0, 157, 0
0, 137, 0
0, 158, 0
0, 151, 0
0, 191, 0
0, 167, 0
0, 125, 1
0, 182, 1
0, 175, 0
0, 186, 1
0, 140, 0
0, 198, 0
0, 135, 0
0, 183, 0
0, 133, 0
0, 173, 0
0, 375, 0
0, 174, 0
0, 173, 0
0, 126, 0
0, 148, 0
0, 127, 0
0, 339, 0
0, 610, 0
0, 178, 0
0, 316, 0
0, 132, 1
0, 188, 0
0, 200, 0
0, 131, 0
0, 139, 0
0, 499, 0
0, 134, 0
0, 133, 0
0, 419, 0
0, 165, 1
0, 155, 0
0, 158, 0
0, 395, 0
0, 230, 0
0, 133, 0
1, 299, 0
0, 429, 0
0, 174, 0
0, 222, 1
0, 143, 0
0, 150, 0
0, 167, 1
0, 142, 0
0, 151, 0
0, 183, 0
0, 170, 0
0, 194, 0
0, 208, 1
0, 203, 0
0, 194, 0
0, 206, 0
0, 159, 0
0, 734, 0
1, 371, 1
0, 130, 0
1, 67, 0
0, 156, 0
0, 562, 0
0, 260, 0
0, 136, 0
0, 179, 0
0, 1400, 0
0, 206, 0
0, 544, 0
0, 136, 0
0, 209, 1
0, 154, 0
0, 477, 0
0, 131, 0
0, 187, 0
0, 140, 0
0, 132, 0
0, 362, 0
0, 132, 0
0, 139, 0
1, 466, 0
0, 128, 0
0, 135, 0
0, 184, 0
0, 191, 0
0, 187, 0
1, 180, 0
0, 380, 0
0, 427, 0
0, 1852, 1
0, 1362, 0
0, 154, 1
0, 282, 0
1, 1531, 0
0, 473, 0
0, 348, 0
1, 32, 0
0, 465, 1
0, 812, 0
0, 793, 0
0, 2085, 0
0, 271, 0
0, 1022, 0
1, 798, 0
1, 320, 0
0, 1583, 0
0, 353, 0
0, 444, 0
1, 286, 0
1, 968, 0
0, 535, 0
0, 406, 0
0, 912, 0
0, 1794, 0
1, 1815, 0
1, 167, 0
1, 552, 1
0, 2089, 0
1, 331, 0
1, 830, 0
1, 240, 0
0, 4000, 0
0, 4001, 0
0, 4002, 0
0, 4003, 0
0, 4004, 0
0, 4005, 0
0, 1305, 0
1, 489, 0
1, 866, 1
1, 322, 0
0, 4000, 0
0, 4001, 0
0, 4002, 0
0, 4003, 0
0, 4004, 0
0, 4005, 0
1, 232, 0
1, 232, 0
1, 519, 0
0, 682, 0
0, 4000, 1
0, 4001, 1
0, 4002, 1
0, 4003, 1
0, 4004, 1
0, 4005, 1
1, 664, 0
0, 4000, 0
0, 4001, 0
0, 4002, 0
0, 4003, 0
0, 4004, 0
0, 4005, 0
1, 360, 0
0, 1381, 0
1, 1138, 0
1, 547, 0
1, 1131, 0
1, 198, 0
0, 4000, 0
0, 4001, 0
0, 4002, 0
0, 4003, 0
0, 4004, 0
0, 4005, 0
1, 235, 0
1, 312, 0
1, 157, 0
1, 274, 0
1, 318, 0
1, 294, 0
1, 393, 0
1, 926, 0
1, 130, 0
1, 357, 0
1, 117, 0
1, 216, 1
1, 1141, 0
1, 542, 1
1, 174, 0
1, 722, 0
1, 317, 0
1, 103, 0
1, 379, 0
1, 9, 0
1, 195, 0
1, 37, 0
1, 332, 1
1, 218, 0
1, 167, 0
1, 1295, 0
1, 95, 1
1, 568, 0
1, 144, 0
1, 1216, 0
1, 267, 0
1, 364, 0
1, 246, 0
0, 148, 0
1, 304, 0
1, 151, 0
1, 87, 0
1, 635, 1
0, 4000, 1
0, 4001, 1
0, 4002, 1
0, 4003, 1
0, 4004, 1
0, 4005, 1
1, 598, 0
1, 79, 0
1, 1, 1
1, 1074, 0
1, 315, 0
1, 318, 0
1, 347, 0
1, 323, 0
0, 4000, 1
0, 4001, 1
0, 4002, 1
0, 4003, 1
0, 4004, 1
0, 4005, 1
1, 379, 0
1, 380, 0
1, 153, 0
1, 250, 0
1, 155, 0
1, 422, 0
1, 170, 0
1, 157, 0
1, 295, 0
1, 190, 0
1, 331, 0
1, 149, 0
1, 1338, 0
1, 209, 0
1, 465, 0
1, 234, 0
1, 227, 0
1, 388, 0
1, 312, 0
1, 338, 0
1, 178, 0
1, 179, 0
1, 98, 0
0, 4000, 1
0, 4001, 1
0, 4002, 1
0, 4003, 1
0, 4004, 1
0, 4005, 1
1, 158, 1
1, 206, 0
1, 206, 0
1, 2360, 0
1, 386, 0
1, 311, 0
1, 125, 0
1, 306, 0
1, 129, 0
1, 99, 0
1, 319, 0
1, 2227, 0
1, 364, 0
1, 78, 0
1, 282, 0
1, 243, 0
1, 125, 0
1, 288, 0
1, 137, 0
1, 244, 0
1, 283, 0
1, 337, 0
1, 298, 0
1, 256, 0
1, 96, 1
1, 894, 0
1, 887, 0
0, 4000, 1
0, 4001, 1
0, 4002, 1
0, 4003, 1
0, 4004, 1
0, 4005, 1
1, 131, 0
1, 275, 0
1, 63, 0
1, 199, 0
1, 95, 0
1, 139, 0
1, 39, 0
1, 232, 0
1, 227, 0
1, 478, 0
1, 521, 0
1, 228, 0
1, 283, 0
0, 4000, 1
0, 4001, 1
0, 4002, 1
0, 4003, 1
0, 4004, 1
0, 4005, 1
1, 217, 0
1, 474, 0
1, 250, 0
1, 379, 1
1, 223, 0
1, 1671, 0
1, 75, 0
1, 127, 0
1, 80, 0
1, 194, 0
1, 87, 0
1, 271, 0
1, 398, 1
1, 1792, 1
1, 299, 0
1, 249, 0
1, 327, 0
1, 307, 0
1, 462, 0
1, 159, 1
1, 191, 0
1, 306, 0
1, 261, 0
1, 162, 0
1, 238, 0
1, 178, 0
1, 137, 0
1, 293, 1
1, 631, 0
1, 275, 0
1, 588, 0
1, 124, 0
1, 190, 0
1, 306, 0
1, 851, 0
1, 139, 0
1, 241, 0
0, 50, 0
0, 427, 0
1, 200, 0
1, 296, 0
1, 36, 0
0, 50, 0
1, 363, 1
1, 375, 0
1, 348, 0
1, 799, 0
1, 280, 0
1, 274, 1
0, 1143, 0
1, 353, 0
0, 1228, 1
1, 252, 0
1, 65, 0
1, 805, 0
1, 249, 0
1, 181, 0
1, 389, 0
1, 61, 0
1, 95, 0
0, 988, 1
0, 48, 0
1, 152, 0
1, 326, 0
1, 128, 0
0, 48, 0
1, 362, 0
0, 50, 0
1, 159, 0
1, 294, 0
1, 300, 0
1, 398, 0
1, 296, 0
1, 183, 0
1, 162, 0
1, 98, 0
1, 1003, 0
1, 279, 0
1, 82, 0
1, 200, 0
1, 181, 0
1, 207, 0
0, 231, 0
0, 771, 1
1, 248, 0
1, 314, 0
1, 580, 0
1, 806, 1
0, 3067, 1
0, 50, 0
1, 202, 0
0, 1140, 1
1, 214, 0
1, 340, 0
1, 288, 0
1, 126, 0
1, 521, 0
1, 151, 0
0, 1357, 0
1, 290, 0
1, 149, 0
1, 253, 0
1, 230, 1
1, 296, 0
1, 155, 0
1, 117, 0
1, 232, 0
1, 201, 0
1, 180, 0
1, 149, 0
0, 49, 0
1, 142, 0
1, 321, 0
1, 195, 0
1, 120, 0
1, 303, 0
1, 202, 0
1, 306, 0
0, 380, 0
1, 361, 0
1, 372, 0
0, 46, 0
1, 252, 0
1, 234, 0
1, 180, 0
1, 221, 0
1, 297, 0
1, 267, 0
1, 209, 0
1, 280, 0
1, 200, 0
1, 280, 0
1, 169, 0
1, 341, 0
1, 208, 0
1, 217, 0
1, 468, 0
1, 178, 0
1, 110, 0
1, 458, 0
1, 548, 0
1, 199, 0
1, 322, 0
1, 159, 0
1, 116, 0
0, 172, 0
1, 196, 0
1, 2598, 0
1, 136, 0
1, 388, 0
1, 536, 0
1, 534, 0
1, 159, 0
1, 101, 0
1, 223, 0
0, 91, 0
1, 183, 0
0, 1257, 1
1, 437, 0
0, 51, 0
1, 221, 0
0, 48, 0
1, 195, 0
1, 90, 0
0, 1750, 1
1, 287, 0
1, 267, 0
0, 503, 0
1, 242, 0
1, 483, 0
0, 369, 1
1, 93, 0
1, 138, 0
1, 151, 0
1, 173, 0
1, 398, 0
1, 92, 0
0, 267, 1
1, 281, 0
1, 458, 0
1, 408, 0
1, 339, 0
0, 467, 0
1, 501, 0
1, 225, 0
1, 221, 0
1, 308, 0
1, 252, 0
1, 212, 0
1, 567, 0
0, 199, 0
1, 145, 0
1, 117, 0
1, 382, 0
1, 207, 0
1, 119, 0
1, 513, 0
1, 412, 0
1, 245, 0
0, 199, 0
1, 206, 0
1, 101, 0
1, 236, 0
1, 99, 0
1, 530, 0
1, 341, 0
1, 585, 0
1, 215, 0
1, 96, 0
1, 672, 0
0, 48, 0
1, 1214, 0
1, 350, 0
1, 191, 0
1, 112, 0
1, 131, 0
1, 99, 0
1, 861, 0
1, 435, 0
0, 1921, 0
1, 128, 0
1, 207, 0
0, 757, 0
1, 246, 1
1, 297, 0
0, 236, 0
1, 436, 0
1, 187, 0
1, 229, 0
1, 134, 0
1, 563, 0
1, 1022, 0
1, 482, 0
1, 204, 0
1, 66, 0
0, 604, 0
1, 227, 0
0, 91, 0
1, 368, 0
0, 215, 0
1, 560, 0
1, 204, 0
0, 207, 0
1, 438, 0
0, 230, 1
1, 89, 0
1, 191, 0
1, 433, 0
1, 102, 0
1, 304, 0
1, 94, 0
1, 348, 0
1, 198, 0
1, 95, 0
1, 125, 0
0, 157, 0
1, 180, 0
0, 216, 0
1, 1498, 0
0, 205, 0
1, 103, 0
0, 652, 0
1, 356, 0
0, 401, 0
1, 414, 0
1, 382, 0
1, 135, 1
1, 388, 0
0, 1249, 0
1, 339, 0
0, 358, 0
1, 365, 0
1, 368, 0
1, 135, 0
1, 183, 0
1, 519, 1
1, 649, 0
1, 176, 0
1, 150, 0
1, 120, 0
1, 517, 0
1, 354, 0
0, 216, 0
0, 738, 1
1, 103, 0
1, 300, 0
1, 2, 0
1, 244, 1
1, 546, 0
1, 133, 0
1, 107, 0
1, 416, 0
1, 148, 0
0, 1663, 1
1, 150, 1
1, 431, 0
1, 431, 0
1, 318, 0
1, 952, 0
1, 560, 0
1, 141, 1
0, 250, 0
1, 1799, 0
1, 393, 0
1, 499, 0
0, 542, 1
1, 194, 0
1, 1341, 0
1, 41, 0
1, 202, 0
1, 124, 1
0, 356, 0
1, 574, 0
1, 348, 0
1, 508, 0
1, 101, 1
0, 203, 0
0, 811, 1
1, 80, 0
1, 487, 0
1, 139, 0
0, 292, 0
1, 157, 0
1, 505, 0
1, 163, 0
1, 200, 0
1, 120, 0
0, 260, 0
1, 113, 1
1, 341, 0
1, 428, 0
1, 354, 0
1, 297, 0
1, 117, 0
1, 209, 0
0, 207, 0
1, 152, 0
1, 599, 0
1, 284, 1
0, 4000, 1
0, 4001, 1
0, 4002, 1
0, 4003, 1
0, 4004, 1
0, 4005, 1
1, 352, 0
1, 889, 0
0, 196, 0
1, 284, 0
1, 1043, 0
1, 402, 0
0, 3739, 1
0, 184, 0
1, 356, 0
1, 401, 1
0, 191, 0
1, 125, 0
1, 525, 0
1, 222, 0
1, 150, 0
1, 95, 0
1, 516, 0
1, 2, 0
1, 342, 0
1, 93, 0
1, 336, 0
1, 111, 0
1, 207, 0
1, 97, 0
1, 141, 0
1, 406, 0
0, 1186, 1
1, 460, 0
1, 162, 0
1, 112, 0
1, 220, 0
1, 83, 0
1, 528, 0
1, 506, 0
0, 1045, 1
1, 563, 0
1, 280, 0
1, 514, 0
1, 182, 0
1, 481, 0
1, 75, 0
1, 332, 0
1, 215, 0
1, 67, 0
1, 239, 1
1, 202, 0
1, 169, 0
1, 91, 0
0, 416, 0
1, 340, 0
0, 230, 0
1, 408, 0
1, 300, 0
1, 440, 0
1, 471, 0
1, 171, 0
0, 219, 0
1, 491, 0
1, 306, 0
1, 346, 0
1, 414, 0
1, 355, 0
1, 108, 0
0, 48, 0
1, 357, 0
1, 1243, 0
1, 125, 0
0, 450, 0
0, 397, 0
1, 364, 0
1, 469, 0
1, 195, 0
1, 363, 0
1, 328, 0
1, 203, 0
1, 171, 0
1, 318, 0
0, 62, 0
0, 2793, 1
1, 199, 0
1, 455, 0
1, 214, 0
1, 164, 0
1, 322, 0
1, 191, 0
1, 617, 0
1, 231, 0
0, 4000, 1
0, 4001, 1
0, 4002, 1
0, 4003, 1
0, 4004, 1
0, 4005, 1
1, 84, 0
1, 113, 0
1, 1, 0
1, 488, 0
1, 329, 0
1, 367, 0
1, 112, 0
1, 332, 0
1, 92, 0
0, 181, 0
1, 198, 1
0, 219, 1
1, 168, 0
1, 169, 1
1, 219, 0
1, 602, 0
1, 474, 0
1, 644, 0
1, 181, 0
1, 400, 0
1, 194, 0
0, 226, 1
1, 149, 0
1, 364, 0
0, 91, 0
1, 356, 0
1, 113, 0
1, 298, 0
0, 196, 0
1, 303, 1
1, 82, 0
1, 142, 0
1, 28, 0
1, 247, 1
1, 65, 0
1, 389, 0
1, 32, 0
1, 170, 0
1, 445, 0
0, 188, 0
1, 523, 0
1, 422, 0
1, 388, 0
1, 241, 1
0, 1715, 1
1, 64, 0
1, 382, 0
1, 576, 0
1, 72, 0
1, 654, 0
1, 270, 0
1, 293, 0
1, 97, 0
1, 115, 1
1, 1221, 0
1, 84, 0
1, 114, 0
1, 404, 0
1, 201, 0
1, 112, 0
1, 465, 0
1, 339, 0
0, 1537, 1
0, 1518, 1
1, 433, 0
1, 455, 0
1, 434, 0
1, 216, 0
1, 54, 0
1, 507, 0
1, 622, 0
1, 87, 0
0, 214, 0
1, 611, 0
0, 3979, 1
1, 158, 0
1, 320, 0
1, 394, 0
1, 231, 0
1, 233, 0
1, 446, 0
1, 129, 0
1, 483, 1
1, 195, 0
1, 227, 0
1, 146, 0
1, 563, 0
1, 339, 0
0, 128, 0
1, 469, 0
0, 3374, 1
1, 180, 0
1, 119, 0
1, 537, 0
1, 213, 0
1, 611, 0
1, 334, 0
1, 460, 0
1, 185, 0
1, 624, 0
1, 484, 0
1, 432, 0
1, 406, 0
1, 83, 0
1, 331, 0
1, 208, 0
1, 704, 0
1, 110, 0
1, 192, 0
1, 2738, 0
1, 227, 0
1, 510, 0
1, 486, 0
1, 138, 0
1, 392, 0
1, 396, 0
1, 137, 0
0, 208, 0
1, 349, 0
1, 430, 1
1, 162, 0
0, 91, 0
1, 229, 0
1, 172, 0
1, 452, 0
1, 80, 1
1, 428, 0
1, 55, 0
1, 300, 0
1, 194, 0
1, 126, 0
1, 495, 0
1, 364, 0
1, 1056, 0
1, 182, 0
1, 170, 0
1, 181, 0
0, 51, 0
1, 294, 0
1, 302, 0
1, 162, 0
1, 356, 0
1, 336, 0
1, 103, 0
1, 467, 1
0, 249, 1
1, 363, 0
1, 457, 1
0, 4000, 1
0, 4001, 1
0, 4002, 1
0, 4003, 1
0, 4004, 1
0, 4005, 1
0, 223, 0
1, 373, 0
1, 344, 0
1, 146, 0
1, 417, 1
1, 223, 0
1, 26, 0
1, 230, 0
1, 200, 0
1, 48, 0
1, 45, 0
1, 504, 0
1, 117, 0
1, 139, 0
1, 104, 0
1, 320, 0
1, 456, 0
1, 101, 0
1, 256, 0
1, 3882, 0
1, 240, 0
1, 157, 1
1, 775, 0
1, 449, 1
1, 474, 0
1, 349, 0
1, 287, 0
0, 4000, 1
0, 4001, 1
0, 4002, 1
0, 4003, 1
0, 4004, 1
0, 4005, 1
1, 373, 0
0, 145, 0
1, 597, 0
0, 60, 0
1, 324, 0
1, 212, 0
1, 211, 0
1, 385, 0
0, 1903, 1
1, 369, 0
1, 371, 0
1, 342, 0
1, 455, 0
1, 22, 0
1, 533, 0
1, 22, 0
1, 315, 0
1, 429, 0
1, 60, 0
1, 1207, 0
1, 153, 0
1, 449, 0
1, 537, 0
1, 318, 0
1, 518, 0
1, 518, 0
1, 176, 0
1, 28, 1
1, 516, 0
0, 4000, 1
0, 4001, 1
0, 4002, 1
0, 4003, 1
0, 4004, 1
0, 4005, 1
1, 306, 1
1, 458, 0
1, 267, 0
1, 1093, 0
1, 419, 0
1, 272, 0
1, 129, 0
1, 327, 0
1, 361, 0
1, 355, 0
1, 146, 0
1, 467, 0
1, 160, 0
0, 1520, 1
1, 111, 0
1, 249, 0
0, 48, 0
1, 461, 0
1, 400, 0
0, 223, 0
1, 195, 0
1, 46, 0
1, 459, 0
1, 75, 0
1, 346, 0
1, 272, 0
1, 436, 0
1, 486, 0
1, 231, 0
0, 1051, 1
1, 3, 0
1, 103, 0
1, 505, 0
1, 191, 0
1, 325, 1
0, 4000, 1
0, 4001, 1
0, 4002, 1
0, 4003, 1
0, 4004, 1
0, 4005, 1
1, 95, 0
0, 50, 0
1, 153, 0
0, 4000, 1
0, 4001, 1
0, 4002, 1
0, 4003, 1
0, 4004, 1
0, 4005, 1
1, 618, 0
1, 181, 1
1, 328, 0
1, 409, 0
1, 734, 0
0, 4000, 1
0, 4001, 1
0, 4002, 1
0, 4003, 1
0, 4004, 1
0, 4005, 1
1, 163, 0
1, 407, 0
1, 499, 0
1, 147, 0
1, 435, 0
1, 85, 0
1, 230, 0
0, 4000, 1
0, 4001, 1
0, 4002, 1
0, 4003, 1
0, 4004, 1
0, 4005, 1
1, 428, 0
1, 109, 0
1, 225, 1
1, 377, 0
1, 185, 0
1, 157, 0
1, 125, 0
0, 3297, 1
1, 477, 1
1, 388, 0
1, 410, 0
0, 412, 0
1, 492, 0
1, 124, 0
1, 26, 0
1, 444, 0
1, 145, 0
1, 188, 0
1, 388, 0
1, 119, 0
1, 120, 0
1, 122, 0
1, 252, 0
1, 435, 0
0, 3741, 1
1, 242, 0
1, 161, 0
1, 349, 0
1, 345, 0
1, 588, 0
1, 300, 0
0, 4000, 1
0, 4001, 1
0, 4002, 1
0, 4003, 1
0, 4004, 1
0, 4005, 1
1, 499, 0
0, 3571, 1
1, 118, 0
1, 457, 0
1, 195, 0
0, 4000, 1
0, 4001, 1
0, 4002, 1
0, 4003, 1
0, 4004, 1
0, 4005, 1
1, 297, 0
0, 306, 0
1, 402, 0
1, 542, 0
0, 52, 0
1, 499, 0
1, 211, 0
1, 24, 0
1, 435, 0
1, 106, 0
1, 780, 0
1, 52, 0
1, 146, 0
1, 400, 1
1, 381, 0
1, 548, 0
1, 95, 0
1, 68, 0
1, 189, 0
1, 343, 0
1, 61, 0
1, 451, 0
1, 351, 0
0, 160, 0
0, 51, 0
1, 258, 0
1, 259, 0
0, 4000, 1
0, 4001, 1
0, 4002, 1
0, 4003, 1
0, 4004, 1
0, 4005, 1
1, 471, 0
1, 396, 0
1, 540, 1
1, 481, 0
1, 447, 0
0, 91, 0
1, 595, 0
1, 146, 1
1, 483, 0
1, 361, 0
1, 263, 0
0, 143, 1
1, 350, 0
1, 443, 0
0, 163, 0
0, 52, 0
1, 507, 0
1, 231, 0
1, 504, 0
1, 495, 0
1, 501, 1
1, 168, 0
1, 30, 0
1, 444, 0
1, 107, 0
1, 402, 0
0, 50, 1
1, 240, 0
1, 579, 1
1, 297, 0
1, 317, 0
1, 571, 0
1, 186, 0
1, 160, 0
0, 4000, 1
0, 4001, 1
0, 4002, 1
0, 4003, 1
0, 4004, 1
0, 4005, 1
1, 309, 0
1, 662, 0
1, 388, 0
0, 174, 0
1, 278, 0
1, 316, 0
1, 99, 0
1, 113, 0
1, 242, 0
1, 765, 0
1, 132, 0
1, 604, 0
1, 624, 1
1, 216, 0
1, 202, 0
1, 399, 0
1, 406, 0
1, 219, 0
1, 491, 0
1, 575, 0
1, 349, 0
1, 397, 0
1, 149, 0
1, 708, 0
1, 368, 0
1, 432, 0
0, 4000, 1
0, 4001, 1
0, 4002, 1
0, 4003, 1
0, 4004, 1
0, 4005, 1
1, 157, 0
1, 166, 0
1, 401, 0
1, 651, 0
1, 323, 0
1, 211, 0
1, 25, 0
1, 491, 1
1, 201, 0
1, 1091, 0
1, 431, 0
1, 205, 0
1, 162, 1
0, 997, 0
1, 493, 0
0, 88, 0
1, 260, 0
1, 89, 0
0, 60, 0
1, 478, 0
1, 548, 0
0, 195, 0
1, 89, 0
1, 276, 0
1, 124, 0
1, 39, 0
1, 397, 0
1, 106, 0
1, 149, 0
0, 187, 1
0, 235, 1
0, 2175, 1
1, 104, 0
1, 86, 0
1, 306, 0
0, 4000, 0
0, 4001, 0
0, 4002, 0
0, 4003, 0
0, 4004, 0
0, 4005, 0
1, 313, 0
1, 1, 0
0, 229, 0
1, 267, 0
1, 248, 0
1, 129, 0
0, 677, 1
1, 401, 0
1, 213, 0
1, 145, 0
1, 184, 0
1, 125, 0
0, 48, 0
1, 471, 0
1, 530, 0
1, 195, 0
0, 205, 0
1, 206, 0
1, 223, 0
1, 146, 0
1, 794, 0
1, 85, 0
1, 82, 0
1, 683, 0
1, 130, 0
1, 563, 0
1, 221, 0
1, 375, 0
1, 446, 1
1, 103, 0
1, 356, 0
0, 2119, 1
1, 109, 0
1, 1521, 0
1, 148, 0
1, 340, 0
1, 343, 1
1, 177, 0
1, 102, 1
1, 494, 0
1, 251, 0
0, 57, 0
1, 126, 0
1, 389, 1
1, 181, 0
1, 202, 0
1, 151, 0
1, 179, 0
1, 146, 0
1, 425, 1
1, 664, 0
1, 131, 1
1, 166, 0
1, 156, 0
1, 334, 0
0, 141, 0
0, 4000, 1
0, 4001, 1
0, 4002, 1
0, 4003, 1
0, 4004, 1
0, 4005, 1
1, 293, 0
1, 381, 0
1, 385, 0
0, 1022, 1
0, 1514, 1
1, 257, 0
1, 514, 0
1, 140, 0
1, 472, 0
1, 398, 0
1, 464, 0
1, 154, 0
1, 53, 0
1, 126, 0
1, 346, 0
1, 129, 0
1, 216, 0
1, 368, 0
1, 63, 0
1, 152, 0
1, 124, 0
1, 234, 1
1, 383, 0
1, 331, 0
0, 976, 1
1, 300, 0
1, 425, 0
1, 487, 0
0, 4000, 1
0, 4001, 1
0, 4002, 1
0, 4003, 1
0, 4004, 1
0, 4005, 1
0, 178, 0
1, 417, 0
0, 469, 1
1, 318, 0
1, 75, 0
0, 369, 0
0, 513, 0
0, 457, 0
0, 416, 0
1, 240, 0
1, 347, 0
0, 215, 0
1, 499, 0
1, 398, 0
1, 235, 0
1, 497, 0
1, 511, 0
1, 226, 0
1, 270, 0
1, 423, 0
1, 161, 0
0, 4000, 1
0, 4001, 1
0, 4002, 1
0, 4003, 1
0, 4004, 1
0, 4005, 1
1, 368, 0
0, 4000, 1
0, 4001, 1
0, 4002, 1
0, 4003, 1
0, 4004, 1
0, 4005, 1
0, 4000, 1
0, 4001, 1
0, 4002, 1
0, 4003, 1
0, 4004, 1
0, 4005, 1
1, 101, 1
1, 329, 0
1, 517, 0
0, 235, 0
0, 1057, 1
1, 520, 0
1, 74, 0
1, 112, 0
1, 471, 0
1, 419, 0
1, 500, 0
1, 336, 0
1, 248, 0
0, 4000, 1
0, 4001, 1
0, 4002, 1
0, 4003, 1
0, 4004, 1
0, 4005, 1
1, 393, 0
1, 274, 0
1, 97, 0
0, 264, 0
1, 189, 0
1, 186, 0
1, 275, 0
1, 441, 1
1, 149, 0
1, 310, 0
1, 483, 1
1, 309, 0
0, 478, 0
0, 348, 0
1, 95, 0
1, 346, 1
1, 525, 0
1, 155, 0
0, 4000, 1
0, 4001, 1
0, 4002, 1
0, 4003, 1
0, 4004, 1
0, 4005, 1
1, 129, 0
1, 95, 0
1, 226, 0
1, 802, 0
0, 884, 0
1, 126, 0
1, 156, 0
1, 335, 1
1, 1193, 0
1, 193, 0
1, 146, 0
1, 205, 0
1, 473, 0
1, 519, 0
1, 146, 0
1, 528, 0
1, 284, 0
0, 91, 0
1, 349, 0
1, 218, 0
1, 65, 1
1, 145, 0
1, 107, 0
1, 117, 0
1, 729, 0
1, 345, 0
1, 131, 0
1, 355, 0
1, 357, 0
1, 455, 0
1, 442, 0
1, 337, 1
0, 4000, 1
0, 4001, 1
0, 4002, 1
0, 4003, 1
0, 4004, 1
0, 4005, 1
1, 420, 0
1, 328, 0
1, 68, 0
1, 199, 0
1, 237, 0
1, 90, 0
1, 180, 0
0, 2293, 0
1, 487, 0
1, 303, 0
1, 278, 0
1, 466, 0
1, 82, 0
0, 139, 0
1, 391, 0
1, 1037, 1
0, 226, 0
1, 393, 0
1, 196, 0
1, 442, 0
1, 355, 0
1, 106, 1
1, 495, 0
0, 531, 1
1, 441, 0
0, 987, 1
1, 126, 0
1, 371, 0
0, 4000, 1
0, 4001, 1
0, 4002, 1
0, 4003, 1
0, 4004, 1
0, 4005, 1
1, 902, 0
1, 451, 0
1, 337, 0
1, 517, 0
1, 357, 0
0, 48, 0
1, 58, 0
1, 361, 0
1, 323, 0
1, 477, 0
1, 148, 1
0, 401, 0
1, 392, 0
1, 181, 0
1, 292, 0
0, 1940, 1
1, 143, 0
1, 380, 0
1, 148, 0
1, 413, 0
1, 465, 0
1, 253, 0
1, 349, 0
1, 570, 0
1, 220, 0
0, 3359, 1
1, 49, 0
1, 447, 0
1, 324, 0
1, 433, 0
0, 46, 0
1, 366, 0
0, 793, 1
1, 484, 0
1, 483, 0
1, 122, 0
1, 165, 0
1, 468, 0
0, 486, 1
1, 464, 0
1, 461, 0
1, 218, 0
1, 66, 0
1, 134, 1
1, 153, 0
1, 442, 0
1, 227, 0
1, 197, 0
1, 67, 0
1, 298, 0
0, 45, 0
1, 171, 0
1, 123, 0
1, 330, 0
1, 220, 0
1, 387, 0
1, 441, 0
1, 96, 0
1, 310, 0
0, 91, 0
1, 421, 0
1, 397, 0
0, 2495, 1
1, 500, 0
1, 239, 0
0, 153, 0
0, 384, 0
1, 243, 0
1, 174, 0
1, 218, 0
1, 138, 0
1, 198, 0
1, 109, 0
0, 2969, 1
1, 765, 0
1, 928, 0
1, 468, 0
1, 38, 0
1, 361, 0
0, 363, 0
0, 984, 1
1, 462, 0
1, 372, 0
1, 318, 0
1, 194, 0
1, 142, 0
1, 457, 0
1, 190, 0
0, 1127, 1
1, 186, 0
1, 409, 0
1, 434, 0
1, 401, 0
1, 493, 0
1, 249, 0
1, 351, 0
1, 134, 0
1, 504, 0
1, 191, 0
0, 499, 1
1, 180, 0
1, 206, 0
1, 97, 0
1, 225, 0
1, 371, 0
1, 184, 0
1, 253, 0
1, 422, 0
1, 606, 0
1, 325, 0
1, 74, 0
1, 146, 0
1, 96, 0
1, 151, 0
1, 164, 0
0, 202, 0
0, 205, 0
1, 146, 0
1, 40, 0
1, 647, 0
1, 980, 0
0, 4000, 1
0, 4001, 1
0, 4002, 1
0, 4003, 1
0, 4004, 1
0, 4005, 1
1, 366, 0
1, 1125, 0
1, 150, 0
1, 413, 0
1, 280, 0
1, 158, 0
0, 356, 0
1, 216, 0
1, 122, 0
1, 244, 0
1, 115, 0
1, 316, 0
1, 361, 0
1, 327, 0
1, 198, 0
1, 513, 1
1, 413, 0
0, 661, 0
1, 1, 0
1, 490, 0
0, 174, 0
1, 120, 0
1, 118, 0
1, 461, 0
1, 488, 0
1, 114, 0
1, 380, 0
1, 473, 0
1, 1070, 0
1, 115, 0
1, 98, 0
1, 97, 0
1, 208, 0
1, 396, 0
1, 216, 0
1, 194, 0
1, 601, 1
1, 1243, 0
1, 249, 0
1, 524, 0
1, 444, 1
1, 381, 0
1, 945, 0
1, 373, 0
1, 288, 0
1, 439, 0
1, 132, 0
1, 277, 0
1, 341, 0
1, 193, 0
1, 329, 0
1, 408, 0
1, 372, 0
1, 459, 0
0, 4000, 1
0, 4001, 1
0, 4002, 1
0, 4003, 1
0, 4004, 1
0, 4005, 1
1, 56, 0
0, 4000, 1
0, 4001, 1
0, 4002, 1
0, 4003, 1
0, 4004, 1
0, 4005, 1
1, 229, 0
1, 117, 1
0, 1461, 1
1, 98, 0
0, 757, 1
0, 169, 0
1, 112, 0
1, 330, 0
1, 355, 1
1, 360, 0
1, 119, 0
0, 4000, 0
0, 4001, 0
0, 4002, 0
0, 4003, 0
0, 4004, 0
0, 4005, 0
0, 91, 0
1, 457, 0
1, 70, 1
1, 392, 0
1, 119, 0
1, 214, 0
1, 105, 0
1, 331, 1
1, 531, 0
1, 252, 0
1, 1482, 0
1, 503, 0
1, 505, 0
1, 232, 0
1, 487, 0
1, 173, 0
1, 1413, 0
1, 218, 0
0, 4000, 0
0, 4001, 0
0, 4002, 0
0, 4003, 0
0, 4004, 0
0, 4005, 0
1, 401, 0
1, 101, 0
1, 344, 0
1, 475, 0
0, 4000, 1
0, 4001, 1
0, 4002, 1
0, 4003, 1
0, 4004, 1
0, 4005, 1
0, 2925, 1
1, 166, 0
1, 132, 0
0, 2203, 0
1, 128, 0
1, 41, 0
0, 251, 0
1, 105, 0
1, 373, 0
1, 436, 1
1, 463, 1
1, 132, 0
1, 428, 0
1, 362, 0
1, 126, 0
1, 140, 0
1, 481, 0
0, 4000, 1
0, 4001, 1
0, 4002, 1
0, 4003, 1
0, 4004, 1
0, 4005, 1
1, 286, 0
1, 84, 1
1, 153, 0
1, 129, 0
1, 166, 0
1, 380, 0
0, 107, 0
0, 48, 1
0, 223, 0
1, 431, 0
1, 199, 0
1, 362, 0
1, 404, 0
1, 245, 1
1, 353, 0
1, 478, 0
1, 121, 0
1, 110, 0
1, 363, 0
1, 416, 0
1, 331, 0
1, 356, 0
1, 101, 0
1, 1080, 0
1, 501, 0
1, 194, 0
1, 149, 0
1, 314, 0
1, 397, 0
1, 2260, 0
0, 4000, 1
0, 4001, 1
0, 4002, 1
0, 4003, 1
0, 4004, 1
0, 4005, 1
1, 351, 0
1, 213, 0
1, 90, 0
0, 247, 0
1, 496, 0
0, 4000, 0
0, 4001, 0
0, 4002, 0
0, 4003, 0
0, 4004, 0
0, 4005, 0
1, 150, 0
0, 505, 1
1, 148, 0
1, 454, 1
1, 462, 0
0, 189, 0
1, 346, 0
1, 90, 0
1, 602, 0
1, 471, 0
1, 423, 0
1, 407, 0
1, 548, 0
0, 347, 0
1, 330, 0
1, 430, 1
1, 113, 0
0, 4000, 1
0, 4001, 1
0, 4002, 1
0, 4003, 1
0, 4004, 1
0, 4005, 1
1, 472, 0
1, 424, 0
1, 104, 0
1, 167, 0
1, 139, 0
1, 579, 0
1, 293, 0
1, 373, 0
0, 49, 0
1, 373, 1
1, 315, 0
1, 166, 1
1, 236, 0
1, 55, 0
0, 4000, 1
0, 4001, 1
0, 4002, 1
0, 4003, 1
0, 4004, 1
0, 4005, 1
1, 80, 0
0, 1299, 1
1, 394, 0
1, 216, 0
0, 211, 0
1, 200, 0
1, 124, 0
1, 29, 1
1, 407, 0
0, 224, 0
1, 165, 0
1, 119, 0
1, 346, 0
1, 223, 0
1, 384, 0
1, 274, 0
1, 513, 0
1, 122, 0
1, 453, 0
1, 350, 0
1, 328, 0
1, 533, 0
1, 217, 0
1, 38, 0
1, 109, 0
1, 518, 0
1, 220, 1
1, 121, 0
1, 177, 0
1, 439, 0
1, 503, 0
1, 312, 0
1, 542, 0
0, 664, 0
1, 80, 0
1, 41, 0
1, 313, 0
1, 428, 1
1, 491, 0
1, 104, 0
1, 473, 0
0, 4000, 1
0, 4001, 1
0, 4002, 1
0, 4003, 1
0, 4004, 1
0, 4005, 1
1, 596, 0
1, 149, 0
1, 105, 0
1, 288, 0
1, 435, 0
1, 81, 0
1, 211, 0
1, 68, 0
1, 406, 0
0, 4000, 1
0, 4001, 1
0, 4002, 1
0, 4003, 1
0, 4004, 1
0, 4005, 1
1, 343, 0
1, 250, 0
1, 435, 0
1, 152, 0
1, 94, 0
1, 119, 0
1, 504, 0
1, 487, 0
1, 259, 0
1, 463, 0
1, 189, 0
1, 150, 0
1, 111, 0
1, 355, 0
0, 1391, 1
1, 98, 0
1, 147, 0
1, 136, 0
1, 160, 0
1, 251, 0
1, 144, 0
0, 624, 1
1, 155, 0
1, 305, 0
1, 213, 0
1, 438, 0
1, 107, 0
0, 48, 1
1, 107, 0
1, 225, 0
1, 453, 0
1, 240, 0
1, 143, 1
0, 1770, 1
1, 109, 0
1, 201, 0
1, 232, 0
0, 48, 0
0, 301, 0
0, 1713, 1
1, 657, 0
1, 154, 0
1, 592, 0
1, 433, 0
0, 4000, 1
0, 4001, 1
0, 4002, 1
0, 4003, 1
0, 4004, 1
0, 4005, 1
1, 74, 0
1, 435, 0
1, 182, 0
1, 565, 0
1, 512, 0
1, 220, 0
1, 231, 0
1, 142, 0
1, 584, 0
1, 201, 0
1, 345, 0
0, 251, 0
1, 640, 0
1, 219, 0
1, 86, 0
1, 460, 0
1, 68, 0
1, 105, 0
1, 415, 0
1, 193, 0
1, 290, 0
1, 99, 0
0, 232, 0
1, 406, 0
1, 446, 0
1, 517, 0
1, 423, 0
1, 115, 0
1, 522, 0
1, 293, 1
1, 149, 0
1, 1762, 0
0, 1004, 1
1, 288, 1
1, 290, 0
1, 161, 0
1, 307, 0
1, 309, 0
1, 355, 0
1, 603, 0
1, 148, 0
1, 929, 0
1, 483, 0
0, 4000, 1
0, 4001, 1
0, 4002, 1
0, 4003, 1
0, 4004, 1
0, 4005, 1
1, 276, 0
0, 275, 0
1, 321, 0
1, 1095, 0
1, 407, 0
1, 284, 0
1, 100, 0
1, 488, 0
0, 4000, 1
0, 4001, 1
0, 4002, 1
0, 4003, 1
0, 4004, 1
0, 4005, 1
1, 440, 0
1, 205, 0
1, 402, 0
1, 420, 1
0, 319, 0
1, 143, 0
1, 367, 0
1, 520, 0
1, 202, 0
1, 284, 0
1, 192, 0
0, 823, 1
1, 997, 0
1, 594, 0
1, 258, 0
1, 238, 0
1, 381, 0
1, 1194, 0
0, 48, 0
1, 548, 0
0, 537, 1
1, 79, 0
1, 217, 0
1, 181, 0
1, 96, 1
1, 395, 0
1, 202, 0
0, 431, 0
1, 444, 0
1, 127, 0
1, 462, 0
1, 191, 0
1, 391, 0
1, 125, 0
1, 105, 0
0, 387, 0
1, 465, 0
0, 173, 0
1, 290, 0
1, 445, 0
0, 742, 0
1, 128, 0
1, 147, 0
0, 778, 1
0, 166, 0
0, 939, 1
0, 2619, 0
1, 421, 0
1, 69, 0
1, 451, 0
1, 128, 0
1, 19, 0
1, 279, 0
1, 240, 0
0, 4000, 1
0, 4001, 1
0, 4002, 1
0, 4003, 1
0, 4004, 1
0, 4005, 1
0, 4000, 1
0, 4001, 1
0, 4002, 1
0, 4003, 1
0, 4004, 1
0, 4005, 1
0, 4000, 0
0, 4001, 0
0, 4002, 0
0, 4003, 0
0, 4004, 0
0, 4005, 0
1, 215, 0
1, 64, 0
1, 444, 0
0, 4000, 1
0, 4001, 1
0, 4002, 1
0, 4003, 1
0, 4004, 1
0, 4005, 1
1, 283, 0
1, 496, 0
1, 344, 1
1, 359, 0
1, 476, 0
1, 320, 0
1, 82, 0
1, 526, 0
1, 277, 0
1, 207, 0
1, 456, 0
1, 308, 0
1, 314, 0
1, 328, 0
1, 217, 0
1, 234, 1
1, 344, 0
1, 195, 0
1, 224, 0
1, 81, 0
1, 178, 0
1, 99, 0
0, 190, 0
1, 57, 0
1, 212, 0
0, 1349, 1
1, 201, 0
1, 384, 0
0, 285, 0
1, 362, 0
0, 799, 0
1, 337, 1
1, 114, 0
1, 111, 0
1, 550, 0
0, 4000, 1
0, 4001, 1
0, 4002, 1
0, 4003, 1
0, 4004, 1
0, 4005, 1
1, 530, 0
1, 100, 0
1, 888, 0
1, 138, 0
1, 227, 0
1, 122, 0
1, 510, 0
0, 4000, 1
0, 4001, 1
0, 4002, 1
0, 4003, 1
0, 4004, 1
0, 4005, 1
1, 550, 0
1, 591, 0
1, 224, 1
1, 412, 0
1, 466, 0
1, 260, 0
1, 427, 0
1, 481, 0
1, 308, 0
1, 99, 0
1, 245, 0
1, 149, 0
1, 254, 0
1, 122, 0
0, 145, 0
0, 256, 0
1, 504, 0
1, 187, 0
1, 220, 0
0, 49, 0
0, 4000, 0
0, 4001, 0
0, 4002, 0
0, 4003, 0
0, 4004, 0
0, 4005, 0
1, 542, 0
0, 2064, 0
1, 140, 0
1, 343, 0
1, 604, 1
0, 4000, 1
0, 4001, 1
0, 4002, 1
0, 4003, 1
0, 4004, 1
0, 4005, 1
0, 4000, 1
0, 4001, 1
0, 4002, 1
0, 4003, 1
0, 4004, 1
0, 4005, 1
1, 589, 0
1, 256, 0
1, 447, 0
1, 442, 0
1, 360, 0
1, 339, 0
0, 2796, 1
1, 101, 0
0, 4000, 0
0, 4001, 0
0, 4002, 0
0, 4003, 0
0, 4004, 0
0, 4005, 0
1, 262, 0
1, 394, 0
1, 218, 0
1, 287, 0
1, 317, 0
1, 556, 0
1, 470, 1
1, 448, 0
0, 765, 1
1, 189, 0
1, 319, 0
1, 308, 0
1, 2050, 0
1, 396, 0
1, 120, 0
1, 496, 0
0, 403, 0
1, 3283, 0
1, 523, 0
1, 661, 0
1, 209, 0
1, 475, 0
1, 519, 0
1, 123, 0
1, 219, 0
0, 4000, 1
0, 4001, 1
0, 4002, 1
0, 4003, 1
0, 4004, 1
0, 4005, 1
1, 927, 0
1, 793, 0
1, 118, 0
1, 409, 0
1, 259, 0
0, 4000, 1
0, 4001, 1
0, 4002, 1
0, 4003, 1
0, 4004, 1
0, 4005, 1
1, 276, 0
0, 261, 0
1, 134, 0
1, 324, 0
1, 266, 0
1, 1, 0
0, 4000, 1
0, 4001, 1
0, 4002, 1
0, 4003, 1
0, 4004, 1
0, 4005, 1
1, 250, 0
0, 4000, 1
0, 4001, 1
0, 4002, 1
0, 4003, 1
0, 4004, 1
0, 4005, 1
1, 373, 0
1, 83, 0
1, 448, 0
1, 226, 0
1, 154, 0
1, 173, 0
1, 337, 0
1, 461, 1
1, 119, 0
1, 209, 0
1, 41, 0
1, 204, 0
1, 296, 0
1, 178, 0
1, 362, 0
1, 1022, 0
1, 187, 0
1, 326, 0
1, 199, 0
1, 335, 0
1, 98, 0
1, 95, 0
1, 92, 0
1, 524, 0
1, 207, 0
1, 253, 0
1, 369, 0
1, 513, 0
1, 122, 0
1, 506, 0
0, 4000, 0
0, 4001, 0
0, 4002, 0
0, 4003, 0
0, 4004, 0
0, 4005, 0
0, 1526, 1
1, 110, 0
1, 361, 0
1, 216, 0
0, 4000, 0
0, 4001, 0
0, 4002, 0
0, 4003, 0
0, 4004, 0
0, 4005, 0
1, 161, 0
1, 229, 0
1, 397, 0
1, 107, 0
1, 208, 0
1, 552, 0
1, 406, 0
1, 194, 0
0, 250, 0
0, 4000, 1
0, 4001, 1
0, 4002, 1
0, 4003, 1
0, 4004, 1
0, 4005, 1
1, 158, 0
1, 160, 0
1, 490, 0
1, 392, 0
1, 330, 0
1, 216, 0
1, 120, 0
1, 320, 0
1, 451, 0
1, 131, 0
1, 96, 0
1, 332, 0
1, 322, 1
1, 252, 0
0, 190, 0
1, 437, 0
1, 529, 1
1, 160, 0
1, 138, 0
1, 402, 0
1, 55, 0
1, 470, 0
1, 333, 0
0, 2590, 1
1, 202, 0
1, 128, 0
0, 4000, 1
0, 4001, 1
0, 4002, 1
0, 4003, 1
0, 4004, 1
0, 4005, 1
1, 117, 1
1, 697, 1
1, 137, 0
0, 4000, 1
0, 4001, 1
0, 4002, 1
0, 4003, 1
0, 4004, 1
0, 4005, 1
1, 195, 0
1, 494, 0
1, 196, 0
1, 482, 0
1, 968, 0
1, 455, 0
0, 612, 1
1, 167, 1
1, 249, 0
1, 340, 0
1, 208, 0
1, 196, 0
1, 94, 0
1, 375, 0
1, 176, 0
1, 392, 0
1, 340, 0
0, 3724, 1
0, 3811, 1
1, 132, 0
1, 386, 0
0, 1509, 1
1, 364, 0
1, 176, 0
1, 245, 0
1, 237, 0
0, 180, 0
1, 476, 0
1, 279, 0
1, 143, 1
1, 376, 0
1, 436, 0
1, 285, 0
0, 1927, 1
1, 175, 0
1, 266, 0
1, 362, 0
1, 363, 1
1, 280, 0
1, 281, 0
0, 4000, 1
0, 4001, 1
0, 4002, 1
0, 4003, 1
0, 4004, 1
0, 4005, 1
1, 465, 0
1, 26, 0
0, 286, 0
1, 334, 0
1, 499, 0
1, 325, 0
1, 148, 0
0, 309, 0
1, 236, 0
1, 122, 0
1, 369, 0
1, 132, 0
1, 135, 0
1, 1383, 0
0, 1660, 1
1, 334, 0
1, 213, 0
1, 215, 0
1, 367, 0
1, 250, 0
1, 116, 0
1, 354, 0
1, 160, 0
1, 610, 0
1, 96, 0
1, 282, 0
0, 2028, 1
1, 237, 0
1, 467, 0
1, 552, 0
1, 113, 1
1, 374, 0
0, 2483, 1
1, 182, 1
1, 928, 0
1, 323, 1
1, 200, 0
0, 171, 0
1, 121, 0
1, 153, 0
1, 320, 0
1, 207, 0
0, 4000, 1
0, 4001, 1
0, 4002, 1
0, 4003, 1
0, 4004, 1
0, 4005, 1
1, 426, 0
1, 160, 0
1, 578, 0
0, 4000, 1
0, 4001, 1
0, 4002, 1
0, 4003, 1
0, 4004, 1
0, 4005, 1
0, 1463, 1
0, 4000, 1
0, 4001, 1
0, 4002, 1
0, 4003, 1
0, 4004, 1
0, 4005, 1
1, 124, 0
1, 148, 0
1, 354, 0
1, 472, 0
1, 404, 0
1, 201, 0
1, 311, 0
1, 172, 1
0, 4000, 1
0, 4001, 1
0, 4002, 1
0, 4003, 1
0, 4004, 1
0, 4005, 1
1, 186, 1
1, 332, 0
1, 111, 0
1, 217, 1
1, 363, 0
1, 110, 1
1, 360, 0
1, 482, 0
1, 185, 0
1, 238, 0
1, 396, 0
0, 4000, 1
0, 4001, 1
0, 4002, 1
0, 4003, 1
0, 4004, 1
0, 4005, 1
1, 169, 0
1, 202, 0
1, 212, 0
1, 472, 0
1, 482, 0
1, 583, 0
1, 518, 0
1, 228, 0
1, 358, 0
1, 356, 0
0, 1680, 1
1, 587, 0
1, 425, 0
1, 113, 0
0, 222, 1
1, 247, 0
1, 1000, 0
1, 170, 0
0, 268, 1
1, 363, 0
1, 112, 0
1, 294, 0
1, 112, 0
0, 4000, 0
0, 4001, 0
0, 4002, 0
0, 4003, 0
0, 4004, 0
0, 4005, 0
1, 445, 0
1, 268, 0
1, 70, 0
1, 148, 0
1, 342, 1
1, 138, 1
1, 347, 0
1, 477, 0
1, 143, 0
1, 206, 0
0, 48, 0
1, 333, 0
1, 339, 1
1, 363, 0
1, 479, 0
1, 138, 0
1, 208, 0
1, 602, 0
1, 65, 0
1, 364, 0
1, 630, 0
1, 438, 0
1, 229, 0
1, 103, 0
1, 96, 0
1, 707, 0
1, 495, 0
0, 284, 0
1, 1154, 0
1, 204, 0
1, 259, 0
1, 107, 0
1, 612, 0
1, 387, 1
1, 117, 0
1, 148, 0
1, 438, 0
1, 126, 0
1, 156, 0
0, 4000, 1
0, 4001, 1
0, 4002, 1
0, 4003, 1
0, 4004, 1
0, 4005, 1
1, 359, 0
1, 313, 0
1, 249, 0
1, 95, 0
1, 166, 0
1, 183, 0
1, 344, 0
1, 508, 0
1, 165, 0
1, 185, 1
1, 92, 0
1, 119, 0
1, 509, 0
1, 335, 0
1, 109, 0
1, 419, 0
1, 125, 0
1, 814, 0
1, 379, 0
1, 349, 0
1, 470, 0
1, 249, 0
1, 106, 0
1, 103, 0
1, 203, 0
1, 411, 0
1, 123, 0
1, 284, 0
0, 166, 0
1, 110, 0
1, 381, 0
0, 4000, 0
0, 4001, 0
0, 4002, 0
0, 4003, 0
0, 4004, 0
0, 4005, 0
1, 131, 0
1, 448, 1
1, 421, 0
1, 318, 0
1, 107, 0
1, 76, 0
0, 224, 0
1, 436, 0
1, 315, 0
1, 1757, 1
0, 3745, 0
1, 82, 0
1, 124, 0
0, 4000, 1
0, 4001, 1
0, 4002, 1
0, 4003, 1
0, 4004, 1
0, 4005, 1
0, 4000, 1
0, 4001, 1
0, 4002, 1
0, 4003, 1
0, 4004, 1
0, 4005, 1
1, 125, 0
1, 496, 0
0, 282, 1
1, 179, 0
1, 332, 0
1, 297, 0
1, 207, 0
1, 229, 0
1, 308, 1
1, 323, 0
1, 700, 0
1, 1013, 0
1, 350, 0
1, 420, 0
1, 166, 0
1, 328, 0
0, 4000, 0
0, 4001, 0
0, 4002, 0
0, 4003, 0
0, 4004, 0
0, 4005, 0
1, 265, 1
1, 461, 0
1, 237, 0
1, 165, 0
0, 323, 0
1, 107, 0
1, 232, 0
0, 980, 1
0, 4000, 1
0, 4001, 1
0, 4002, 1
0, 4003, 1
0, 4004, 1
0, 4005, 1
1, 250, 0
1, 226, 0
1, 609, 0
1, 212, 0
1, 91, 0
1, 99, 0
1, 411, 0
1, 474, 1
1, 459, 0
1, 221, 0
1, 840, 0
1, 497, 0
1, 483, 0
1, 460, 0
1, 222, 0
1, 59, 0
1, 389, 0
1, 215, 0
0, 4000, 1
0, 4001, 1
0, 4002, 1
0, 4003, 1
0, 4004, 1
0, 4005, 1
1, 92, 0
1, 465, 0
1, 423, 0
1, 182, 0
1, 435, 0
1, 133, 0
1, 90, 0
1, 388, 0
1, 395, 0
1, 434, 0
1, 399, 0
1, 171, 0
0, 4000, 1
0, 4001, 1
0, 4002, 1
0, 4003, 1
0, 4004, 1
0, 4005, 1
0, 4000, 0
0, 4001, 0
0, 4002, 0
0, 4003, 0
0, 4004, 0
0, 4005, 0
1, 193, 0
1, 173, 0
1, 25, 0
1, 439, 0
1, 208, 0
1, 779, 0
1, 378, 0
0, 198, 0
1, 445, 0
1, 186, 0
0, 414, 0
1, 529, 0
1, 445, 0
1, 338, 0
1, 241, 0
1, 149, 0
1, 432, 0
1, 163, 0
1, 118, 0
1, 532, 0
1, 268, 0
1, 139, 0
1, 138, 1
0, 4000, 1
0, 4001, 1
0, 4002, 1
0, 4003, 1
0, 4004, 1
0, 4005, 1
1, 249, 0
1, 114, 1
1, 439, 0
1, 2916, 0
1, 137, 0
0, 4000, 1
0, 4001, 1
0, 4002, 1
0, 4003, 1
0, 4004, 1
0, 4005, 1
1, 267, 0
0, 4000, 1
0, 4001, 1
0, 4002, 1
0, 4003, 1
0, 4004, 1
0, 4005, 1
1, 226, 0
1, 477, 0
1, 360, 0
1, 402, 0
1, 391, 0
1, 102, 0
1, 59, 0
1, 397, 0
1, 348, 1
0, 4000, 1
0, 4001, 1
0, 4002, 1
0, 4003, 1
0, 4004, 1
0, 4005, 1
1, 234, 0
1, 92, 0
1, 352, 0
1, 310, 0
1, 420, 0
1, 223, 0
1, 359, 0
1, 306, 0
1, 425, 0
1, 308, 1
1, 378, 0
1, 286, 0
0, 352, 0
1, 82, 0
0, 2161, 1
1, 423, 0
1, 314, 0
1, 86, 0
1, 487, 0
1, 248, 1
0, 4000, 1
0, 4001, 1
0, 4002, 1
0, 4003, 1
0, 4004, 1
0, 4005, 1
1, 389, 0
1, 201, 0
1, 85, 0
1, 134, 0
1, 179, 0
1, 190, 1
1, 293, 0
1, 418, 0
1, 454, 0
1, 118, 0
1, 438, 0
1, 131, 0
1, 458, 0
0, 4000, 1
0, 4001, 1
0, 4002, 1
0, 4003, 1
0, 4004, 1
0, 4005, 1
1, 448, 0
1, 1081, 0
1, 130, 0
1, 311, 0
1, 144, 0
1, 386, 0
1, 91, 0
1, 536, 0
1, 113, 1
1, 453, 0
1, 168, 0
1, 120, 0
1, 432, 0
0, 4000, 1
0, 4001, 1
0, 4002, 1
0, 4003, 1
0, 4004, 1
0, 4005, 1
1, 257, 0
1, 308, 0
1, 974, 1
1, 536, 0
1, 124, 0
1, 399, 0
1, 424, 0
1, 154, 0
1, 109, 0
1, 223, 0
0, 1474, 1
0, 4000, 1
0, 4001, 1
0, 4002, 1
0, 4003, 1
0, 4004, 1
0, 4005, 1
0, 1262, 1
1, 348, 0
0, 245, 0
1, 230, 0
1, 455, 1
1, 520, 0
1, 179, 0
1, 192, 0
0, 4000, 1
0, 4001, 1
0, 4002, 1
0, 4003, 1
0, 4004, 1
0, 4005, 1
1, 123, 1
1, 787, 1
1, 283, 0
1, 125, 0
1, 224, 0
1, 482, 0
1, 397, 0
1, 372, 0
1, 676, 0
1, 261, 0
1, 374, 0
1, 213, 0
1, 279, 0
0, 4000, 1
0, 4001, 1
0, 4002, 1
0, 4003, 1
0, 4004, 1
0, 4005, 1
1, 378, 0
1, 115, 0
1, 260, 0
1, 513, 0
1, 154, 0
1, 927, 0
1, 147, 0
1, 341, 0
1, 275, 0
1, 127, 0
1, 176, 1
1, 7, 0
0, 1197, 1
1, 108, 0
1, 1334, 0
1, 452, 0
1, 198, 0
1, 491, 0
1, 578, 0
1, 97, 0
0, 431, 0
1, 112, 0
1, 201, 0
1, 562, 0
0, 3895, 1
1, 639, 0
1, 751, 0
1, 176, 1
1, 145, 0
1, 111, 0
1, 83, 0
1, 1980, 1
1, 373, 0
0, 173, 0
1, 185, 0
1, 311, 0
1, 253, 0
1, 383, 0
1, 1164, 0
1, 327, 0
1, 544, 0
1, 1422, 0
1, 137, 0
1, 313, 0
1, 230, 0
1, 629, 0
1, 485, 0
1, 16, 0
1, 1252, 0
0, 4000, 1
0, 4001, 1
0, 4002, 1
0, 4003, 1
0, 4004, 1
0, 4005, 1
0, 4000, 1
0, 4001, 1
0, 4002, 1
0, 4003, 1
0, 4004, 1
0, 4005, 1
1, 448, 0
1, 386, 0
1, 146, 1
1, 165, 0
1, 232, 0
1, 473, 0
1, 79, 0
1, 262, 0
1, 134, 0
0, 286, 0
1, 240, 0
1, 380, 0
1, 304, 0
1, 525, 0
0, 4000, 1
0, 4001, 1
0, 4002, 1
0, 4003, 1
0, 4004, 1
0, 4005, 1
1, 347, 0
1, 379, 0
1, 639, 0
1, 453, 0
1, 165, 0
0, 1035, 0
1, 270, 0
1, 383, 0
1, 157, 0
1, 106, 0
1, 235, 0
1, 325, 0
1, 157, 0
1, 428, 0
1, 91, 0
1, 163, 0
1, 614, 0
1, 353, 0
1, 351, 0
1, 111, 0
1, 389, 0
1, 146, 0
1, 427, 0
0, 4000, 0
0, 4001, 0
0, 4002, 0
0, 4003, 0
0, 4004, 0
0, 4005, 0
1, 2578, 0
1, 205, 1
1, 555, 0
1, 109, 0
1, 64, 0
1, 347, 0
0, 4000, 1
0, 4001, 1
0, 4002, 1
0, 4003, 1
0, 4004, 1
0, 4005, 1
1, 381, 0
1, 630, 0
1, 215, 0
1, 205, 0
1, 4, 0
1, 371, 0
0, 693, 0
1, 273, 0
1, 422, 0
1, 188, 0
1, 452, 0
1, 191, 0
1, 503, 0
1, 372, 0
1, 182, 0
1, 343, 0
1, 470, 0
1, 123, 0
1, 184, 0
1, 56, 0
1, 137, 0
1, 298, 0
1, 436, 0
1, 480, 0
1, 454, 0
0, 614, 0
1, 456, 0
1, 354, 0
1, 223, 0
1, 120, 0
0, 4000, 1
0, 4001, 1
0, 4002, 1
0, 4003, 1
0, 4004, 1
0, 4005, 1
1, 216, 0
1, 287, 0
1, 922, 0
0, 206, 0
1, 105, 0
0, 4000, 1
0, 4001, 1
0, 4002, 1
0, 4003, 1
0, 4004, 1
0, 4005, 1
1, 354, 0
1, 492, 0
1, 436, 0
1, 97, 0
1, 417, 0
1, 95, 0
1, 153, 0
1, 615, 0
1, 161, 0
1, 168, 0
1, 303, 1
1, 1398, 0
1, 382, 0
1, 244, 0
0, 368, 0
1, 378, 0
1, 354, 0
1, 386, 0
1, 292, 0
1, 468, 0
1, 137, 0
1, 400, 0
1, 515, 0
1, 299, 0
0, 4000, 1
0, 4001, 1
0, 4002, 1
0, 4003, 1
0, 4004, 1
0, 4005, 1
1, 430, 0
1, 348, 0
1, 588, 0
1, 182, 0
1, 232, 0
1, 452, 0
1, 156, 0
1, 254, 0
1, 338, 0
1, 94, 0
1, 317, 0
0, 204, 0
0, 4000, 1
0, 4001, 1
0, 4002, 1
0, 4003, 1
0, 4004, 1
0, 4005, 1
1, 512, 0
1, 466, 0
1, 3115, 0
1, 203, 0
1, 430, 0
0, 224, 0
1, 217, 0
1, 332, 0
1, 978, 0
1, 182, 0
0, 4000, 1
0, 4001, 1
0, 4002, 1
0, 4003, 1
0, 4004, 1
0, 4005, 1
1, 217, 0
1, 98, 0
1, 217, 0
1, 544, 0
0, 4000, 1
0, 4001, 1
0, 4002, 1
0, 4003, 1
0, 4004, 1
0, 4005, 1
1, 229, 0
1, 523, 0
1, 864, 0
1, 212, 0
0, 4000, 1
0, 4001, 1
0, 4002, 1
0, 4003, 1
0, 4004, 1
0, 4005, 1
1, 132, 0
1, 414, 0
1, 340, 0
1, 341, 0
1, 152, 0
1, 420, 0
1, 181, 0
1, 573, 0
1, 612, 0
1, 398, 0
0, 4000, 1
0, 4001, 1
0, 4002, 1
0, 4003, 1
0, 4004, 1
0, 4005, 1
0, 91, 0
1, 903, 0
1, 39, 0
1, 366, 0
1, 208, 0
1, 174, 0
0, 4000, 1
0, 4001, 1
0, 4002, 1
0, 4003, 1
0, 4004, 1
0, 4005, 1
1, 206, 0
1, 103, 0
1, 232, 1
1, 504, 0
1, 331, 0
0, 772, 1
1, 287, 0
1, 209, 0
1, 329, 0
1, 356, 1
1, 334, 0
1, 265, 0
1, 86, 0
0, 89, 1
1, 238, 0
1, 151, 0
1, 627, 0
1, 132, 0
0, 195, 0
1, 460, 0
1, 227, 0
1, 391, 0
0, 196, 0
1, 150, 1
1, 350, 0
1, 81, 0
1, 122, 0
1, 150, 0
1, 353, 0
1, 342, 0
1, 1091, 0
1, 110, 0
1, 278, 0
1, 694, 0
1, 523, 0
1, 150, 0
1, 296, 0
1, 117, 0
0, 2228, 1
1, 105, 0
1, 297, 0
1, 272, 0
1, 115, 0
1, 224, 0
1, 372, 0
1, 356, 1
1, 198, 0
1, 71, 0
1, 240, 0
1, 743, 0
1, 544, 0
1, 499, 0
1, 541, 0
1, 490, 0
1, 106, 0
1, 247, 0
1, 274, 0
1, 1172, 0
1, 211, 0
1, 157, 0
1, 148, 0
1, 209, 0
1, 323, 0
1, 308, 0
1, 376, 1
1, 226, 0
1, 307, 0
1, 80, 0
1, 575, 0
1, 870, 1
1, 1765, 0
1, 247, 0
1, 196, 1
1, 190, 0
1, 237, 0
1, 362, 0
1, 329, 1
1, 354, 1
1, 260, 0
0, 233, 0
1, 630, 0
1, 431, 0
0, 260, 0
1, 343, 0
1, 273, 0
1, 1, 0
1, 523, 0
1, 111, 0
1, 432, 0
1, 159, 0
1, 269, 0
1, 171, 0
1, 87, 0
1, 330, 1
1, 101, 0
0, 49, 0
1, 1723, 0
1, 529, 0
0, 3172, 1
1, 1013, 0
0, 241, 1
1, 182, 0
1, 152, 0
1, 85, 0
1, 208, 0
1, 1470, 0
1, 159, 0
1, 148, 0
1, 88, 0
1, 157, 0
1, 188, 0
1, 334, 0
1, 196, 0
1, 352, 0
1, 2, 0
1, 390, 0
1, 437, 0
1, 113, 0
1, 296, 0
1, 243, 0
1, 372, 0
1, 82, 0
1, 506, 0
1, 112, 0
1, 117, 0
1, 216, 0
1, 112, 0
1, 211, 0
1, 113, 0
0, 4000, 1
0, 4001, 1
0, 4002, 1
0, 4003, 1
0, 4004, 1
0, 4005, 1
1, 447, 0
1, 362, 0
1, 333, 0
1, 233, 0
1, 143, 0
1, 320, 0
1, 399, 0
1, 471, 0
1, 150, 0
1, 461, 0
0, 4000, 1
0, 4001, 1
0, 4002, 1
0, 4003, 1
0, 4004, 1
0, 4005, 1
1, 67, 0
1, 376, 0
1, 440, 0
1, 495, 0
1, 767, 0
0, 91, 0
1, 323, 0
1, 370, 0
0, 4000, 1
0, 4001, 1
0, 4002, 1
0, 4003, 1
0, 4004, 1
0, 4005, 1
1, 271, 0
1, 207, 0
1, 107, 0
1, 333, 0
1, 431, 0
1, 121, 0
1, 446, 0
1, 197, 0
1, 193, 0
1, 417, 0
1, 390, 0
1, 828, 0
0, 4000, 1
0, 4001, 1
0, 4002, 1
0, 4003, 1
0, 4004, 1
0, 4005, 1
1, 557, 0
1, 117, 0
1, 156, 0
1, 391, 0
0, 4000, 0
0, 4001, 0
0, 4002, 0
0, 4003, 0
0, 4004, 0
0, 4005, 0
1, 448, 0
0, 166, 0
1, 374, 0
1, 330, 0
0, 4000, 1
0, 4001, 1
0, 4002, 1
0, 4003, 1
0, 4004, 1
0, 4005, 1
1, 355, 0
1, 151, 0
1, 180, 0
1, 241, 0
1, 272, 0
1, 350, 0
1, 55, 0
1, 431, 0
1, 197, 1
1, 380, 0
1, 547, 0
1, 290, 0
0, 4000, 1
0, 4001, 1
0, 4002, 1
0, 4003, 1
0, 4004, 1
0, 4005, 1
1, 147, 0
1, 363, 0
1, 325, 0
1, 224, 0
0, 91, 0
1, 210, 0
1, 312, 0
1, 160, 0
0, 4000, 1
0, 4001, 1
0, 4002, 1
0, 4003, 1
0, 4004, 1
0, 4005, 1
1, 496, 0
1, 205, 0
1, 228, 0
1, 122, 0
1, 89, 0
1, 159, 0
1, 363, 0
1, 3097, 0
1, 122, 0
1, 132, 1
1, 108, 0
1, 362, 0
1, 185, 0
1, 123, 0
1, 171, 1
1, 306, 0
1, 320, 1
1, 314, 0
1, 186, 0
0, 4000, 1
0, 4001, 1
0, 4002, 1
0, 4003, 1
0, 4004, 1
0, 4005, 1
1, 219, 0
1, 341, 0
1, 114, 0
1, 100, 0
1, 326, 0
0, 4000, 1
0, 4001, 1
0, 4002, 1
0, 4003, 1
0, 4004, 1
0, 4005, 1
1, 575, 0
1, 1312, 0
1, 31, 0
1, 498, 0
1, 203, 0
1, 272, 0
0, 91, 0
1, 407, 0
1, 430, 0
1, 429, 0
1, 264, 0
1, 266, 0
1, 103, 0
1, 431, 0
1, 419, 0
1, 164, 0
1, 103, 0
1, 169, 0
1, 238, 0
1, 75, 0
1, 368, 0
1, 189, 0
1, 34, 0
1, 396, 0
1, 299, 1
1, 101, 0
1, 329, 0
1, 94, 0
1, 305, 0
1, 368, 0
1, 229, 0
1, 308, 0
1, 326, 0
1, 2017, 0
1, 1514, 0
1, 46, 0
1, 326, 0
1, 212, 0
1, 315, 0
1, 401, 0
1, 142, 0
1, 409, 0
1, 636, 0
1, 152, 0
1, 354, 0
1, 243, 0
1, 451, 0
1, 209, 1
1, 486, 1
1, 595, 0
1, 213, 0
0, 1438, 1
1, 217, 0
1, 392, 0
0, 948, 1
1, 160, 0
1, 383, 0
1, 400, 0
1, 123, 0
1, 1010, 0
1, 231, 0
0, 4000, 0
0, 4001, 0
0, 4002, 0
0, 4003, 0
0, 4004, 0
0, 4005, 0
1, 325, 0
1, 320, 0
1, 207, 0
1, 386, 0
1, 286, 0
1, 405, 1
1, 347, 0
1, 258, 0
1, 978, 0
1, 424, 0
1, 604, 0
1, 142, 0
1, 208, 0
1, 96, 0
1, 230, 0
1, 73, 0
1, 214, 0
1, 442, 0
1, 352, 0
1, 236, 1
1, 564, 0
0, 4000, 1
0, 4001, 1
0, 4002, 1
0, 4003, 1
0, 4004, 1
0, 4005, 1
1, 118, 0
1, 75, 1
1, 356, 0
1, 122, 0
1, 347, 0
1, 275, 0
1, 140, 0
1, 74, 1
0, 4000, 1
0, 4001, 1
0, 4002, 1
0, 4003, 1
0, 4004, 1
0, 4005, 1
1, 117, 0
1, 255, 0
1, 111, 1
1, 406, 0
1, 480, 1
0, 4000, 1
0, 4001, 1
0, 4002, 1
0, 4003, 1
0, 4004, 1
0, 4005, 1
1, 207, 1
1, 135, 0
1, 159, 0
1, 330, 0
1, 442, 0
1, 192, 0
1, 422, 0
1, 457, 0
0, 4000, 1
0, 4001, 1
0, 4002, 1
0, 4003, 1
0, 4004, 1
0, 4005, 1
1, 1498, 1
1, 132, 0
1, 348, 0
1, 592, 0
1, 532, 0
1, 292, 0
1, 110, 0
1, 166, 0
1, 314, 0
1, 250, 0
1, 627, 0
0, 4000, 1
0, 4001, 1
0, 4002, 1
0, 4003, 1
0, 4004, 1
0, 4005, 1
0, 4000, 1
0, 4001, 1
0, 4002, 1
0, 4003, 1
0, 4004, 1
0, 4005, 1
1, 291, 0
1, 199, 0
1, 518, 0
1, 200, 0
1, 2835, 0
0, 147, 0
1, 374, 0
1, 218, 1
1, 317, 0
1, 120, 0
1, 774, 0
0, 159, 0
0, 4000, 1
0, 4001, 1
0, 4002, 1
0, 4003, 1
0, 4004, 1
0, 4005, 1
1, 20, 0
1, 149, 0
1, 957, 0
1, 374, 0
1, 311, 0
1, 88, 0
1, 1215, 0
1, 121, 0
1, 508, 0
1, 308, 0
1, 94, 0
1, 222, 0
1, 169, 0
1, 409, 0
1, 510, 0
1, 284, 0
1, 169, 0
1, 87, 0
1, 461, 1
1, 137, 0
1, 115, 0
1, 152, 0
1, 157, 0
1, 63, 0
1, 366, 1
1, 65, 0
1, 374, 1
1, 574, 1
1, 313, 0
1, 80, 0
1, 397, 0
1, 134, 1
1, 340, 0
1, 496, 0
1, 386, 0
0, 4000, 1
0, 4001, 1
0, 4002, 1
0, 4003, 1
0, 4004, 1
0, 4005, 1
1, 227, 0
1, 755, 0
1, 409, 0
1, 83, 0
1, 91, 0
1, 104, 0
1, 150, 0
1, 406, 0
1, 470, 0
1, 486, 0
0, 4000, 1
0, 4001, 1
0, 4002, 1
0, 4003, 1
0, 4004, 1
0, 4005, 1
1, 548, 0
1, 117, 0
1, 3123, 1
0, 352, 0
1, 217, 0
1, 466, 0
1, 116, 0
1, 360, 0
1, 114, 0
1, 71, 0
1, 480, 0
0, 4000, 1
0, 4001, 1
0, 4002, 1
0, 4003, 1
0, 4004, 1
0, 4005, 1
1, 1140, 0
0, 199, 0
1, 114, 0
1, 71, 0
1, 338, 0
0, 2162, 1
1, 167, 0
1, 285, 0
1, 60, 0
1, 198, 0
0, 206, 1
1, 189, 0
1, 529, 1
1, 125, 0
1, 394, 0
1, 341, 0
1, 165, 0
1, 465, 1
1, 489, 0
0, 4000, 1
0, 4001, 1
0, 4002, 1
0, 4003, 1
0, 4004, 1
0, 4005, 1
1, 482, 0
1, 224, 0
1, 123, 0
0, 228, 0
1, 190, 0
1, 130, 0
1, 594, 0
0, 4000, 1
0, 4001, 1
0, 4002, 1
0, 4003, 1
0, 4004, 1
0, 4005, 1
1, 117, 0
1, 414, 0
1, 135, 0
1, 352, 0
1, 656, 0
0, 91, 0
0, 574, 0
1, 472, 0
1, 229, 0
1, 479, 0
1, 188, 0
1, 144, 0
0, 234, 0
1, 341, 0
1, 336, 0
1, 399, 0
1, 293, 0
1, 395, 1
1, 7, 0
1, 84, 0
0, 4000, 1
0, 4001, 1
0, 4002, 1
0, 4003, 1
0, 4004, 1
0, 4005, 1
1, 378, 0
1, 521, 0
1, 390, 0
1, 516, 0
1, 208, 0
1, 328, 0
1, 2328, 0
1, 521, 0
1, 108, 0
1, 122, 0
1, 493, 1
1, 96, 0
1, 69, 0
0, 179, 0
1, 1, 0
1, 119, 1
0, 4000, 1
0, 4001, 1
0, 4002, 1
0, 4003, 1
0, 4004, 1
0, 4005, 1
1, 359, 1
1, 211, 0
1, 409, 0
1, 397, 0
1, 207, 0
1, 238, 0
1, 389, 0
1, 130, 0
1, 425, 1
1, 53, 0
1, 200, 0
1, 338, 0
1, 70, 0
1, 306, 0
1, 329, 0
1, 375, 0
1, 156, 0
1, 462, 0
1, 348, 0
1, 166, 0
1, 184, 1
1, 313, 0
1, 977, 0
1, 646, 0
1, 154, 0
1, 329, 0
1, 109, 0
1, 304, 0
1, 417, 0
1, 3724, 0
0, 445, 0
0, 4000, 1
0, 4001, 1
0, 4002, 1
0, 4003, 1
0, 4004, 1
0, 4005, 1
1, 577, 0
1, 365, 0
1, 153, 0
1, 315, 0
1, 261, 0
1, 498, 0
1, 343, 0
1, 439, 0
1, 427, 0
0, 4000, 1
0, 4001, 1
0, 4002, 1
0, 4003, 1
0, 4004, 1
0, 4005, 1
1, 407, 0
1, 124, 0
0, 4000, 1
0, 4001, 1
0, 4002, 1
0, 4003, 1
0, 4004, 1
0, 4005, 1
1, 137, 0
1, 526, 1
1, 430, 0
1, 324, 0
1, 130, 0
1, 492, 0
0, 1282, 1
1, 401, 1
1, 517, 0
1, 136, 0
1, 111, 0
0, 429, 0
1, 433, 0
1, 1113, 0
1, 345, 0
1, 189, 0
1, 463, 0
1, 387, 0
1, 363, 0
1, 462, 0
1, 129, 0
1, 592, 0
1, 351, 0
1, 250, 0
1, 611, 0
1, 338, 0
0, 3581, 1
1, 92, 0
1, 1, 0
0, 3891, 0
1, 144, 1
1, 70, 0
0, 4000, 1
0, 4001, 1
0, 4002, 1
0, 4003, 1
0, 4004, 1
0, 4005, 1
1, 238, 0
0, 4000, 0
0, 4001, 0
0, 4002, 0
0, 4003, 0
0, 4004, 0
0, 4005, 0
0, 418, 1
1, 738, 0
1, 1860, 0
1, 397, 0
1, 952, 0
1, 370, 0
1, 1099, 0
1, 358, 0
0, 465, 0
1, 213, 0
1, 185, 0
1, 408, 0
1, 1162, 0
1, 309, 0
1, 430, 0
0, 2610, 1
1, 447, 1
1, 166, 0
1, 217, 0
1, 513, 0
1, 264, 0
1, 163, 0
1, 659, 0
0, 4000, 1
0, 4001, 1
0, 4002, 1
0, 4003, 1
0, 4004, 1
0, 4005, 1
1, 213, 0
1, 136, 0
1, 333, 0
1, 144, 0
1, 68, 0
0, 572, 0
0, 4000, 0
0, 4001, 0
0, 4002, 0
0, 4003, 0
0, 4004, 0
0, 4005, 0
1, 387, 0
1, 235, 0
1, 270, 0
0, 4000, 0
0, 4001, 0
0, 4002, 0
0, 4003, 0
0, 4004, 0
0, 4005, 0
1, 101, 0
1, 466, 0
1, 383, 0
1, 405, 0
1, 588, 0
1, 402, 0
1, 432, 0
1, 352, 0
0, 4000, 1
0, 4001, 1
0, 4002, 1
0, 4003, 1
0, 4004, 1
0, 4005, 1
1, 453, 0
1, 424, 0
1, 399, 1
1, 383, 0
1, 381, 0
1, 221, 0
1, 224, 0
1, 181, 0
1, 181, 0
1, 178, 0
1, 219, 0
0, 1258, 1
1, 225, 0
1, 257, 0
1, 323, 0
1, 349, 0
1, 99, 0
1, 244, 0
1, 71, 0
1, 270, 0
1, 202, 1
1, 194, 0
1, 477, 0
1, 511, 0
1, 338, 0
0, 232, 0
1, 459, 0
1, 377, 0
1, 718, 0
1, 212, 0
1, 193, 0
1, 239, 0
1, 334, 1
1, 431, 0
0, 2081, 1
1, 160, 0
1, 431, 0
1, 113, 0
1, 271, 0
1, 106, 0
1, 362, 0
1, 368, 0
1, 504, 0
1, 432, 1
0, 4000, 1
0, 4001, 1
0, 4002, 1
0, 4003, 1
0, 4004, 1
0, 4005, 1
1, 142, 0
1, 700, 0
1, 409, 0
1, 267, 0
1, 30, 0
1, 26, 0
1, 119, 0
1, 224, 0
0, 4000, 1
0, 4001, 1
0, 4002, 1
0, 4003, 1
0, 4004, 1
0, 4005, 1
1, 219, 0
1, 357, 0
1, 306, 1
1, 243, 0
0, 4000, 0
0, 4001, 0
0, 4002, 0
0, 4003, 0
0, 4004, 0
0, 4005, 0
1, 102, 0
0, 196, 0
1, 222, 0
1, 431, 0
1, 333, 0
1, 112, 0
1, 88, 0
1, 469, 0
0, 1489, 1
1, 129, 0
1, 149, 0
0, 4000, 1
0, 4001, 1
0, 4002, 1
0, 4003, 1
0, 4004, 1
0, 4005, 1
1, 421, 0
1, 125, 0
1, 475, 0
1, 174, 0
1, 116, 0
1, 120, 0
1, 480, 0
1, 430, 0
1, 413, 0
1, 539, 0
1, 122, 0
1, 346, 0
1, 181, 1
1, 311, 0
1, 351, 0
1, 37, 0
0, 4000, 1
0, 4001, 1
0, 4002, 1
0, 4003, 1
0, 4004, 1
0, 4005, 1
1, 1534, 0
1, 525, 0
1, 124, 0
1, 300, 0
0, 3675, 1
1, 67, 0
1, 434, 0
1, 327, 0
1, 288, 0
1, 350, 1
1, 110, 0
1, 281, 0
1, 66, 0
1, 106, 0
0, 4000, 1
0, 4001, 1
0, 4002, 1
0, 4003, 1
0, 4004, 1
0, 4005, 1
0, 4000, 1
0, 4001, 1
0, 4002, 1
0, 4003, 1
0, 4004, 1
0, 4005, 1
1, 308, 0
1, 73, 0
1, 95, 0
1, 180, 0
1, 377, 1
1, 431, 0
1, 228, 0
1, 387, 0
1, 184, 0
1, 328, 0
1, 55, 0
1, 509, 0
1, 472, 0
1, 522, 0
1, 360, 0
1, 125, 0
1, 180, 0
1, 166, 0
1, 333, 1
0, 4000, 1
0, 4001, 1
0, 4002, 1
0, 4003, 1
0, 4004, 1
0, 4005, 1
1, 203, 0
1, 131, 0
1, 173, 0
1, 188, 0
1, 82, 1
1, 105, 0
1, 382, 0
1, 1006, 0
1, 427, 0
1, 178, 0
1, 216, 0
1, 233, 0
1, 210, 0
1, 406, 0
0, 465, 0
0, 4000, 1
0, 4001, 1
0, 4002, 1
0, 4003, 1
0, 4004, 1
0, 4005, 1
1, 337, 0
1, 223, 0
1, 20, 0
1, 176, 0
1, 328, 0
1, 218, 0
0, 170, 0
1, 369, 0
0, 4000, 0
0, 4001, 0
0, 4002, 0
0, 4003, 0
0, 4004, 0
0, 4005, 0
1, 456, 0
1, 1725, 0
0, 3867, 0
1, 606, 0
0, 476, 0
1, 318, 0
1, 154, 0
1, 166, 0
0, 4000, 1
0, 4001, 1
0, 4002, 1
0, 4003, 1
0, 4004, 1
0, 4005, 1
1, 413, 0
1, 117, 0
1, 311, 0
1, 587, 1
0, 411, 0
0, 4000, 1
0, 4001, 1
0, 4002, 1
0, 4003, 1
0, 4004, 1
0, 4005, 1
1, 152, 0
1, 115, 0
1, 1771, 0
1, 383, 0
1, 334, 0
1, 147, 0
1, 340, 0
1, 366, 0
1, 530, 0
1, 131, 0
1, 601, 0
1, 403, 0
1, 612, 0
1, 274, 0
1, 134, 0
1, 433, 0
1, 198, 0
1, 86, 0
1, 238, 0
1, 205, 0
1, 915, 0
1, 193, 0
1, 203, 0
1, 131, 0
1, 133, 0
1, 215, 0
0, 4000, 1
0, 4001, 1
0, 4002, 1
0, 4003, 1
0, 4004, 1
0, 4005, 1
1, 95, 0
1, 382, 1
1, 122, 0
1, 95, 1
1, 291, 0
1, 207, 1
1, 179, 0
0, 238, 0
1, 557, 0
1, 280, 1
1, 461, 0
1, 324, 1
1, 774, 0
0, 210, 0
1, 29, 0
1, 186, 0
1, 77, 0
1, 130, 0
1, 517, 0
1, 320, 0
1, 468, 0
0, 180, 0
1, 277, 0
1, 212, 0
1, 112, 0
1, 424, 1
1, 324, 0
1, 314, 1
1, 440, 0
1, 96, 0
1, 89, 1
1, 456, 0
1, 124, 0
1, 149, 0
0, 271, 1
1, 1059, 0
1, 91, 0
1, 337, 0
1, 338, 1
1, 82, 0
1, 403, 0
1, 410, 0
1, 350, 0
1, 301, 0
1, 232, 0
1, 145, 0
0, 4000, 1
0, 4001, 1
0, 4002, 1
0, 4003, 1
0, 4004, 1
0, 4005, 1
1, 369, 0
1, 471, 0
1, 311, 1
1, 516, 0
1, 479, 0
1, 315, 0
0, 1334, 1
1, 338, 0
1, 225, 0
1, 498, 0
0, 4000, 0
0, 4001, 0
0, 4002, 0
0, 4003, 0
0, 4004, 0
0, 4005, 0
0, 232, 0
1, 338, 1
1, 8, 0
1, 150, 0
1, 101, 0
1, 853, 0
1, 319, 0
1, 532, 0
1, 399, 0
1, 332, 0
1, 359, 0
1, 169, 0
1, 155, 0
0, 91, 0
1, 298, 0
1, 421, 0
1, 222, 1
1, 417, 0
1, 372, 0
0, 4000, 1
0, 4001, 1
0, 4002, 1
0, 4003, 1
0, 4004, 1
0, 4005, 1
1, 166, 0
1, 241, 0
1, 284, 0
1, 220, 0
0, 256, 0
1, 160, 0
1, 399, 0
1, 134, 0
1, 532, 1
1, 48, 0
1, 199, 0
1, 410, 0
1, 1523, 0
1, 595, 0
1, 417, 1
1, 175, 0
0, 224, 0
1, 93, 0
1, 439, 0
1, 652, 0
1, 585, 0
1, 463, 0
1, 76, 0
1, 51, 0
1, 513, 0
1, 357, 0
1, 164, 0
1, 436, 0
1, 477, 0
1, 443, 0
1, 221, 0
1, 96, 0
1, 150, 0
1, 402, 0
1, 339, 0
1, 409, 0
1, 538, 0
1, 216, 0
1, 523, 0
1, 393, 0
1, 116, 0
1, 145, 0
0, 4000, 1
0, 4001, 1
0, 4002, 1
0, 4003, 1
0, 4004, 1
0, 4005, 1
1, 399, 0
1, 425, 1
1, 224, 0
1, 519, 0
1, 327, 0
1, 110, 0
0, 2623, 1
1, 239, 0
1, 418, 0
1, 160, 0
1, 1505, 0
1, 189, 0
0, 91, 0
1, 396, 0
1, 749, 1
1, 361, 0
1, 491, 0
1, 133, 0
1, 517, 0
1, 111, 0
0, 232, 0
1, 229, 1
1, 240, 0
0, 4000, 1
0, 4001, 1
0, 4002, 1
0, 4003, 1
0, 4004, 1
0, 4005, 1
1, 313, 0
1, 363, 0
1, 437, 0
1, 258, 0
1, 457, 0
1, 200, 1
0, 205, 0
1, 209, 0
1, 95, 0
1, 566, 0
1, 197, 0
1, 284, 0
1, 12, 0
1, 344, 0
0, 4000, 1
0, 4001, 1
0, 4002, 1
0, 4003, 1
0, 4004, 1
0, 4005, 1
1, 252, 0
1, 460, 0
0, 166, 0
1, 169, 0
0, 4000, 1
0, 4001, 1
0, 4002, 1
0, 4003, 1
0, 4004, 1
0, 4005, 1
1, 323, 0
1, 187, 0
0, 4000, 1
0, 4001, 1
0, 4002, 1
0, 4003, 1
0, 4004, 1
0, 4005, 1
1, 458, 0
1, 442, 0
1, 67, 0
1, 204, 0
1, 267, 0
1, 188, 0
1, 162, 0
0, 1014, 1
1, 295, 0
1, 423, 0
1, 305, 0
1, 145, 0
1, 732, 0
1, 15, 0
1, 235, 0
1, 146, 0
1, 197, 0
1, 360, 0
1, 349, 0
0, 3703, 1
0, 388, 0
1, 315, 0
0, 4000, 1
0, 4001, 1
0, 4002, 1
0, 4003, 1
0, 4004, 1
0, 4005, 1
1, 377, 0
1, 343, 1
1, 111, 0
1, 442, 1
0, 4000, 1
0, 4001, 1
0, 4002, 1
0, 4003, 1
0, 4004, 1
0, 4005, 1
1, 475, 0
1, 223, 0
1, 377, 1
1, 194, 1
1, 147, 0
1, 234, 0
1, 103, 0
1, 433, 0
1, 432, 0
1, 500, 1
1, 327, 0
1, 383, 0
1, 297, 0
1, 571, 0
1, 463, 0
1, 549, 1
0, 1009, 1
1, 126, 0
0, 4000, 1
0, 4001, 1
0, 4002, 1
0, 4003, 1
0, 4004, 1
0, 4005, 1
1, 130, 0
1, 223, 1
1, 445, 1
1, 231, 0
1, 366, 0
1, 213, 0
1, 95, 0
1, 367, 0
1, 155, 0
1, 557, 0
1, 141, 0
1, 331, 0
1, 877, 0
1, 162, 0
1, 229, 0
1, 173, 0
1, 179, 0
1, 362, 0
1, 174, 0
1, 549, 0
1, 378, 0
0, 4000, 1
0, 4001, 1
0, 4002, 1
0, 4003, 1
0, 4004, 1
0, 4005, 1
1, 119, 0
1, 502, 0
0, 4000, 0
0, 4001, 0
0, 4002, 0
0, 4003, 0
0, 4004, 0
0, 4005, 0
1, 232, 0
0, 4000, 1
0, 4001, 1
0, 4002, 1
0, 4003, 1
0, 4004, 1
0, 4005, 1
1, 182, 0
0, 4000, 0
0, 4001, 0
0, 4002, 0
0, 4003, 0
0, 4004, 0
0, 4005, 0
1, 409, 0
1, 457, 1
0, 4000, 1
0, 4001, 1
0, 4002, 1
0, 4003, 1
0, 4004, 1
0, 4005, 1
1, 96, 0
1, 855, 0
1, 373, 0
1, 443, 0
0, 272, 0
1, 284, 0
1, 217, 0
1, 171, 0
1, 817, 0
1, 174, 0
1, 462, 0
1, 879, 0
1, 477, 0
1, 142, 0
1, 375, 0
0, 386, 0
1, 337, 0
1, 148, 1
1, 221, 0
1, 397, 0
1, 288, 0
1, 112, 1
1, 102, 0
1, 199, 0
1, 82, 0
1, 179, 0
1, 469, 0
1, 90, 0
1, 116, 0
1, 142, 0
1, 486, 0
1, 358, 0
0, 4000, 1
0, 4001, 1
0, 4002, 1
0, 4003, 1
0, 4004, 1
0, 4005, 1
1, 252, 0
1, 432, 0
0, 166, 0
1, 406, 0
1, 414, 0
1, 246, 0
1, 80, 0
1, 381, 1
1, 222, 0
1, 132, 0
1, 487, 0
1, 196, 0
1, 723, 0
1, 107, 0
0, 4000, 1
0, 4001, 1
0, 4002, 1
0, 4003, 1
0, 4004, 1
0, 4005, 1
1, 488, 0
1, 400, 0
1, 184, 0
1, 267, 0
1, 182, 0
1, 110, 0
1, 135, 0
1, 256, 0
1, 2850, 0
0, 4000, 1
0, 4001, 1
0, 4002, 1
0, 4003, 1
0, 4004, 1
0, 4005, 1
1, 443, 1
1, 422, 0
1, 106, 0
1, 1107, 0
1, 423, 0
1, 313, 0
1, 464, 0
1, 127, 0
1, 426, 0
1, 382, 1
1, 256, 0
0, 251, 0
1, 450, 0
1, 171, 0
1, 467, 0
1, 266, 0
1, 347, 0
1, 168, 0
0, 4000, 1
0, 4001, 1
0, 4002, 1
0, 4003, 1
0, 4004, 1
0, 4005, 1
0, 48, 0
1, 182, 0
1, 412, 0
1, 131, 0
1, 433, 0
0, 4000, 1
0, 4001, 1
0, 4002, 1
0, 4003, 1
0, 4004, 1
0, 4005, 1
1, 103, 0
1, 343, 0
1, 142, 0
0, 4000, 1
0, 4001, 1
0, 4002, 1
0, 4003, 1
0, 4004, 1
0, 4005, 1
0, 400, 1
1, 421, 0
1, 205, 0
1, 458, 0
1, 263, 0
1, 384, 1
1, 112, 1
1, 209, 0
1, 185, 0
0, 1866, 1
1, 241, 0
1, 587, 0
1, 753, 0
1, 174, 0
1, 496, 0
1, 259, 0
1, 425, 0
0, 4000, 1
0, 4001, 1
0, 4002, 1
0, 4003, 1
0, 4004, 1
0, 4005, 1
1, 147, 0
1, 735, 0
1, 478, 0
1, 203, 0
1, 326, 0
1, 308, 0
1, 251, 0
1, 342, 0
1, 446, 1
1, 292, 0
1, 367, 0
1, 417, 0
1, 208, 0
1, 173, 0
1, 469, 0
1, 147, 0
1, 186, 0
1, 351, 0
1, 123, 0
1, 216, 0
1, 307, 0
1, 326, 1
1, 384, 0
1, 80, 0
1, 424, 0
0, 4000, 0
0, 4001, 0
0, 4002, 0
0, 4003, 0
0, 4004, 0
0, 4005, 0
0, 4000, 1
0, 4001, 1
0, 4002, 1
0, 4003, 1
0, 4004, 1
0, 4005, 1
0, 4000, 1
0, 4001, 1
0, 4002, 1
0, 4003, 1
0, 4004, 1
0, 4005, 1
1, 844, 0
1, 230, 0
1, 250, 0
1, 199, 0
0, 4000, 1
0, 4001, 1
0, 4002, 1
0, 4003, 1
0, 4004, 1
0, 4005, 1
1, 130, 0
1, 182, 0
1, 344, 0
1, 414, 1
1, 535, 0
1, 586, 0
0, 499, 0
1, 2179, 0
1, 175, 0
1, 487, 0
1, 166, 0
1, 292, 0
1, 423, 0
0, 4000, 1
0, 4001, 1
0, 4002, 1
0, 4003, 1
0, 4004, 1
0, 4005, 1
1, 654, 0
1, 404, 1
1, 312, 0
1, 65, 0
1, 337, 0
1, 749, 0
1, 659, 0
1, 319, 0
1, 326, 0
1, 266, 1
1, 119, 0
1, 353, 0
1, 80, 1
1, 108, 0
1, 562, 0
1, 143, 0
1, 530, 0
1, 418, 0
1, 355, 0
1, 194, 0
1, 59, 0
1, 1, 0
1, 309, 0
1, 213, 0
1, 348, 0
0, 4000, 1
0, 4001, 1
0, 4002, 1
0, 4003, 1
0, 4004, 1
0, 4005, 1
1, 483, 0
1, 360, 0
1, 331, 0
1, 545, 0
1, 1940, 0
1, 348, 0
1, 309, 0
1, 430, 0
1, 385, 0
1, 395, 0
1, 493, 0
0, 2458, 1
1, 196, 0
1, 435, 0
1, 118, 0
1, 207, 0
1, 146, 0
1, 61, 0
1, 122, 0
1, 355, 0
1, 425, 0
1, 537, 0
1, 156, 1
1, 1, 0
1, 170, 0
1, 411, 0
1, 280, 0
1, 566, 1
0, 4000, 1
0, 4001, 1
0, 4002, 1
0, 4003, 1
0, 4004, 1
0, 4005, 1
1, 185, 0
0, 360, 0
1, 248, 0
1, 122, 0
1, 109, 0
1, 250, 0
1, 154, 0
1, 219, 0
1, 329, 0
1, 500, 0
1, 218, 0
1, 108, 0
1, 105, 0
0, 263, 0
1, 172, 0
1, 121, 0
1, 214, 0
1, 346, 0
0, 4000, 1
0, 4001, 1
0, 4002, 1
0, 4003, 1
0, 4004, 1
0, 4005, 1
1, 167, 0
1, 476, 0
1, 265, 1
0, 197, 0
1, 375, 1
1, 205, 1
0, 46, 0
1, 159, 0
1, 160, 0
0, 1219, 0
0, 4000, 1
0, 4001, 1
0, 4002, 1
0, 4003, 1
0, 4004, 1
0, 4005, 1
1, 168, 0
1, 120, 0
1, 99, 0
1, 322, 0
1, 70, 0
1, 319, 0
1, 204, 0
1, 155, 0
1, 166, 0
1, 103, 0
1, 224, 0
1, 349, 0
1, 140, 0
1, 471, 0
1, 116, 1
1, 396, 0
1, 458, 0
1, 388, 1
1, 408, 0
1, 183, 0
1, 1722, 0
1, 872, 0
1, 499, 0
1, 328, 0
1, 699, 0
1, 214, 0
0, 4000, 1
0, 4001, 1
0, 4002, 1
0, 4003, 1
0, 4004, 1
0, 4005, 1
1, 563, 0
1, 77, 0
1, 540, 1
1, 368, 0
1, 2517, 0
1, 284, 0
1, 228, 0
0, 4000, 1
0, 4001, 1
0, 4002, 1
0, 4003, 1
0, 4004, 1
0, 4005, 1
1, 140, 1
0, 854, 0
1, 316, 0
1, 476, 0
1, 165, 1
0, 91, 0
0, 4000, 1
0, 4001, 1
0, 4002, 1
0, 4003, 1
0, 4004, 1
0, 4005, 1
1, 272, 0
0, 109, 0
1, 149, 1
1, 502, 0
1, 301, 0
1, 337, 0
0, 428, 0
1, 258, 0
1, 102, 0
1, 334, 0
1, 448, 0
1, 303, 0
1, 133, 0
1, 1079, 0
1, 629, 0
1, 324, 0
0, 48, 0
1, 210, 0
1, 452, 0
1, 631, 1
1, 517, 0
1, 345, 0
1, 322, 0
1, 234, 0
1, 99, 0
1, 495, 1
1, 575, 1
0, 4000, 1
0, 4001, 1
0, 4002, 1
0, 4003, 1
0, 4004, 1
0, 4005, 1
1, 380, 0
0, 91, 0
1, 448, 0
1, 423, 1
1, 488, 0
1, 398, 0
1, 591, 0
1, 120, 0
1, 442, 0
1, 131, 0
1, 375, 0
1, 531, 0
1, 142, 0
1, 114, 0
1, 124, 0
1, 229, 0
1, 143, 0
1, 422, 0
1, 182, 0
1, 95, 0
1, 118, 0
1, 132, 0
1, 238, 0
1, 119, 0
1, 267, 0
1, 254, 0
1, 214, 0
1, 222, 0
1, 304, 0
1, 106, 0
1, 576, 0
1, 112, 0
1, 308, 0
1, 158, 0
1, 149, 0
1, 452, 0
0, 4000, 1
0, 4001, 1
0, 4002, 1
0, 4003, 1
0, 4004, 1
0, 4005, 1
1, 120, 0
1, 292, 0
1, 564, 0
1, 121, 0
1, 364, 0
1, 350, 0
1, 734, 0
1, 323, 0
1, 415, 0
0, 226, 0
1, 524, 0
1, 174, 0
0, 874, 0
1, 205, 0
1, 340, 0
1, 145, 1
1, 203, 0
1, 362, 0
1, 359, 0
1, 322, 0
1, 199, 0
0, 145, 0
0, 257, 0
1, 467, 1
1, 290, 0
1, 405, 0
1, 208, 0
0, 1778, 0
1, 721, 0
1, 391, 0
1, 108, 0
1, 450, 0
1, 297, 0
1, 381, 0
1, 208, 0
1, 985, 0
0, 4000, 0
0, 4001, 0
0, 4002, 0
0, 4003, 0
0, 4004, 0
0, 4005, 0
1, 297, 0
1, 140, 0
1, 295, 1
1, 406, 0
1, 267, 0
0, 2747, 1
0, 4000, 1
0, 4001, 1
0, 4002, 1
0, 4003, 1
0, 4004, 1
0, 4005, 1
1, 218, 1
1, 475, 0
1, 321, 0
1, 480, 0
1, 215, 0
1, 110, 0
1, 316, 1
1, 401, 0
1, 332, 0
1, 202, 1
1, 410, 0
1, 354, 0
1, 321, 0
0, 4000, 1
0, 4001, 1
0, 4002, 1
0, 4003, 1
0, 4004, 1
0, 4005, 1
1, 352, 0
0, 234, 0
1, 75, 0
1, 55, 0
1, 138, 0
1, 191, 0
1, 222, 0
1, 56, 0
0, 4000, 1
0, 4001, 1
0, 4002, 1
0, 4003, 1
0, 4004, 1
0, 4005, 1
1, 103, 0
1, 1472, 1
1, 338, 1
0, 448, 0
1, 113, 0
1, 413, 0
0, 248, 0
1, 111, 0
1, 473, 0
1, 262, 0
1, 191, 0
1, 113, 0
1, 206, 0
1, 463, 0
1, 94, 0
1, 139, 1
0, 4000, 0
0, 4001, 0
0, 4002, 0
0, 4003, 0
0, 4004, 0
0, 4005, 0
1, 369, 0
1, 301, 0
1, 360, 0
1, 298, 0
1, 1027, 0
1, 390, 0
1, 231, 0
1, 181, 0
1, 442, 1
1, 358, 1
1, 249, 0
1, 133, 0
1, 490, 0
1, 1089, 0
1, 263, 0
1, 171, 0
1, 113, 0
0, 4000, 0
0, 4001, 0
0, 4002, 0
0, 4003, 0
0, 4004, 0
0, 4005, 0
0, 4000, 1
0, 4001, 1
0, 4002, 1
0, 4003, 1
0, 4004, 1
0, 4005, 1
0, 1561, 0
0, 4000, 1
0, 4001, 1
0, 4002, 1
0, 4003, 1
0, 4004, 1
0, 4005, 1
1, 453, 0
1, 162, 0
1, 195, 0
1, 114, 0
1, 535, 0
1, 310, 0
1, 215, 0
1, 105, 0
1, 149, 0
0, 3035, 1
1, 203, 0
1, 543, 0
1, 115, 0
1, 138, 0
1, 178, 0
1, 156, 0
1, 220, 0
1, 272, 0
1, 440, 0
1, 118, 0
1, 499, 0
1, 429, 1
1, 93, 0
1, 504, 0
0, 2446, 1
1, 2082, 0
1, 480, 0
1, 304, 0
1, 409, 0
1, 359, 0
1, 107, 0
1, 18, 0
1, 687, 0
0, 4000, 1
0, 4001, 1
0, 4002, 1
0, 4003, 1
0, 4004, 1
0, 4005, 1
1, 141, 0
1, 413, 0
1, 817, 0
1, 413, 0
1, 525, 0
1, 131, 0
1, 190, 0
1, 450, 1
1, 98, 0
0, 234, 0
0, 258, 0
1, 284, 0
1, 193, 1
1, 929, 0
1, 122, 1
1, 88, 0
1, 311, 0
1, 621, 1
0, 1753, 1
1, 298, 1
1, 384, 0
1, 456, 1
1, 151, 0
1, 391, 0
1, 92, 0
1, 127, 0
1, 464, 0
1, 486, 0
0, 4000, 1
0, 4001, 1
0, 4002, 1
0, 4003, 1
0, 4004, 1
0, 4005, 1
1, 454, 0
1, 355, 0
1, 249, 0
1, 272, 1
1, 58, 0
1, 343, 0
1, 134, 0
1, 423, 0
1, 428, 0
1, 155, 0
1, 216, 0
1, 123, 0
1, 478, 0
1, 104, 0
1, 257, 0
1, 469, 0
1, 138, 0
1, 276, 0
1, 213, 0
1, 356, 0
1, 886, 0
1, 129, 1
1, 144, 0
1, 201, 1
1, 348, 0
1, 481, 0
1, 224, 1
1, 417, 0
1, 393, 0
1, 95, 0
0, 4000, 1
0, 4001, 1
0, 4002, 1
0, 4003, 1
0, 4004, 1
0, 4005, 1
1, 121, 0
0, 4000, 1
0, 4001, 1
0, 4002, 1
0, 4003, 1
0, 4004, 1
0, 4005, 1
0, 4000, 1
0, 4001, 1
0, 4002, 1
0, 4003, 1
0, 4004, 1
0, 4005, 1
1, 171, 0
1, 336, 0
1, 327, 0
1, 293, 0
1, 2127, 0
1, 477, 0
1, 381, 0
1, 427, 0
1, 110, 1
0, 550, 0
1, 200, 0
1, 191, 0
1, 120, 0
1, 121, 0
1, 388, 0
1, 164, 0
1, 58, 1
0, 4000, 1
0, 4001, 1
0, 4002, 1
0, 4003, 1
0, 4004, 1
0, 4005, 1
1, 1238, 0
1, 411, 0
1, 220, 0
1, 331, 0
1, 390, 0
1, 553, 0
1, 164, 0
1, 550, 0
0, 4000, 1
0, 4001, 1
0, 4002, 1
0, 4003, 1
0, 4004, 1
0, 4005, 1
1, 88, 0
1, 98, 0
1, 438, 0
1, 118, 0
1, 327, 0
1, 591, 0
1, 40, 0
1, 367, 0
1, 239, 0
1, 360, 0
1, 281, 0
1, 295, 0
1, 394, 0
1, 138, 0
1, 312, 0
1, 430, 0
0, 4000, 1
0, 4001, 1
0, 4002, 1
0, 4003, 1
0, 4004, 1
0, 4005, 1
1, 46, 0
1, 305, 0
1, 338, 0
1, 439, 0
0, 4000, 1
0, 4001, 1
0, 4002, 1
0, 4003, 1
0, 4004, 1
0, 4005, 1
1, 364, 0
0, 4000, 1
0, 4001, 1
0, 4002, 1
0, 4003, 1
0, 4004, 1
0, 4005, 1
1, 172, 0
0, 163, 0
1, 442, 1
0, 55, 1
1, 102, 0
1, 558, 0
1, 314, 1
1, 421, 0
1, 120, 0
1, 286, 0
1, 343, 0
1, 75, 0
1, 580, 0
1, 100, 0
1, 205, 0
0, 4000, 1
0, 4001, 1
0, 4002, 1
0, 4003, 1
0, 4004, 1
0, 4005, 1
1, 139, 1
1, 319, 0
1, 88, 0
1, 152, 0
1, 177, 0
1, 518, 0
1, 414, 0
0, 1732, 0
1, 533, 0
1, 198, 0
1, 293, 0
1, 392, 0
1, 303, 1
1, 180, 0
1, 214, 0
1, 362, 0
1, 494, 0
1, 1251, 0
1, 156, 0
1, 203, 1
1, 280, 1
1, 212, 0
1, 166, 0
1, 468, 0
1, 423, 0
1, 163, 0
1, 358, 0
0, 4000, 1
0, 4001, 1
0, 4002, 1
0, 4003, 1
0, 4004, 1
0, 4005, 1
1, 1288, 1
1, 325, 0
1, 409, 0
1, 702, 0
1, 436, 0
1, 457, 0
1, 162, 0
1, 489, 0
1, 156, 0
1, 455, 0
0, 748, 1
1, 514, 0
1, 584, 0
1, 119, 1
1, 330, 0
1, 196, 0
1, 91, 0
1, 34, 0
1, 520, 0
1, 405, 0
1, 229, 0
1, 560, 1
1, 214, 0
1, 474, 0
1, 202, 0
1, 86, 0
1, 492, 0
1, 135, 0
1, 86, 0
1, 1356, 0
1, 293, 0
0, 174, 0
1, 190, 0
1, 321, 0
1, 213, 0
1, 289, 0
1, 334, 0
1, 179, 0
1, 79, 0
1, 429, 0
0, 210, 1
1, 262, 0
1, 116, 1
1, 180, 0
1, 231, 0
1, 519, 1
0, 91, 0
1, 232, 0
1, 617, 0
1, 1170, 0
1, 367, 0
1, 3100, 0
0, 875, 1
0, 55, 0
1, 476, 0
1, 220, 1
1, 485, 0
1, 363, 0
1, 531, 0
1, 346, 0
1, 519, 1
1, 134, 0
0, 4000, 1
0, 4001, 1
0, 4002, 1
0, 4003, 1
0, 4004, 1
0, 4005, 1
1, 606, 1
1, 321, 0
1, 107, 0
1, 559, 0
1, 164, 0
1, 203, 0
1, 241, 0
1, 253, 0
1, 488, 0
1, 389, 0
1, 207, 0
1, 205, 0
1, 458, 1
1, 148, 0
1, 207, 0
1, 33, 0
0, 2484, 1
1, 230, 0
0, 177, 0
1, 133, 0
1, 450, 0
1, 396, 1
1, 1019, 0
0, 4000, 0
0, 4001, 0
0, 4002, 0
0, 4003, 0
0, 4004, 0
0, 4005, 0
1, 249, 0
0, 266, 0
1, 1525, 0
0, 4000, 1
0, 4001, 1
0, 4002, 1
0, 4003, 1
0, 4004, 1
0, 4005, 1
1, 376, 0
1, 409, 0
1, 451, 0
1, 225, 0
1, 326, 0
1, 85, 0
1, 374, 0
1, 119, 0
1, 302, 0
0, 4000, 1
0, 4001, 1
0, 4002, 1
0, 4003, 1
0, 4004, 1
0, 4005, 1
1, 333, 0
1, 370, 0
1, 202, 0
1, 103, 0
1, 160, 0
1, 182, 1
1, 442, 1
1, 194, 1
1, 575, 0
0, 2557, 0
1, 144, 0
1, 405, 0
0, 50, 0
1, 516, 1
1, 629, 0
1, 413, 1
0, 750, 0
0, 3529, 0
1, 460, 0
1, 583, 0
1, 366, 0
1, 93, 0
0, 4000, 0
0, 4001, 0
0, 4002, 0
0, 4003, 0
0, 4004, 0
0, 4005, 0
1, 92, 0
1, 559, 0
1, 556, 0
1, 438, 0
1, 286, 1
1, 194, 0
1, 398, 0
1, 220, 0
1, 257, 0
1, 143, 0
1, 3024, 0
1, 121, 0
1, 653, 0
0, 55, 0
1, 998, 0
1, 185, 0
1, 593, 0
1, 113, 0
1, 95, 0
1, 149, 1
1, 523, 0
1, 342, 0
1, 317, 0
1, 1033, 0
0, 4000, 0
0, 4001, 0
0, 4002, 0
0, 4003, 0
0, 4004, 0
0, 4005, 0
1, 574, 0
1, 488, 1
1, 83, 0
1, 124, 1
1, 97, 0
