0
0
0
0
0
0
0
0
0
0
0
0
0
0
1
1
0
0
0
1
1
1
1
1
1
1
1
0
0
0
0
1
1
1
1
1
1
1
1
1
1
0
0
0
0
0
0
0
0
0
0
0
0
0
0
0
0
0
0
0
0
0
0
0
0
0
0
0
0
0
0
0
0
0
1
1
1
0
0
1
1
0
0
0
0
0
0
0
0
0
0
0
0
0
0
0
0
0
1
0
3
0
6
0
10
0
14
0
31
0
35
0
40
0
51
1
2
1
53
1
59
0
63
0
67
0
71
0
75
0
78
0
82
0
100
0
103
0
107
0
111
1
133
1
135
1
137
0
142
0
146
0
150
0
179
0
182
0
186
0
190
0
194
1
208
0
213
0
251
0
254
0
258
0
262
0
265
0
269
0
275
0
279
0
283
0
287
0
306
1
321
0
326
0
330
0
334
0
337
0
342
0
346
0
350
0
354
1
367
0
385
0
406
0
409
0
413
0
416
0
421
1
422
1
423
0
427
0
431
0
435
1
436
1
437
1
2
1
438
1
2
1
2
1
439
1
2
0
443
0
460
0
491
0
496
0
500
0
505
0
508
0
512
0
531
1
536
0
540
0
544
0
548
1
550
1
2
1
551
0
575
0
580
0
584
0
588
0
611
0
614
0
634
1
647
1
653
1
663
0
683
0
688
0
704
0
708
0
743
0
747
0
751
1
760
0
765
0
770
0
803
0
827
0
831
0
834
1
845
0
883
1
894
0
898
0
904
0
910
0
927
0
932
0
990
0
996
0
1037
1
1052
0
1082
1
1101
0
1105
1
1118
0
1122
0
1126
0
1156
0
1161
0
1187
0
1204
0
1220
0
1248
0
1267
1
1270
0
1273
1
1286
0
1307
0
1327
1
1329
0
1351
0
1379
0
1383
1
1393
0
1431
0
1435
0
1467
1
1470
0
1475
1
1495
0
1522
0
1543
1
1555
1
1570
0
1596
1
1621
0
1627
0
1650
0
1654
0
1658
1
1674
1
1695
1
1714
1
1743
0
1746
0
1833
0
1860
0
1887
0
1892
0
1917
0
1923
0
1927
0
1961
0
1964
0
1981
0
2007
1
2013
0
2060
1
2
1
2062
0
2088
0
2126
0
2189
1
2190
1
2
1
2191
0
2195
0
2225
0
2261
1
2266
1
2337
0
2371
0
2375
0
2404
1
2423
1
2425
1
2426
0
2430
1
2432
0
2461
0
2466
1
2474
0
2478
0
2505
0
2537
1
2559
0
2693
0
2768
0
2805
1
2810
1
2822
0
2849
0
2853
0
2879
1
2
1
2882
0
2922
1
2925
1
2990
0
3064
0
3107
0
3125
0
3167
0
3239
1
3264
1
3282
0
3301
1
3313
0
3384
1
3391
0
3394
1
3401
0
3426
1
3430
0
3433
0
3468
0
3472
0
3548
0
3596
1
3677
0
3681
0
3702
0
3724
1
3845
0
3922
1
3925
0
3953
0
3957
0
3985
1
3995
0
4026
0
4089
0
4122
1
4127
0
4166
1
4170
0
4205
0
4232
0
4256
1
4257
1
2
1
4277
0
4330
0
4361
0
4392
1
4399
0
4435
0
4539
1
4555
0
4559
0
4576
1
4579
0
4654
0
4688
0
4724
1
4798
1
4862
1
4883
0
4901
0
4925
1
4927
1
4930
1
4933
1
4935
1
4943
1
4945
0
4965
1
4968
0
4992
1
5042
1
5132
1
2
1
5133
1
2
1
2
1
2
1
5134
0
5147
0
5165
0
5193
1
5234
0
5278
0
5298
1
5301
1
5307
0
5381
1
5383
0
5405
1
5423
1
5428
0
5452
0
5480
1
5504
1
5570
0
5595
1
5675
0
5756
0
5774
0
5805
1
5806
1
5916
1
5928
1
5973
1
6030
1
6137
1
6139
1
6140
1
6143
0
6218
0
6246
1
6305
1
6310
0
6373
1
6393
1
6436
1
6439
0
6516
1
6531
1
6555
1
6882
1
6909
1
6916
1
6973
1
6998
1
7026
0
7030
0
7060
0
7112
0
7122
1
7241
1
7273
1
7301
0
7375
1
7409
0
7453
0
7459
0
7487
1
7533
1
7552
0
7601
0
7699
1
7719
1
7757
0
7841
0
7890
1
7908
0
7943
0
7969
1
8031
1
8090
0
8093
1
8104
1
8135
1
8151
1
8212
0
8323
1
8329
1
8387
0
8424
1
8428
0
8482
0
8509
0
8536
1
8674
0
8802
0
8821
0
8923
1
8994
0
9025
1
9100
1
9159
1
9165
1
9301
0
9529
0
9554
1
9560
1
9579
0
9605
1
9622
1
9632
0
9651
1
9781
1
9790
0
9836
0
9880
0
9897
0
9914
0
9931
0
9988
1
9995
0
10169
0
10213
1
2
1
10214
1
2
1
2
1
2
1
2
1
2
1
10215
1
2
1
2
1
2
1
2
1
10216
0
10233
0
10252
1
10278
0
10292
0
10351
0
10508
0
10556
0
10601
0
10642
1
10668
0
10695
0
10717
0
10780
0
10799
0
10802
0
10811
1
10826
1
10833
0
11223
0
11247
0
11306
0
11353
1
11361
1
11375
1
11472
1
11480
0
11489
0
11544
0
11578
0
11613
0
11675
0
11683
0
11708
0
11715
0
11802
0
11816
0
11836
1
2
0
11859
0
11862
0
11899
1
11940
0
11967
0
12005
1
12018
0
12047
1
12056
1
12066
0
12071
1
12083
0
12102
0
12115
0
12154
1
12197
0
12239
0
12268
1
12303
1
12314
1
12327
1
12402
0
12497
0
12499
0
12584
0
12623
0
12642
0
12688
0
12720
0
12724
0
12745
0
12765
0
12772
0
12797
0
12813
0
12839
1
12860
0
12882
1
12894
0
12915
0
12973
0
13020
1
13067
1
13078
0
13094
0
13111
1
13182
0
13216
1
13259
0
13297
0
13325
0
13345
0
13383
0
13413
0
13442
0
13446
1
2
1
13452
0
13472
0
13495
1
13506
1
13514
0
13524
1
13557
0
13560
0
13581
0
13614
0
13623
0
13652
0
13688
0
13722
0
13735
0
13761
0
13854
0
13877
1
13888
0
13894
1
13953
0
14030
0
14096
0
14123
0
14180
0
14208
1
2
1
14215
0
14222
0
14228
1
14231
0
14258
1
14282
0
14327
0
14382
0
14435
0
14464
1
14491
0
14534
0
14547
1
14572
0
14612
1
14661
1
14735
0
14755
0
14889
1
15008
0
15035
1
15153
0
15257
1
15274
1
15279
0
15427
1
15453
0
15477
0
15493
0
15511
1
15530
0
15583
0
15636
0
15714
0
15802
0
15825
0
15874
0
15943
0
15959
0
1
15981
1
16028
0
16053
0
16079
0
16087
0
16106
0
16161
0
16243
0
16297
0
16309
0
16333
0
16434
0
16460
1
16528
0
16601
1
16814
0
16957
0
16971
0
17014
1
17026
0
17035
1
17088
0
17121
0
17140
1
17145
0
17205
1
17234
1
17260
0
17297
1
17318
1
17379
1
17388
0
17397
0
17464
1
17476
1
17482
0
17495
1
17511
1
17515
1
17519
1
17523
0
17532
1
17534
1
17563
