0, 221, 0
0, 139, 0
0, 323, 0
0, 465, 0
0, 137, 0
0, 239, 0
0, 188, 0
0, 163, 1
0, 131, 0
0, 140, 1
0, 138, 0
0, 142, 0
0, 229, 0
0, 178, 1
0, 134, 0
1, 0, 0
0, 141, 0
0, 200, 0
0, 135, 0
0, 156, 0
0, 161, 0
0, 215, 0
0, 142, 0
1, 71, 0
0, 145, 0
1, 112, 0
0, 134, 0
1, 124, 0
0, 195, 0
0, 164, 0
1, 45, 0
0, 128, 0
0, 218, 0
0, 170, 0
0, 200, 0
0, 142, 0
0, 154, 0
0, 267, 0
0, 148, 0
0, 128, 0
0, 200, 0
0, 150, 0
0, 206, 0
0, 155, 0
0, 150, 0
0, 141, 0
0, 174, 0
0, 133, 0
0, 181, 0
0, 158, 0
0, 126, 0
0, 124, 0
0, 176, 0
0, 171, 0
0, 175, 0
0, 169, 0
0, 137, 0
0, 160, 0
0, 185, 0
0, 156, 0
0, 255, 0
0, 158, 0
0, 209, 0
0, 139, 0
0, 138, 1
0, 147, 0
0, 177, 0
0, 129, 0
0, 182, 0
0, 220, 0
0, 161, 0
0, 176, 0
0, 138, 0
0, 124, 0
0, 179, 0
0, 164, 0
0, 126, 0
0, 408, 0
0, 144, 0
0, 133, 0
0, 181, 0
0, 148, 0
0, 173, 0
0, 207, 0
0, 207, 0
0, 148, 0
0, 125, 0
0, 131, 0
0, 191, 0
0, 342, 0
0, 178, 0
0, 189, 0
0, 325, 0
0, 199, 0
0, 202, 0
0, 156, 0
0, 125, 1
0, 156, 1
0, 161, 1
0, 159, 1
0, 157, 0
0, 129, 0
0, 136, 0
0, 272, 0
0, 182, 0
1, 8, 0
0, 161, 0
0, 455, 0
0, 152, 0
0, 128, 0
0, 165, 0
0, 129, 0
0, 149, 0
0, 144, 0
0, 184, 0
0, 198, 0
0, 126, 0
0, 132, 1
0, 152, 0
0, 195, 0
0, 191, 1
0, 320, 0
0, 229, 0
0, 502, 0
0, 289, 0
0, 148, 0
0, 133, 0
0, 212, 0
0, 144, 0
0, 131, 1
0, 127, 0
0, 184, 0
0, 157, 0
0, 127, 0
0, 143, 0
0, 176, 0
0, 127, 0
0, 156, 0
0, 128, 0
0, 143, 0
0, 159, 0
0, 176, 0
0, 149, 1
0, 134, 0
0, 227, 0
0, 142, 0
0, 125, 0
0, 130, 0
0, 161, 1
1, 72, 0
0, 228, 0
0, 139, 0
0, 137, 0
0, 193, 0
0, 151, 0
0, 137, 0
0, 137, 0
0, 152, 0
0, 939, 0
0, 518, 0
1, 172, 0
0, 153, 0
0, 162, 0
0, 189, 0
0, 133, 0
0, 187, 1
1, 193, 0
0, 185, 0
0, 146, 0
1, 0, 0
0, 160, 0
0, 178, 1
0, 249, 0
0, 137, 0
0, 138, 0
0, 212, 0
0, 155, 0
0, 223, 0
0, 128, 0
0, 148, 0
0, 148, 0
0, 142, 0
0, 123, 1
0, 169, 0
0, 125, 0
0, 134, 0
0, 138, 0
0, 165, 0
0, 366, 0
0, 140, 0
0, 179, 0
0, 163, 0
1, 68, 0
0, 168, 0
0, 145, 0
0, 163, 0
0, 206, 0
0, 552, 0
0, 129, 0
0, 167, 0
0, 462, 0
0, 144, 0
0, 180, 0
0, 165, 0
0, 158, 1
0, 206, 0
0, 199, 0
0, 135, 0
1, 67, 0
0, 225, 0
0, 168, 0
0, 387, 0
0, 134, 0
0, 151, 0
0, 188, 0
0, 155, 0
0, 138, 1
0, 165, 1
0, 228, 0
0, 128, 0
0, 134, 0
0, 427, 0
0, 208, 0
0, 210, 0
0, 172, 0
0, 160, 0
0, 225, 0
0, 126, 1
0, 126, 0
0, 206, 0
0, 155, 0
0, 136, 0
0, 167, 0
0, 370, 0
1, 285, 0
0, 189, 0
0, 139, 0
0, 296, 0
0, 139, 0
0, 390, 0
0, 329, 0
0, 131, 0
1, 0, 0
0, 154, 0
0, 131, 0
0, 139, 0
0, 142, 0
0, 231, 0
0, 232, 0
0, 439, 0
0, 181, 0
0, 430, 0
0, 157, 0
0, 141, 0
0, 146, 0
0, 274, 0
0, 160, 0
0, 194, 0
0, 180, 0
0, 139, 0
0, 129, 0
0, 149, 1
0, 183, 0
0, 192, 0
0, 166, 0
1, 0, 0
0, 130, 0
0, 196, 0
0, 131, 0
0, 214, 0
0, 173, 0
0, 140, 0
0, 139, 0
0, 134, 0
0, 129, 0
1, 93, 0
0, 231, 0
0, 209, 1
0, 204, 0
0, 301, 0
0, 148, 0
0, 144, 0
0, 174, 0
0, 154, 0
0, 258, 0
0, 344, 0
0, 156, 0
0, 146, 0
0, 125, 0
0, 435, 0
0, 174, 0
0, 187, 0
0, 149, 0
0, 142, 0
1, 279, 0
0, 755, 0
0, 295, 0
1, 58, 0
0, 250, 0
0, 146, 0
0, 288, 0
0, 185, 0
0, 398, 0
0, 356, 0
0, 191, 0
0, 161, 0
0, 134, 0
0, 210, 0
0, 183, 0
0, 198, 0
0, 151, 0
0, 505, 0
0, 297, 0
0, 265, 0
0, 140, 0
0, 555, 0
0, 169, 0
0, 126, 1
0, 173, 0
0, 173, 0
1, 217, 0
0, 218, 0
0, 125, 0
0, 176, 0
0, 129, 0
0, 432, 0
0, 238, 1
0, 496, 0
0, 125, 0
1, 42, 0
0, 193, 0
0, 1125, 0
0, 240, 0
0, 129, 0
0, 454, 0
0, 406, 0
0, 188, 1
0, 187, 1
0, 147, 0
0, 222, 0
0, 147, 0
0, 196, 0
0, 258, 0
0, 165, 0
0, 168, 0
0, 160, 0
0, 147, 1
0, 152, 0
0, 181, 0
0, 126, 0
0, 156, 0
0, 439, 0
0, 149, 0
0, 148, 0
0, 138, 0
0, 203, 0
0, 125, 0
0, 126, 0
0, 158, 0
0, 184, 0
0, 281, 0
0, 164, 0
0, 137, 0
0, 180, 0
0, 157, 0
0, 196, 0
0, 255, 1
0, 220, 0
0, 190, 0
1, 33, 0
0, 918, 0
0, 196, 0
0, 174, 0
0, 151, 0
0, 141, 0
0, 181, 0
0, 149, 0
0, 169, 0
0, 260, 0
0, 520, 0
0, 380, 1
0, 463, 0
0, 157, 0
1, 0, 0
0, 272, 0
0, 136, 0
0, 157, 0
0, 339, 1
0, 734, 0
0, 158, 0
0, 230, 0
0, 143, 0
0, 381, 0
0, 147, 0
0, 264, 0
0, 144, 0
0, 433, 0
0, 401, 0
0, 543, 0
1, 386, 1
1, 115, 0
0, 408, 0
0, 132, 0
0, 360, 0
0, 312, 0
0, 315, 0
1, 117, 0
1, 175, 0
0, 825, 0
0, 569, 0
0, 340, 0
0, 831, 0
0, 370, 0
0, 152, 0
0, 362, 0
0, 503, 0
0, 206, 0
1, 262, 0
0, 203, 0
0, 578, 0
0, 211, 0
0, 206, 1
0, 1161, 0
0, 332, 0
1, 97, 0
0, 286, 0
0, 154, 0
0, 347, 0
0, 326, 0
0, 394, 0
0, 216, 0
0, 168, 1
0, 139, 0
0, 161, 0
0, 233, 0
0, 1000, 0
0, 466, 1
0, 165, 1
0, 134, 0
0, 444, 0
0, 145, 0
0, 132, 0
1, 231, 1
0, 154, 0
0, 446, 1
0, 316, 0
0, 303, 0
1, 75, 0
0, 179, 0
0, 185, 0
0, 886, 0
0, 154, 0
0, 683, 0
0, 450, 0
0, 717, 0
0, 151, 0
1, 438, 0
0, 182, 0
0, 250, 0
1, 437, 0
0, 148, 0
0, 149, 0
0, 171, 0
1, 190, 0
0, 352, 0
1, 305, 0
0, 320, 0
0, 152, 0
1, 504, 0
1, 699, 0
0, 747, 0
0, 310, 1
0, 173, 0
0, 165, 0
0, 330, 0
0, 129, 0
0, 150, 0
0, 155, 0
1, 66, 1
0, 454, 0
0, 460, 0
1, 835, 1
0, 624, 0
0, 185, 0
0, 418, 1
0, 132, 0
0, 300, 0
0, 878, 0
0, 487, 0
0, 278, 1
0, 236, 0
0, 131, 0
0, 149, 1
1, 0, 0
0, 531, 0
0, 848, 0
0, 260, 0
1, 98, 0
0, 130, 1
0, 916, 0
0, 749, 0
0, 165, 0
0, 987, 0
0, 165, 0
0, 658, 0
1, 220, 0
0, 378, 1
0, 248, 0
0, 932, 1
0, 311, 0
1, 229, 0
0, 341, 0
1, 350, 0
0, 421, 0
1, 845, 0
0, 1306, 0
0, 665, 0
1, 351, 0
0, 357, 0
0, 459, 0
0, 368, 0
1, 183, 0
0, 185, 0
1, 350, 0
0, 287, 0
1, 166, 0
0, 861, 0
0, 359, 0
0, 161, 0
0, 743, 0
1, 101, 0
0, 786, 0
0, 619, 0
0, 756, 0
0, 391, 0
0, 1529, 0
1, 310, 0
1, 225, 0
0, 151, 0
1, 699, 0
0, 651, 0
1, 167, 0
1, 1281, 0
1, 137, 0
0, 463, 0
0, 667, 0
1, 636, 1
0, 1007, 0
1, 589, 0
1, 307, 1
0, 414, 0
0, 153, 0
1, 645, 0
1, 205, 0
0, 1138, 1
0, 152, 0
0, 1462, 0
0, 786, 1
0, 696, 0
1, 157, 0
1, 286, 0
0, 3125, 1
0, 507, 0
0, 624, 0
1, 944, 0
1, 77, 1
0, 412, 0
0, 2858, 0
1, 81, 0
0, 632, 0
0, 314, 0
0, 1382, 0
1, 80, 0
1, 1402, 0
1, 149, 0
1, 544, 0
1, 347, 0
1, 753, 1
0, 3235, 1
1, 446, 0
1, 324, 0
1, 252, 0
1, 319, 0
0, 1268, 1
0, 292, 0
0, 1149, 1
1, 1205, 0
0, 1339, 0
0, 189, 0
1, 437, 0
1, 107, 0
1, 590, 0
1, 140, 0
1, 365, 0
1, 681, 0
1, 224, 0
0, 993, 0
1, 709, 0
1, 82, 0
0, 528, 0
0, 551, 0
1, 637, 0
1, 112, 0
1, 374, 0
1, 185, 0
0, 147, 0
1, 173, 0
0, 252, 0
1, 26, 0
1, 637, 0
0, 242, 0
1, 122, 0
0, 2245, 0
1, 680, 0
1, 442, 0
0, 1006, 1
1, 287, 0
0, 3103, 0
1, 970, 1
0, 1007, 1
0, 144, 1
1, 427, 0
0, 2837, 1
1, 284, 0
0, 410, 0
1, 971, 0
1, 281, 0
1, 465, 1
0, 166, 0
1, 2139, 0
0, 675, 0
0, 1076, 0
1, 1117, 0
1, 492, 0
1, 371, 0
1, 104, 0
0, 396, 0
1, 692, 0
1, 236, 0
1, 352, 0
1, 446, 0
1, 374, 0
1, 105, 0
1, 65, 0
1, 171, 0
0, 369, 0
0, 1205, 1
1, 276, 0
1, 124, 0
0, 136, 0
1, 191, 0
1, 14, 0
1, 2888, 0
1, 295, 0
1, 122, 1
1, 169, 0
0, 610, 0
1, 292, 0
1, 258, 0
0, 550, 0
0, 577, 0
1, 707, 0
1, 1336, 0
1, 214, 0
1, 148, 0
0, 9399, 1
1, 38, 0
1, 87, 0
0, 402, 0
1, 539, 0
1, 167, 0
1, 168, 0
1, 288, 0
1, 266, 0
1, 1044, 0
1, 800, 0
1, 1310, 0
1, 609, 0
1, 384, 0
1, 122, 0
1, 576, 0
1, 214, 0
1, 224, 0
1, 351, 0
1, 41, 0
1, 1491, 0
1, 406, 0
1, 289, 0
1, 683, 0
1, 401, 1
0, 5582, 1
0, 12675, 1
1, 475, 0
1, 73, 0
1, 81, 0
1, 282, 0
1, 771, 0
0, 536, 0
1, 724, 0
1, 275, 0
1, 122, 0
1, 265, 0
1, 232, 0
1, 130, 0
0, 2115, 0
1, 537, 0
1, 1592, 0
1, 166, 0
1, 333, 0
0, 209, 0
1, 260, 0
1, 119, 1
1, 2026, 0
0, 1789, 1
1, 453, 0
1, 113, 0
1, 322, 0
1, 1341, 0
1, 333, 0
1, 161, 0
1, 140, 0
1, 213, 0
1, 92, 1
1, 273, 0
1, 320, 0
1, 123, 0
1, 822, 0
1, 219, 0
1, 183, 0
1, 304, 0
1, 301, 0
1, 40, 0
1, 584, 0
1, 292, 0
0, 387, 0
1, 743, 0
1, 595, 0
1, 131, 0
1, 966, 0
1, 540, 1
1, 850, 0
1, 1717, 1
1, 218, 0
1, 352, 0
1, 1818, 1
0, 147, 0
1, 293, 0
1, 296, 0
1, 768, 0
0, 138, 0
1, 216, 0
1, 303, 0
1, 125, 0
1, 857, 0
1, 298, 0
1, 130, 0
1, 86, 0
1, 564, 0
0, 432, 0
1, 209, 0
1, 236, 0
1, 365, 0
1, 310, 0
1, 2126, 0
1, 591, 0
0, 8626, 1
1, 155, 0
1, 1908, 0
0, 819, 1
1, 212, 0
1, 376, 0
1, 261, 0
1, 443, 0
1, 253, 0
1, 133, 0
1, 1492, 1
1, 63, 0
1, 664, 0
1, 116, 0
1, 160, 0
1, 490, 0
1, 96, 0
1, 204, 0
1, 310, 0
1, 76, 0
1, 567, 0
1, 462, 0
1, 300, 0
1, 129, 0
1, 100, 0
1, 348, 0
1, 281, 0
0, 226, 0
1, 263, 0
0, 657, 0
1, 340, 0
1, 289, 0
1, 270, 0
1, 80, 0
0, 635, 1
1, 199, 0
1, 356, 0
1, 1133, 0
1, 448, 1
1, 192, 0
1, 137, 0
1, 275, 0
1, 443, 0
1, 244, 1
1, 222, 0
1, 81, 0
0, 9026, 1
1, 56, 1
1, 276, 0
1, 168, 0
1, 592, 0
1, 208, 0
1, 110, 0
1, 751, 0
1, 506, 0
1, 232, 0
1, 80, 0
1, 98, 0
1, 222, 0
1, 740, 0
1, 180, 0
1, 329, 0
1, 226, 1
1, 1653, 0
1, 256, 0
1, 112, 0
0, 208, 0
0, 196, 0
1, 90, 0
1, 441, 0
1, 926, 0
1, 383, 0
0, 291, 0
1, 1591, 0
1, 305, 0
1, 199, 0
1, 93, 0
1, 125, 0
1, 172, 0
1, 1551, 0
1, 111, 0
0, 397, 1
0, 97, 0
0, 96, 0
1, 115, 0
0, 299, 1
1, 543, 0
0, 592, 0
0, 98, 0
1, 493, 0
1, 218, 0
1, 87, 0
1, 619, 0
1, 46, 0
1, 111, 0
0, 248, 1
1, 125, 0
1, 115, 0
1, 116, 0
0, 1812, 1
1, 419, 0
1, 200, 0
0, 140, 0
0, 542, 0
0, 528, 0
1, 374, 0
0, 268, 0
0, 96, 0
1, 421, 0
1, 356, 0
1, 306, 0
1, 179, 0
0, 403, 0
0, 1537, 1
1, 131, 0
1, 294, 0
1, 347, 0
0, 482, 0
0, 282, 0
0, 3947, 1
1, 361, 0
1, 278, 1
1, 129, 0
0, 317, 0
0, 100, 0
1, 53, 0
1, 221, 1
0, 185, 0
1, 352, 0
1, 383, 0
1, 392, 1
0, 200, 0
1, 85, 0
1, 87, 0
1, 82, 0
1, 633, 0
0, 251, 0
1, 357, 0
1, 118, 0
1, 114, 0
1, 304, 0
1, 138, 0
1, 351, 1
0, 185, 0
1, 141, 1
0, 974, 0
0, 182, 0
1, 203, 0
1, 303, 0
0, 517, 0
0, 552, 0
1, 65, 0
1, 138, 0
1, 143, 1
1, 85, 0
1, 270, 0
1, 256, 0
1, 353, 0
1, 56, 0
1, 1448, 0
1, 232, 1
1, 104, 0
1, 32, 0
1, 473, 0
1, 98, 0
1, 120, 0
1, 178, 0
0, 210, 0
0, 427, 1
1, 941, 0
1, 350, 0
0, 163, 0
1, 364, 0
1, 231, 0
1, 536, 0
1, 258, 0
0, 124, 0
1, 511, 0
0, 90, 0
0, 170, 0
1, 139, 0
1, 84, 0
1, 402, 0
1, 288, 0
0, 677, 0
1, 615, 0
0, 147, 0
1, 54, 0
1, 80, 0
1, 239, 0
1, 37, 0
1, 78, 0
1, 173, 0
0, 250, 0
0, 223, 0
1, 160, 0
1, 352, 0
1, 175, 0
1, 410, 0
1, 172, 0
1, 265, 0
0, 483, 1
1, 150, 0
1, 193, 0
0, 897, 1
0, 244, 0
1, 76, 0
1, 29, 0
1, 100, 0
1, 321, 0
1, 173, 0
1, 316, 0
0, 711, 0
1, 382, 0
0, 105, 0
1, 139, 0
1, 413, 0
1, 557, 0
0, 1346, 0
1, 640, 1
0, 90, 0
0, 288, 0
1, 311, 0
1, 341, 0
1, 47, 0
1, 103, 1
1, 409, 0
1, 347, 0
1, 349, 0
1, 374, 0
1, 605, 0
1, 66, 0
0, 272, 0
1, 586, 0
1, 44, 0
1, 284, 0
0, 216, 0
1, 318, 0
0, 156, 0
1, 615, 0
0, 102, 0
1, 121, 0
1, 270, 0
1, 243, 0
1, 82, 0
1, 76, 0
1, 377, 0
1, 69, 0
1, 372, 0
1, 329, 0
0, 345, 0
1, 460, 0
1, 72, 0
0, 126, 0
0, 190, 0
1, 183, 0
0, 475, 0
1, 266, 0
1, 824, 1
1, 189, 0
1, 543, 0
1, 335, 0
0, 2222, 1
1, 678, 0
1, 52, 0
1, 410, 0
1, 459, 0
0, 158, 0
1, 101, 0
1, 190, 0
1, 112, 0
1, 400, 0
1, 30, 0
0, 333, 0
1, 427, 0
1, 356, 0
1, 123, 1
1, 418, 1
0, 165, 0
0, 242, 0
1, 172, 0
1, 561, 0
1, 89, 0
1, 65, 0
0, 194, 0
1, 57, 0
1, 99, 0
0, 316, 0
1, 362, 0
1, 380, 0
0, 181, 0
0, 522, 0
1, 109, 0
1, 223, 1
1, 103, 0
1, 352, 0
1, 120, 0
1, 304, 0
1, 163, 0
1, 178, 0
1, 424, 1
1, 112, 1
1, 71, 1
0, 274, 1
1, 476, 0
1, 72, 0
1, 80, 0
1, 237, 0
0, 2108, 1
0, 693, 0
1, 358, 0
0, 1101, 1
1, 188, 0
1, 142, 0
0, 531, 0
1, 95, 1
1, 307, 0
0, 104, 0
1, 440, 0
1, 58, 0
0, 1197, 0
1, 815, 0
1, 956, 0
1, 349, 1
1, 407, 0
1, 228, 0
0, 617, 0
1, 55, 0
0, 186, 0
1, 154, 0
1, 83, 0
1, 472, 0
1, 1006, 0
1, 169, 0
0, 255, 0
1, 37, 0
1, 322, 0
1, 755, 0
1, 385, 1
1, 396, 0
1, 194, 0
1, 373, 0
1, 420, 0
1, 93, 0
1, 81, 0
1, 347, 0
0, 185, 0
1, 127, 0
1, 160, 0
1, 48, 0
1, 373, 0
1, 139, 0
0, 244, 0
1, 266, 0
1, 285, 0
1, 273, 0
1, 177, 0
1, 344, 0
1, 134, 0
1, 82, 0
0, 2173, 1
1, 537, 0
1, 114, 0
1, 203, 0
1, 48, 0
1, 56, 0
1, 854, 0
1, 45, 0
1, 457, 0
1, 279, 0
1, 76, 0
1, 878, 0
1, 232, 0
1, 109, 0
1, 43, 0
1, 274, 0
1, 101, 0
1, 0, 0
1, 316, 0
0, 3782, 1
1, 158, 0
1, 73, 0
1, 67, 0
1, 283, 0
1, 266, 0
0, 2202, 1
0, 164, 0
1, 218, 0
1, 192, 0
1, 275, 0
1, 326, 0
1, 161, 0
1, 179, 0
1, 547, 0
1, 295, 0
1, 76, 0
1, 112, 0
1, 208, 0
1, 272, 0
1, 126, 0
1, 56, 0
1, 355, 0
1, 63, 0
1, 118, 0
1, 289, 0
1, 32, 0
1, 34, 0
1, 222, 0
1, 143, 0
1, 249, 0
1, 136, 0
1, 66, 0
1, 67, 1
1, 282, 0
1, 60, 0
1, 1756, 0
1, 109, 0
1, 92, 0
1, 233, 0
1, 243, 0
1, 138, 0
1, 337, 0
1, 100, 0
1, 337, 0
1, 72, 0
1, 254, 0
1, 266, 0
0, 268, 0
0, 728, 1
0, 108, 0
0, 386, 1
1, 124, 0
1, 97, 0
1, 139, 0
1, 383, 0
1, 453, 0
0, 1861, 0
0, 147, 0
1, 200, 0
1, 1489, 1
1, 203, 0
1, 120, 0
1, 187, 0
1, 90, 0
1, 221, 0
0, 3435, 1
0, 2569, 1
0, 251, 0
1, 24, 0
1, 47, 0
1, 190, 0
1, 537, 0
1, 127, 0
1, 201, 0
1, 496, 0
0, 1553, 1
0, 286, 0
1, 188, 0
1, 140, 0
1, 266, 0
1, 67, 0
1, 248, 0
1, 216, 0
0, 5703, 1
0, 2188, 1
1, 174, 0
0, 445, 0
1, 46, 0
1, 50, 0
1, 360, 0
1, 132, 0
1, 350, 1
1, 130, 0
1, 97, 0
1, 341, 0
1, 292, 0
1, 29, 0
1, 417, 0
1, 320, 0
1, 352, 0
1, 200, 0
1, 193, 0
1, 336, 0
1, 341, 0
1, 70, 0
0, 131, 0
1, 328, 0
1, 79, 0
1, 108, 0
1, 408, 0
1, 332, 0
1, 108, 0
1, 322, 0
1, 221, 0
1, 183, 0
1, 129, 0
1, 126, 0
0, 4230, 1
1, 638, 0
1, 150, 0
1, 111, 0
1, 362, 0
1, 43, 0
1, 179, 0
1, 194, 0
1, 380, 0
1, 373, 0
1, 60, 0
1, 249, 0
1, 369, 0
1, 193, 0
1, 219, 1
1, 29, 0
1, 197, 0
1, 379, 0
0, 442, 0
1, 373, 0
0, 1105, 1
0, 109, 0
1, 365, 0
0, 5446, 1
1, 283, 0
1, 484, 0
0, 103, 0
1, 732, 0
1, 252, 0
1, 389, 0
1, 94, 0
1, 535, 0
1, 102, 0
1, 131, 0
1, 342, 0
1, 656, 0
1, 245, 0
1, 101, 0
1, 342, 0
1, 214, 0
1, 224, 1
1, 110, 0
1, 250, 0
1, 68, 0
1, 25, 0
1, 496, 0
1, 274, 0
1, 117, 0
1, 383, 0
1, 71, 0
1, 380, 0
0, 1063, 1
1, 498, 0
0, 169, 0
0, 201, 0
1, 321, 0
1, 120, 0
1, 103, 0
1, 97, 0
1, 258, 0
0, 297, 0
1, 210, 0
1, 693, 0
1, 155, 0
1, 90, 1
1, 859, 0
1, 339, 0
1, 90, 0
1, 363, 0
1, 126, 0
1, 342, 0
1, 265, 1
1, 115, 1
0, 2726, 1
0, 4706, 1
1, 366, 0
1, 470, 0
1, 472, 0
1, 244, 0
1, 141, 0
1, 219, 0
1, 252, 0
1, 343, 0
1, 130, 0
1, 300, 1
1, 183, 0
1, 405, 0
1, 95, 0
1, 194, 0
1, 106, 0
0, 390, 0
1, 117, 0
1, 83, 1
1, 103, 1
1, 351, 0
1, 349, 0
1, 150, 0
1, 136, 0
0, 251, 0
0, 261, 0
1, 308, 0
1, 201, 0
1, 122, 0
1, 82, 0
0, 422, 1
1, 156, 0
0, 584, 0
1, 138, 0
0, 190, 0
0, 59, 0
0, 169, 1
0, 87, 0
0, 90, 0
1, 195, 1
0, 48, 0
1, 126, 0
0, 276, 0
0, 205, 0
0, 190, 0
1, 102, 0
0, 239, 1
0, 207, 0
0, 541, 1
1, 188, 0
0, 234, 0
1, 104, 0
1, 285, 0
0, 644, 0
1, 80, 0
0, 194, 0
1, 193, 0
0, 271, 0
1, 207, 0
1, 599, 0
1, 247, 0
0, 159, 1
1, 600, 0
1, 68, 0
1, 136, 1
1, 59, 0
1, 16, 1
0, 565, 1
1, 433, 0
0, 48, 0
0, 234, 1
1, 149, 0
0, 277, 0
0, 272, 0
0, 192, 0
0, 256, 0
1, 433, 0
0, 205, 0
1, 355, 0
1, 159, 0
1, 100, 0
1, 407, 1
1, 451, 0
0, 158, 0
0, 148, 0
1, 320, 0
1, 61, 0
1, 520, 0
1, 0, 0
0, 90, 0
1, 21, 0
0, 180, 1
1, 297, 0
0, 220, 0
1, 173, 0
1, 399, 1
1, 111, 0
1, 273, 0
0, 241, 0
1, 132, 0
1, 25, 0
0, 229, 0
0, 239, 1
0, 232, 1
1, 87, 1
1, 206, 0
1, 100, 0
1, 104, 1
0, 237, 0
0, 271, 0
1, 256, 0
1, 539, 0
1, 428, 0
1, 466, 0
1, 200, 0
0, 167, 0
1, 317, 0
0, 553, 0
0, 282, 0
0, 169, 0
1, 510, 0
0, 211, 0
0, 380, 0
0, 286, 1
1, 344, 0
1, 387, 0
1, 326, 0
0, 235, 0
0, 176, 1
1, 66, 0
0, 269, 0
1, 111, 0
1, 285, 1
1, 194, 0
1, 34, 0
1, 79, 0
1, 749, 0
1, 272, 0
1, 589, 0
1, 175, 0
1, 172, 1
1, 199, 0
1, 446, 0
1, 303, 0
0, 180, 0
1, 251, 0
1, 225, 0
0, 187, 0
1, 113, 0
1, 436, 0
0, 191, 0
1, 409, 1
0, 514, 0
0, 90, 0
1, 69, 0
0, 992, 1
1, 291, 0
1, 443, 0
1, 185, 0
1, 116, 0
1, 214, 0
1, 195, 0
0, 181, 0
1, 353, 0
0, 45, 0
0, 90, 0
1, 375, 0
1, 73, 0
1, 154, 0
0, 238, 0
0, 213, 0
0, 250, 0
0, 172, 0
0, 392, 0
0, 1412, 1
1, 443, 0
0, 223, 0
0, 50, 0
0, 195, 0
1, 256, 0
1, 332, 0
1, 252, 0
1, 61, 0
1, 320, 0
1, 160, 0
1, 110, 0
1, 614, 0
1, 301, 0
1, 0, 0
1, 477, 0
1, 229, 0
0, 158, 0
0, 185, 0
0, 174, 0
1, 356, 1
0, 179, 0
1, 157, 0
1, 369, 0
0, 185, 0
1, 192, 0
1, 361, 0
1, 436, 0
0, 108, 0
1, 232, 0
1, 85, 0
1, 294, 0
0, 139, 0
1, 437, 0
1, 348, 1
0, 191, 0
1, 802, 0
1, 213, 0
0, 1627, 1
0, 229, 0
1, 356, 0
1, 325, 0
1, 269, 0
1, 220, 0
0, 168, 0
0, 45, 0
1, 243, 1
0, 380, 0
0, 46, 0
1, 90, 0
1, 173, 0
0, 174, 0
1, 432, 0
1, 213, 0
1, 341, 0
1, 258, 0
1, 113, 0
1, 88, 0
1, 459, 0
1, 354, 0
1, 477, 0
0, 201, 0
0, 753, 0
1, 232, 0
1, 222, 0
1, 113, 0
1, 316, 1
0, 143, 0
0, 180, 0
1, 293, 0
1, 209, 0
1, 384, 0
1, 428, 0
1, 98, 0
1, 374, 0
1, 94, 0
1, 301, 0
1, 940, 1
1, 325, 0
0, 240, 0
1, 371, 0
1, 239, 0
1, 144, 0
1, 175, 1
1, 159, 0
1, 224, 0
1, 362, 0
1, 135, 0
1, 200, 0
1, 217, 0
0, 201, 0
0, 176, 0
0, 173, 1
1, 396, 0
1, 102, 0
1, 660, 0
0, 243, 0
0, 547, 1
1, 176, 0
1, 463, 0
0, 881, 1
0, 110, 0
0, 252, 0
1, 52, 0
1, 397, 0
0, 332, 1
1, 276, 1
1, 197, 0
1, 91, 0
0, 405, 0
1, 164, 0
0, 187, 0
1, 413, 1
0, 293, 1
0, 186, 0
0, 197, 0
1, 761, 0
0, 276, 0
1, 224, 0
1, 188, 0
1, 148, 0
1, 537, 0
1, 85, 0
0, 47, 0
1, 186, 0
1, 39, 0
1, 184, 0
1, 179, 0
0, 431, 1
0, 60, 0
1, 427, 0
0, 45, 0
1, 145, 0
1, 364, 0
1, 484, 0
1, 222, 1
1, 620, 1
0, 168, 0
1, 445, 0
0, 194, 0
1, 451, 0
1, 183, 0
1, 306, 1
1, 169, 0
0, 370, 0
1, 412, 0
1, 485, 0
0, 218, 0
1, 216, 0
1, 107, 0
0, 179, 0
1, 340, 0
1, 224, 0
1, 498, 1
1, 103, 0
1, 129, 0
1, 1191, 0
0, 158, 0
1, 418, 1
0, 254, 0
0, 108, 0
1, 481, 0
1, 276, 0
1, 144, 1
1, 503, 0
0, 407, 0
0, 177, 0
1, 132, 0
1, 167, 0
1, 147, 0
0, 265, 0
0, 90, 0
1, 541, 0
0, 241, 0
1, 96, 0
1, 200, 0
1, 26, 0
0, 179, 0
0, 236, 0
1, 388, 0
0, 674, 0
1, 176, 0
1, 85, 1
1, 352, 0
1, 253, 0
1, 65, 0
1, 125, 0
0, 171, 0
1, 64, 0
0, 188, 1
1, 481, 0
0, 2273, 1
1, 106, 0
1, 158, 0
0, 258, 0
1, 154, 0
0, 221, 0
1, 488, 0
0, 184, 0
1, 518, 1
1, 161, 0
1, 477, 0
1, 617, 0
1, 1010, 0
1, 328, 0
1, 516, 0
1, 237, 0
0, 167, 0
1, 357, 0
0, 189, 0
1, 114, 0
1, 109, 1
1, 181, 0
1, 135, 0
1, 103, 0
0, 202, 0
0, 384, 0
1, 99, 0
1, 266, 0
1, 732, 0
0, 90, 0
1, 467, 0
1, 120, 0
1, 659, 0
1, 90, 0
1, 319, 1
1, 414, 0
1, 304, 0
1, 92, 1
0, 642, 1
0, 290, 1
0, 546, 1
1, 212, 0
1, 317, 0
1, 102, 0
1, 246, 0
1, 144, 0
1, 292, 0
1, 299, 1
1, 641, 0
1, 165, 0
0, 353, 0
1, 191, 0
0, 184, 0
0, 805, 1
1, 1364, 1
1, 388, 0
1, 148, 0
0, 230, 0
0, 995, 1
0, 190, 0
0, 243, 0
1, 156, 0
0, 217, 0
1, 283, 0
1, 288, 0
0, 159, 1
1, 141, 0
1, 112, 0
1, 314, 0
1, 153, 0
0, 962, 1
1, 107, 0
1, 224, 0
0, 173, 0
0, 343, 0
1, 189, 0
0, 63, 0
1, 73, 0
0, 232, 0
0, 198, 0
1, 225, 0
1, 292, 0
1, 500, 0
1, 70, 0
1, 162, 0
1, 92, 1
1, 658, 0
0, 178, 1
1, 341, 0
1, 473, 0
0, 110, 0
0, 388, 0
1, 344, 0
1, 218, 0
1, 137, 0
1, 214, 0
1, 60, 1
1, 149, 0
1, 381, 0
1, 99, 0
0, 645, 1
0, 1381, 0
1, 607, 0
1, 113, 0
1, 188, 0
0, 236, 0
1, 473, 0
0, 1091, 1
1, 110, 0
0, 47, 0
1, 321, 0
1, 216, 0
0, 1769, 0
1, 80, 0
0, 45, 0
1, 167, 0
0, 451, 1
1, 82, 0
1, 751, 0
1, 342, 0
1, 411, 0
1, 241, 0
1, 34, 0
0, 189, 0
1, 105, 0
1, 406, 0
0, 378, 0
1, 83, 1
1, 217, 0
0, 155, 0
1, 181, 0
1, 66, 1
1, 376, 0
0, 243, 0
1, 172, 0
1, 136, 0
1, 1396, 1
1, 121, 1
0, 61, 0
1, 105, 0
0, 377, 0
1, 468, 0
1, 153, 0
1, 110, 0
1, 123, 0
0, 281, 0
1, 91, 1
0, 190, 0
1, 85, 1
0, 786, 1
1, 1037, 0
0, 313, 0
1, 368, 0
0, 237, 0
1, 373, 0
1, 434, 0
0, 47, 0
1, 153, 0
1, 104, 0
1, 412, 0
1, 38, 0
1, 431, 0
1, 615, 0
1, 51, 0
0, 49, 0
1, 59, 0
1, 104, 0
1, 102, 0
1, 184, 0
0, 201, 0
1, 328, 0
1, 379, 0
1, 384, 0
1, 103, 0
0, 634, 0
0, 449, 0
0, 182, 0
0, 47, 0
0, 189, 1
1, 870, 0
0, 56, 0
1, 152, 0
1, 375, 0
1, 115, 0
1, 215, 0
1, 478, 0
1, 109, 0
0, 236, 0
0, 805, 1
1, 356, 0
0, 223, 0
1, 489, 0
1, 506, 0
0, 196, 1
0, 183, 0
1, 375, 0
0, 216, 0
0, 1896, 1
0, 1899, 1
1, 341, 0
0, 180, 0
1, 111, 0
1, 337, 0
1, 65, 0
1, 179, 0
1, 371, 0
1, 197, 0
1, 509, 0
1, 149, 0
1, 147, 0
1, 329, 0
0, 217, 0
0, 483, 0
1, 438, 1
0, 221, 0
1, 67, 0
0, 558, 0
1, 135, 0
1, 113, 0
1, 120, 0
1, 128, 0
1, 181, 0
1, 1072, 0
0, 382, 1
1, 326, 0
1, 1217, 0
1, 419, 0
1, 260, 0
1, 25, 0
1, 134, 0
1, 175, 0
1, 289, 0
1, 146, 0
1, 125, 0
1, 164, 0
1, 238, 0
0, 450, 0
1, 423, 0
1, 59, 0
0, 263, 0
0, 2417, 1
1, 97, 0
1, 745, 0
0, 48, 0
0, 210, 0
1, 200, 0
0, 215, 1
1, 76, 0
1, 201, 0
1, 163, 0
1, 144, 1
0, 208, 0
1, 76, 0
1, 151, 1
1, 616, 0
1, 140, 0
1, 172, 0
1, 261, 0
1, 90, 0
1, 132, 0
1, 419, 0
1, 125, 0
0, 237, 0
1, 261, 0
1, 384, 0
1, 480, 0
1, 96, 0
1, 207, 0
1, 227, 0
0, 1802, 1
1, 80, 0
1, 205, 0
0, 431, 0
1, 336, 0
0, 901, 0
1, 245, 0
1, 481, 0
1, 98, 0
1, 404, 0
1, 419, 0
0, 204, 0
0, 1633, 1
1, 201, 0
1, 173, 0
1, 126, 1
1, 545, 0
0, 90, 0
1, 55, 0
1, 208, 0
0, 3917, 1
1, 325, 0
1, 354, 0
1, 113, 0
1, 236, 1
1, 124, 0
0, 181, 0
0, 858, 1
0, 190, 0
1, 180, 0
1, 378, 0
0, 1846, 1
1, 322, 0
1, 425, 0
0, 162, 0
0, 1496, 1
1, 453, 0
1, 113, 0
0, 4425, 1
1, 103, 0
0, 177, 0
1, 115, 0
1, 322, 0
1, 154, 0
1, 636, 0
1, 452, 0
0, 48, 0
1, 220, 1
1, 307, 0
1, 384, 0
1, 916, 0
1, 180, 0
1, 183, 1
1, 77, 0
0, 2081, 1
1, 336, 0
1, 201, 0
1, 404, 0
1, 213, 0
1, 355, 1
1, 346, 0
1, 380, 0
1, 467, 0
1, 31, 0
1, 422, 0
1, 1859, 0
1, 1327, 0
1, 164, 0
1, 224, 0
1, 192, 0
0, 215, 0
1, 186, 0
1, 498, 0
1, 309, 0
1, 164, 0
1, 414, 0
1, 195, 0
1, 139, 0
0, 877, 0
0, 149, 0
1, 342, 0
1, 372, 0
0, 187, 0
1, 78, 0
1, 115, 0
1, 343, 0
1, 129, 0
1, 52, 0
1, 352, 0
1, 185, 0
1, 166, 0
1, 104, 0
1, 105, 0
1, 393, 0
1, 257, 0
1, 237, 1
1, 89, 0
1, 622, 0
0, 377, 0
0, 1541, 1
1, 147, 0
1, 179, 0
1, 177, 0
1, 226, 0
1, 165, 1
1, 147, 0
1, 129, 0
0, 411, 1
1, 143, 0
1, 1617, 0
1, 487, 0
1, 410, 0
0, 162, 0
1, 110, 0
1, 542, 0
0, 185, 1
1, 408, 0
1, 157, 0
1, 210, 0
1, 0, 0
1, 498, 0
1, 58, 0
1, 73, 0
1, 381, 0
0, 194, 0
1, 230, 1
1, 56, 0
1, 177, 0
1, 214, 0
0, 768, 0
1, 388, 0
0, 375, 1
0, 694, 0
1, 213, 0
0, 1926, 1
1, 100, 0
1, 72, 0
0, 253, 0
1, 481, 0
1, 384, 0
1, 402, 1
1, 82, 1
1, 256, 0
1, 88, 0
0, 232, 0
1, 389, 0
1, 147, 0
0, 4005, 1
1, 186, 1
0, 187, 0
1, 328, 0
1, 384, 0
0, 941, 1
1, 145, 0
1, 249, 0
1, 411, 0
1, 81, 0
1, 249, 0
1, 332, 0
1, 103, 0
1, 122, 0
1, 415, 0
1, 152, 0
0, 210, 0
1, 131, 0
1, 149, 0
1, 513, 0
1, 359, 0
1, 377, 0
1, 222, 0
0, 200, 0
0, 199, 0
1, 364, 0
1, 357, 0
1, 200, 0
1, 301, 0
1, 142, 0
1, 1319, 0
1, 277, 0
1, 465, 0
1, 327, 0
1, 131, 0
1, 190, 0
0, 208, 0
1, 186, 1
1, 394, 0
0, 179, 0
1, 608, 0
1, 111, 0
1, 191, 0
1, 351, 0
0, 202, 0
1, 387, 0
0, 190, 0
1, 147, 0
0, 193, 0
1, 221, 0
1, 145, 0
1, 478, 1
1, 661, 0
1, 1403, 0
1, 2149, 0
1, 140, 0
1, 164, 0
1, 176, 0
1, 339, 0
1, 466, 0
0, 775, 0
1, 96, 0
1, 266, 0
0, 412, 0
0, 168, 0
1, 82, 0
1, 290, 0
1, 660, 0
1, 340, 0
1, 404, 0
1, 79, 0
1, 598, 0
1, 271, 0
0, 172, 1
1, 208, 0
1, 113, 0
1, 172, 0
1, 376, 1
0, 178, 0
1, 231, 0
1, 400, 0
1, 124, 0
1, 185, 0
1, 387, 0
1, 68, 0
1, 279, 0
0, 54, 1
0, 182, 0
1, 279, 0
1, 151, 0
1, 129, 0
1, 249, 0
1, 357, 0
1, 492, 0
0, 1140, 1
0, 354, 0
1, 313, 0
0, 1400, 1
1, 132, 0
0, 466, 1
1, 428, 0
1, 386, 0
1, 68, 0
1, 269, 0
1, 389, 0
1, 72, 0
1, 999, 0
1, 209, 0
0, 256, 0
1, 2896, 0
0, 879, 1
0, 193, 0
1, 297, 0
1, 440, 0
0, 4024, 1
0, 1441, 1
1, 429, 0
1, 354, 0
0, 251, 0
1, 437, 0
1, 465, 0
1, 257, 0
1, 340, 0
1, 393, 0
0, 7011, 0
1, 335, 0
0, 713, 1
1, 508, 0
0, 47, 0
1, 410, 0
1, 124, 0
0, 4419, 1
0, 606, 0
1, 164, 1
1, 1033, 0
1, 193, 0
1, 74, 0
1, 76, 0
1, 310, 1
1, 341, 0
1, 389, 0
0, 13285, 1
1, 411, 0
1, 103, 0
1, 139, 0
1, 83, 0
1, 68, 0
0, 331, 0
1, 231, 0
1, 164, 0
1, 469, 0
1, 373, 0
1, 128, 0
0, 870, 0
1, 183, 0
0, 256, 0
1, 63, 0
1, 30, 0
1, 102, 0
1, 337, 0
0, 198, 0
1, 216, 0
1, 306, 1
1, 340, 0
1, 55, 0
1, 119, 0
1, 208, 0
1, 262, 0
1, 397, 0
0, 422, 0
1, 415, 0
1, 90, 0
1, 1031, 0
1, 374, 0
1, 217, 0
1, 426, 0
1, 655, 0
0, 181, 0
1, 119, 0
0, 4845, 1
1, 315, 0
1, 107, 0
1, 69, 1
0, 207, 1
1, 369, 0
1, 594, 0
1, 1127, 0
1, 472, 0
1, 666, 0
1, 462, 0
0, 5317, 1
1, 170, 0
1, 101, 0
1, 134, 0
1, 142, 0
1, 950, 0
1, 319, 0
1, 355, 0
1, 96, 0
1, 192, 0
1, 488, 0
1, 443, 0
1, 153, 0
0, 722, 1
1, 211, 0
0, 90, 0
1, 277, 0
1, 208, 0
1, 201, 0
1, 375, 0
1, 289, 0
1, 379, 0
1, 361, 1
1, 79, 0
1, 346, 0
1, 374, 0
1, 140, 0
0, 175, 0
1, 685, 0
1, 397, 0
1, 564, 0
1, 966, 0
1, 416, 0
1, 231, 0
1, 461, 0
1, 470, 1
1, 468, 0
1, 111, 0
0, 1491, 0
1, 480, 0
1, 336, 0
1, 464, 0
1, 176, 0
1, 393, 0
0, 2718, 0
1, 218, 0
1, 263, 0
1, 498, 0
1, 353, 0
1, 389, 0
1, 246, 0
0, 5466, 1
1, 279, 0
0, 225, 0
1, 1363, 0
1, 230, 0
0, 2561, 1
1, 1377, 0
1, 124, 1
1, 90, 0
1, 308, 1
1, 384, 0
1, 376, 0
0, 1519, 0
1, 150, 0
1, 259, 0
1, 432, 0
1, 283, 0
1, 202, 0
1, 206, 0
1, 357, 0
1, 888, 0
1, 449, 0
1, 68, 0
1, 377, 0
1, 250, 0
1, 156, 0
0, 1033, 1
0, 1368, 1
1, 37, 0
1, 74, 0
1, 291, 0
1, 114, 0
1, 409, 1
1, 311, 0
1, 66, 1
0, 167, 0
1, 276, 0
1, 437, 0
1, 206, 0
1, 406, 0
1, 304, 0
1, 6, 0
1, 391, 0
1, 403, 0
1, 294, 0
0, 647, 0
1, 207, 0
1, 332, 0
1, 214, 0
1, 237, 0
0, 526, 1
1, 136, 0
1, 344, 0
1, 56, 0
1, 20, 0
1, 331, 0
1, 135, 0
1, 319, 0
1, 88, 0
1, 153, 0
1, 0, 0
1, 90, 1
1, 337, 0
0, 227, 0
1, 101, 0
1, 293, 1
1, 362, 0
0, 666, 1
1, 143, 0
1, 157, 0
1, 127, 0
1, 349, 0
1, 1131, 0
1, 134, 0
1, 169, 1
1, 174, 0
0, 428, 0
1, 188, 0
1, 103, 0
1, 463, 0
1, 241, 0
0, 168, 0
1, 72, 0
1, 126, 0
1, 268, 0
1, 136, 0
1, 115, 0
0, 54, 1
0, 190, 0
0, 231, 0
1, 244, 0
1, 110, 0
1, 1725, 0
0, 238, 1
1, 312, 0
1, 411, 0
1, 342, 0
1, 1745, 0
1, 423, 0
1, 150, 0
1, 6, 0
1, 222, 1
0, 387, 0
1, 315, 0
1, 179, 0
1, 168, 0
1, 502, 0
1, 381, 0
1, 300, 0
1, 201, 0
1, 388, 1
1, 482, 0
1, 341, 0
1, 102, 1
1, 260, 1
1, 41, 0
1, 314, 0
1, 126, 0
1, 77, 0
1, 99, 0
1, 379, 0
0, 90, 0
1, 100, 0
1, 188, 0
1, 222, 0
1, 159, 0
1, 484, 0
1, 348, 0
1, 123, 0
1, 458, 0
1, 239, 0
1, 267, 0
1, 377, 0
1, 126, 1
1, 182, 0
1, 132, 0
0, 173, 0
0, 3039, 1
1, 298, 0
1, 352, 0
1, 347, 0
1, 136, 1
1, 137, 0
1, 144, 0
1, 482, 0
1, 1809, 0
1, 382, 0
1, 180, 0
1, 224, 0
1, 128, 0
1, 103, 0
1, 169, 0
1, 248, 0
0, 219, 0
1, 415, 0
1, 682, 0
1, 375, 0
1, 899, 0
1, 198, 0
1, 5447, 0
1, 402, 0
1, 210, 1
1, 431, 0
0, 698, 1
1, 168, 0
1, 420, 0
1, 113, 0
0, 1109, 1
1, 149, 0
0, 90, 0
1, 648, 0
1, 1060, 0
1, 232, 0
1, 90, 0
1, 110, 0
0, 1072, 0
1, 168, 0
0, 172, 0
1, 335, 0
1, 419, 0
0, 1972, 0
1, 192, 0
1, 73, 0
1, 525, 0
1, 462, 0
1, 176, 0
1, 186, 0
1, 1390, 0
0, 6931, 1
0, 152, 0
1, 205, 0
1, 289, 0
1, 235, 0
0, 207, 0
1, 159, 1
1, 129, 0
1, 5813, 0
1, 33, 0
1, 319, 0
1, 382, 0
1, 2104, 0
1, 622, 0
1, 209, 0
1, 341, 0
1, 338, 0
1, 221, 0
0, 1319, 1
1, 257, 0
0, 162, 0
1, 386, 0
1, 456, 0
1, 170, 0
0, 949, 1
1, 128, 0
1, 147, 0
1, 474, 0
1, 184, 0
1, 444, 0
1, 666, 0
1, 198, 0
1, 238, 0
1, 12653, 0
1, 343, 0
1, 332, 0
1, 9, 0
1, 391, 1
1, 307, 0
0, 742, 0
1, 273, 1
1, 79, 0
1, 332, 0
1, 376, 0
0, 723, 1
1, 59, 0
1, 181, 0
1, 207, 0
1, 196, 0
1, 209, 0
1, 248, 0
1, 370, 0
1, 85, 0
1, 144, 1
1, 230, 0
1, 127, 0
1, 521, 0
1, 395, 0
1, 65, 0
1, 1321, 0
1, 376, 0
1, 416, 0
1, 182, 0
1, 151, 0
1, 221, 0
1, 139, 1
1, 1212, 0
0, 1964, 1
1, 357, 0
0, 1301, 1
1, 26, 0
0, 387, 0
1, 182, 0
1, 360, 0
1, 108, 0
1, 153, 0
1, 213, 0
1, 162, 0
1, 346, 0
1, 103, 0
1, 421, 0
1, 176, 0
1, 159, 0
1, 198, 0
1, 158, 0
1, 54, 0
1, 812, 0
1, 227, 0
1, 192, 0
1, 0, 1
1, 274, 0
1, 341, 0
1, 197, 0
1, 54, 0
0, 186, 0
0, 185, 0
0, 176, 1
1, 71, 0
1, 375, 0
1, 335, 1
1, 409, 0
1, 358, 0
1, 455, 0
0, 895, 0
1, 119, 0
1, 53, 0
1, 502, 0
1, 455, 0
1, 192, 0
1, 291, 0
0, 2003, 0
1, 382, 0
1, 418, 0
1, 190, 0
1, 233, 0
1, 488, 0
1, 79, 1
1, 367, 0
1, 44, 0
1, 326, 0
1, 112, 0
1, 358, 0
1, 2685, 1
1, 304, 0
1, 328, 0
1, 518, 0
1, 238, 0
1, 45, 0
1, 133, 0
1, 120, 0
1, 127, 0
1, 341, 0
1, 100, 0
1, 395, 0
1, 70, 0
0, 95, 0
0, 87, 0
0, 250, 0
1, 432, 1
1, 102, 0
1, 386, 0
1, 322, 0
1, 200, 1
0, 192, 0
0, 186, 0
1, 481, 0
1, 68, 0
1, 121, 1
1, 196, 0
1, 201, 1
0, 632, 0
1, 245, 0
0, 447, 0
0, 706, 1
0, 73, 0
1, 144, 0
1, 163, 0
0, 1773, 1
1, 235, 0
0, 289, 0
1, 223, 0
1, 693, 0
0, 649, 0
0, 163, 0
1, 296, 0
1, 205, 1
1, 146, 0
0, 90, 0
0, 179, 0
1, 38, 0
1, 269, 1
1, 163, 0
1, 345, 0
0, 170, 0
0, 199, 0
1, 322, 0
1, 337, 0
1, 50, 0
1, 166, 0
1, 97, 0
1, 424, 0
1, 161, 0
1, 183, 0
1, 539, 0
1, 216, 0
1, 380, 0
1, 219, 0
1, 530, 0
1, 113, 0
0, 204, 0
0, 684, 1
0, 298, 0
0, 172, 0
1, 303, 0
0, 228, 0
1, 136, 0
0, 712, 1
0, 159, 0
1, 240, 0
1, 106, 0
0, 206, 1
1, 1366, 0
1, 503, 0
1, 651, 0
0, 187, 0
1, 183, 0
1, 303, 0
1, 352, 0
0, 1760, 0
1, 162, 0
0, 191, 0
1, 202, 0
1, 106, 0
1, 113, 0
1, 178, 0
0, 5634, 0
1, 233, 0
1, 429, 0
1, 93, 0
0, 526, 1
1, 170, 0
1, 467, 0
1, 348, 0
1, 136, 0
1, 401, 0
0, 165, 0
1, 135, 0
1, 135, 0
0, 47, 0
0, 180, 0
0, 95, 1
0, 193, 0
1, 179, 0
1, 103, 0
1, 63, 0
0, 186, 0
1, 42, 0
1, 190, 0
0, 1433, 0
0, 192, 0
1, 339, 0
1, 469, 0
0, 189, 0
0, 823, 0
1, 452, 0
1, 213, 0
0, 107, 0
1, 292, 0
1, 59, 0
0, 108, 0
1, 139, 0
0, 77, 0
1, 338, 0
0, 64, 0
1, 176, 1
0, 1012, 1
1, 94, 0
0, 204, 0
0, 90, 0
1, 131, 0
1, 64, 0
1, 445, 0
1, 77, 0
1, 169, 0
1, 174, 0
0, 147, 0
1, 122, 0
0, 178, 0
1, 6, 0
1, 114, 0
1, 228, 0
1, 381, 0
1, 297, 0
1, 1115, 0
0, 488, 0
1, 128, 1
1, 165, 0
0, 217, 0
0, 164, 0
1, 51, 0
1, 94, 0
0, 212, 1
0, 2605, 1
1, 639, 0
0, 2058, 1
0, 188, 0
1, 213, 0
1, 126, 0
1, 517, 0
0, 232, 0
0, 238, 0
1, 238, 0
1, 192, 0
0, 193, 0
1, 81, 0
1, 86, 0
1, 374, 0
1, 137, 1
1, 118, 0
0, 206, 0
1, 3121, 0
1, 90, 0
1, 459, 1
0, 311, 0
0, 264, 0
1, 73, 0
0, 367, 1
0, 636, 1
1, 266, 0
1, 183, 0
1, 227, 0
1, 125, 0
1, 104, 0
1, 122, 0
1, 357, 0
0, 108, 0
0, 1474, 1
1, 466, 0
1, 347, 0
0, 634, 0
1, 131, 0
1, 183, 0
1, 325, 0
1, 231, 0
0, 180, 0
1, 383, 0
1, 278, 0
0, 221, 0
1, 172, 0
1, 81, 0
1, 261, 0
1, 202, 0
1, 314, 0
1, 124, 0
0, 1864, 1
1, 132, 0
1, 110, 0
1, 821, 0
1, 93, 0
1, 369, 0
1, 353, 0
1, 119, 1
1, 148, 0
1, 1385, 0
1, 65, 1
1, 166, 1
1, 341, 0
1, 227, 0
0, 256, 0
0, 198, 0
1, 154, 0
1, 97, 0
0, 38, 0
1, 165, 0
1, 108, 0
1, 187, 0
1, 286, 0
0, 253, 0
1, 453, 0
0, 2533, 1
0, 232, 0
1, 315, 0
1, 179, 0
1, 547, 0
1, 421, 0
1, 218, 0
1, 305, 0
0, 196, 0
0, 119, 1
1, 209, 0
1, 154, 0
1, 241, 0
1, 387, 0
1, 97, 0
0, 627, 0
1, 162, 0
0, 46, 0
0, 63, 0
1, 719, 0
0, 523, 1
1, 234, 0
1, 470, 0
1, 435, 0
1, 604, 1
1, 416, 0
0, 47, 1
1, 278, 0
1, 407, 0
1, 181, 0
1, 292, 0
0, 58, 0
0, 57, 0
1, 369, 0
1, 280, 0
0, 565, 0
0, 59, 0
1, 411, 0
1, 118, 0
0, 46, 0
1, 362, 0
1, 134, 0
1, 142, 0
0, 45, 0
0, 61, 0
0, 47, 1
1, 407, 0
1, 348, 0
1, 1038, 0
1, 399, 0
1, 386, 0
0, 486, 1
1, 555, 0
1, 218, 0
1, 198, 0
1, 173, 0
1, 300, 0
1, 148, 0
1, 271, 0
1, 1546, 0
1, 95, 0
1, 68, 0
0, 32, 0
1, 267, 1
1, 99, 0
1, 355, 0
1, 424, 0
1, 272, 0
1, 386, 0
1, 458, 0
1, 312, 0
1, 231, 0
1, 107, 0
0, 30, 0
1, 55, 0
0, 177, 0
0, 48, 0
0, 15, 0
0, 47, 0
1, 177, 0
0, 0, 0
0, 188, 0
1, 177, 0
1, 221, 0
1, 317, 0
1, 169, 0
0, 445, 0
1, 35, 0
0, 361, 0
0, 52, 0
1, 144, 0
1, 69, 0
0, 398, 0
0, 192, 0
1, 429, 0
1, 86, 0
0, 207, 0
1, 203, 0
0, 2226, 1
1, 444, 0
1, 179, 0
1, 308, 0
1, 251, 0
0, 705, 0
1, 834, 0
1, 210, 0
0, 1514, 1
1, 411, 0
1, 314, 0
1, 294, 0
0, 542, 0
0, 47, 0
1, 235, 0
0, 49, 0
0, 94, 0
1, 1405, 0
1, 416, 0
1, 553, 0
1, 111, 0
1, 159, 1
0, 181, 0
1, 263, 0
1, 367, 0
1, 159, 0
1, 235, 1
0, 74, 0
0, 90, 0
1, 120, 0
1, 161, 0
1, 46, 1
0, 164, 1
1, 233, 0
1, 378, 0
0, 46, 0
0, 378, 1
1, 353, 0
0, 65, 0
1, 145, 0
0, 70, 0
1, 81, 0
1, 230, 0
1, 352, 0
0, 260, 0
1, 92, 0
0, 86, 0
1, 155, 0
0, 81, 0
1, 447, 0
1, 349, 0
1, 268, 1
1, 291, 0
1, 89, 0
1, 209, 0
0, 65, 0
0, 67, 0
1, 409, 0
0, 2160, 1
0, 90, 0
0, 25, 0
0, 23, 0
0, 26, 0
0, 891, 0
1, 132, 0
1, 375, 1
0, 34, 0
1, 334, 0
0, 1727, 1
1, 322, 0
1, 318, 0
1, 121, 0
1, 393, 0
1, 175, 0
0, 194, 0
1, 37, 1
0, 236, 0
1, 87, 0
1, 35, 0
0, 1724, 1
0, 329, 1
1, 145, 0
1, 96, 0
0, 256, 0
1, 472, 0
1, 130, 0
1, 238, 0
0, 61, 0
1, 137, 0
0, 172, 0
0, 65, 0
0, 58, 0
0, 60, 1
1, 259, 0
0, 27, 0
1, 438, 0
1, 223, 0
0, 498, 1
1, 301, 0
1, 127, 0
1, 74, 0
0, 408, 0
0, 304, 1
0, 2001, 1
0, 713, 0
1, 233, 0
0, 176, 0
1, 339, 0
1, 794, 0
1, 225, 0
1, 318, 0
0, 60, 0
1, 214, 0
1, 173, 0
1, 227, 0
0, 13, 0
0, 12, 0
0, 9, 0
0, 12, 0
0, 9, 0
0, 9, 0
0, 12, 0
0, 9, 0
0, 12, 0
0, 9, 0
0, 49, 0
1, 159, 0
0, 45, 0
0, 22, 0
0, 48, 0
0, 30, 0
0, 35, 1
0, 35, 0
0, 42, 0
0, 41, 0
0, 81, 0
0, 51, 0
0, 571, 0
0, 47, 0
0, 2490, 1
0, 163, 0
0, 194, 0
1, 213, 0
0, 152, 0
1, 218, 0
1, 158, 0
0, 1554, 0
1, 206, 0
1, 196, 0
1, 282, 0
1, 324, 0
1, 696, 0
1, 337, 0
1, 98, 0
0, 196, 0
0, 1267, 1
0, 1491, 1
1, 190, 0
0, 213, 0
0, 249, 0
1, 158, 0
1, 156, 0
0, 264, 0
1, 250, 0
0, 489, 0
1, 60, 0
1, 127, 0
1, 214, 1
1, 374, 0
0, 0, 1
0, 272, 0
1, 343, 0
1, 239, 0
1, 380, 0
1, 389, 0
1, 486, 0
1, 110, 0
1, 255, 0
1, 86, 0
1, 124, 1
1, 370, 0
1, 171, 0
1, 1847, 0
1, 369, 0
0, 130, 0
1, 147, 1
1, 377, 0
1, 280, 0
1, 99, 0
1, 410, 0
1, 17, 0
0, 76, 0
0, 61, 0
1, 117, 0
1, 322, 0
1, 337, 0
0, 54, 0
1, 45, 0
0, 873, 1
0, 1868, 1
0, 89, 0
1, 99, 0
0, 49, 0
1, 85, 0
0, 74, 0
1, 407, 0
0, 172, 1
1, 403, 0
1, 474, 0
1, 201, 0
1, 417, 0
0, 175, 0
1, 142, 0
1, 193, 0
1, 182, 0
1, 92, 0
1, 157, 0
0, 159, 0
1, 284, 0
0, 77, 0
0, 76, 0
0, 51, 0
1, 104, 0
1, 292, 0
1, 78, 0
1, 133, 1
1, 21, 0
0, 41, 0
1, 299, 0
1, 68, 0
1, 395, 0
1, 116, 0
1, 326, 0
1, 418, 0
1, 42, 0
1, 107, 0
0, 89, 0
0, 1007, 1
1, 424, 0
1, 1626, 0
1, 375, 0
0, 204, 0
0, 166, 0
0, 90, 0
1, 208, 0
1, 168, 0
1, 314, 0
1, 631, 0
1, 116, 0
1, 184, 0
1, 467, 0
1, 343, 0
1, 490, 0
0, 81, 0
0, 83, 0
0, 84, 0
1, 143, 0
0, 93, 0
0, 582, 1
1, 101, 0
1, 61, 0
1, 84, 0
0, 207, 0
1, 168, 0
1, 373, 0
1, 194, 0
1, 522, 0
1, 108, 0
1, 335, 0
0, 132, 0
1, 160, 0
1, 185, 0
1, 108, 0
1, 317, 0
1, 232, 0
0, 12, 0
0, 12, 0
0, 12, 0
0, 12, 0
1, 230, 0
1, 141, 0
0, 55, 0
0, 658, 0
1, 400, 0
0, 0, 0
0, 0, 0
0, 0, 0
0, 0, 0
0, 0, 0
0, 0, 0
0, 0, 0
0, 0, 0
0, 0, 0
0, 0, 0
0, 0, 0
0, 0, 0
0, 0, 0
0, 0, 0
0, 0, 0
0, 0, 0
0, 113, 0
0, 229, 0
1, 431, 0
1, 376, 0
1, 300, 0
1, 350, 1
1, 155, 1
0, 329, 0
1, 97, 1
1, 114, 0
1, 203, 1
1, 368, 0
0, 151, 0
1, 426, 0
1, 31, 1
1, 574, 0
1, 406, 0
0, 189, 0
0, 1220, 1
1, 497, 1
0, 873, 1
1, 80, 0
1, 228, 1
1, 227, 0
1, 1856, 0
1, 255, 0
1, 196, 0
0, 49, 0
0, 6, 0
0, 96, 0
0, 333, 0
1, 169, 0
1, 322, 0
1, 771, 0
1, 115, 1
0, 2418, 1
1, 536, 0
1, 273, 1
0, 2186, 1
1, 39, 0
0, 90, 0
1, 142, 0
0, 863, 1
1, 437, 0
0, 379, 0
1, 297, 0
1, 114, 0
0, 75, 0
1, 385, 0
1, 779, 0
1, 336, 1
1, 273, 0
0, 182, 0
1, 223, 0
1, 1371, 0
1, 39, 0
1, 312, 0
0, 261, 0
1, 300, 0
1, 221, 0
1, 160, 0
1, 431, 0
0, 245, 1
1, 336, 0
1, 134, 1
1, 133, 0
1, 246, 0
0, 156, 0
1, 386, 0
1, 96, 0
1, 471, 0
1, 112, 0
0, 126, 0
0, 194, 1
0, 481, 0
0, 243, 0
0, 61, 0
0, 82, 0
0, 67, 0
1, 360, 0
1, 123, 0
0, 107, 0
0, 24, 0
0, 24, 0
0, 1855, 1
1, 252, 0
0, 47, 0
0, 26, 0
0, 23, 0
0, 23, 0
0, 23, 0
0, 21, 0
1, 107, 1
1, 167, 0
1, 291, 0
0, 34, 0
0, 34, 0
0, 110, 0
1, 150, 0
0, 49, 0
1, 300, 0
0, 47, 0
0, 48, 0
0, 54, 0
1, 333, 0
1, 70, 0
0, 205, 0
1, 415, 0
1, 628, 0
0, 0, 0
0, 0, 0
0, 0, 0
0, 0, 0
0, 0, 0
0, 0, 0
0, 0, 0
0, 0, 0
0, 0, 0
0, 0, 0
0, 0, 0
0, 0, 0
0, 0, 0
0, 0, 0
0, 0, 0
0, 0, 0
0, 0, 0
0, 0, 1
0, 0, 0
0, 0, 0
0, 0, 0
0, 0, 0
0, 0, 0
0, 0, 0
0, 0, 0
0, 0, 1
0, 0, 1
1, 319, 0
0, 263, 0
1, 97, 0
1, 434, 0
1, 302, 1
1, 204, 0
1, 305, 0
0, 955, 1
0, 44, 0
0, 1712, 0
0, 288, 0
1, 199, 0
1, 200, 0
0, 184, 1
1, 217, 0
0, 898, 0
1, 228, 1
0, 45, 0
1, 528, 0
0, 2961, 1
1, 161, 0
1, 426, 0
1, 35, 0
1, 1160, 0
0, 2177, 1
1, 168, 0
1, 233, 0
0, 163, 0
0, 607, 0
1, 113, 0
1, 203, 0
0, 3848, 1
1, 374, 0
1, 134, 0
1, 160, 0
1, 331, 0
1, 147, 0
0, 815, 1
1, 105, 0
1, 85, 0
0, 244, 0
1, 345, 0
1, 103, 0
1, 270, 0
1, 934, 0
1, 393, 0
0, 41, 0
1, 635, 0
1, 366, 0
1, 1123, 0
1, 31, 0
1, 1066, 0
1, 462, 0
1, 404, 1
1, 76, 0
1, 198, 0
1, 104, 0
1, 362, 1
0, 215, 0
1, 204, 0
0, 1743, 1
1, 32, 0
1, 127, 0
1, 323, 0
1, 247, 1
1, 73, 1
1, 444, 0
1, 413, 0
1, 178, 0
1, 236, 0
1, 463, 0
1, 178, 0
0, 60, 0
1, 466, 0
1, 2022, 0
1, 394, 0
1, 1353, 1
1, 370, 0
0, 397, 1
0, 332, 0
1, 434, 0
1, 278, 1
1, 482, 0
0, 1477, 1
1, 389, 1
1, 203, 0
1, 131, 0
0, 87, 0
0, 1779, 1
1, 621, 0
0, 4039, 1
1, 356, 0
0, 208, 0
1, 146, 0
1, 296, 0
1, 396, 0
1, 202, 0
0, 274, 0
1, 437, 0
1, 380, 0
0, 287, 0
0, 2575, 1
1, 434, 0
0, 165, 0
0, 384, 0
1, 326, 0
1, 124, 0
0, 417, 0
1, 134, 0
0, 900, 1
0, 231, 0
0, 380, 1
1, 59, 0
0, 244, 0
1, 169, 0
1, 254, 0
1, 33, 0
1, 414, 0
1, 75, 0
1, 374, 1
1, 329, 1
0, 0, 0
0, 140, 0
1, 224, 0
1, 313, 0
1, 502, 0
1, 423, 0
1, 468, 0
1, 355, 0
1, 511, 0
0, 390, 0
0, 150, 0
1, 981, 0
1, 125, 0
1, 149, 0
1, 397, 0
1, 598, 0
1, 239, 1
0, 63, 0
1, 371, 0
1, 377, 0
0, 189, 0
1, 401, 1
1, 264, 0
1, 115, 0
0, 286, 0
0, 1072, 1
1, 354, 0
1, 399, 1
0, 8849, 1
0, 0, 0
0, 0, 1
0, 0, 0
0, 0, 0
0, 0, 1
0, 0, 0
1, 85, 0
1, 88, 0
1, 32, 0
0, 199, 0
1, 346, 0
1, 34, 0
0, 198, 0
0, 781, 1
1, 962, 0
0, 191, 0
1, 472, 0
0, 481, 0
0, 447, 1
0, 1669, 1
1, 342, 1
1, 196, 0
1, 283, 0
1, 815, 0
1, 360, 0
1, 107, 0
1, 394, 0
1, 1, 0
1, 777, 1
1, 470, 1
0, 741, 0
1, 312, 0
1, 270, 0
1, 443, 1
1, 259, 0
1, 142, 0
0, 229, 0
1, 79, 0
1, 424, 0
1, 364, 0
1, 574, 0
1, 42, 0
0, 58, 0
0, 61, 1
1, 166, 0
1, 180, 1
1, 481, 0
1, 210, 0
1, 393, 0
1, 474, 0
1, 230, 0
0, 1602, 0
1, 501, 0
0, 90, 0
1, 3157, 0
0, 232, 1
0, 413, 0
1, 209, 0
0, 90, 0
1, 600, 0
1, 1331, 0
0, 326, 0
1, 70, 0
0, 3906, 1
1, 440, 0
1, 412, 0
1, 116, 0
1, 162, 0
1, 203, 0
1, 373, 0
1, 315, 0
0, 65, 0
0, 70, 0
1, 497, 0
0, 204, 0
0, 179, 0
1, 398, 0
1, 81, 0
1, 311, 0
0, 399, 0
0, 163, 0
1, 373, 0
1, 424, 0
1, 531, 0
1, 410, 0
0, 1152, 1
1, 152, 0
1, 356, 0
0, 95, 0
0, 57, 0
1, 172, 0
0, 485, 0
1, 338, 0
1, 461, 0
1, 926, 0
0, 72, 0
0, 47, 0
1, 249, 0
1, 475, 0
1, 126, 0
0, 951, 1
1, 414, 0
0, 2472, 1
0, 23, 0
0, 23, 0
0, 24, 0
0, 31, 0
0, 45, 0
0, 218, 0
0, 55, 0
1, 110, 0
1, 371, 0
1, 304, 0
1, 252, 0
1, 573, 0
1, 333, 0
0, 635, 1
1, 60, 0
1, 123, 0
1, 234, 0
0, 374, 0
1, 117, 0
1, 98, 0
1, 360, 0
0, 190, 0
0, 2772, 1
1, 158, 0
0, 117, 0
1, 121, 0
1, 307, 0
1, 85, 0
1, 130, 0
1, 360, 0
1, 147, 0
0, 47, 0
1, 600, 0
1, 99, 0
1, 341, 0
1, 134, 0
1, 234, 0
1, 1258, 0
0, 199, 0
0, 59, 0
0, 381, 0
1, 283, 0
1, 498, 0
1, 993, 0
1, 189, 0
1, 156, 0
1, 142, 1
1, 242, 0
0, 737, 1
0, 214, 0
1, 358, 0
1, 199, 0
1, 27, 0
0, 1649, 0
1, 42, 0
1, 120, 0
1, 487, 0
0, 1942, 1
1, 344, 0
0, 253, 0
1, 395, 0
1, 167, 0
1, 406, 0
1, 471, 0
1, 129, 0
0, 2972, 1
0, 62, 0
1, 134, 0
1, 306, 0
0, 46, 0
0, 43, 0
1, 193, 1
0, 25, 0
0, 25, 0
0, 25, 1
1, 263, 1
1, 164, 0
1, 146, 0
0, 62, 0
0, 352, 0
1, 526, 0
0, 7, 0
0, 7, 0
0, 7, 0
0, 7, 0
0, 7, 0
0, 93, 0
1, 168, 0
1, 80, 0
1, 414, 0
1, 282, 0
1, 117, 0
1, 158, 0
1, 265, 0
1, 254, 1
0, 213, 0
1, 100, 0
0, 723, 0
1, 96, 0
1, 95, 0
1, 218, 0
0, 423, 0
0, 58, 0
1, 370, 0
1, 213, 0
1, 418, 0
1, 397, 1
1, 364, 0
1, 374, 0
1, 109, 1
1, 418, 1
1, 386, 0
1, 89, 0
1, 296, 0
1, 313, 0
0, 108, 0
0, 528, 0
1, 81, 0
0, 46, 0
1, 83, 0
0, 47, 0
0, 47, 0
1, 346, 0
0, 190, 0
1, 209, 0
1, 83, 0
0, 75, 0
1, 353, 0
1, 386, 0
1, 154, 0
0, 247, 0
1, 442, 0
1, 352, 0
1, 122, 0
1, 418, 0
0, 227, 0
1, 25, 0
1, 156, 0
1, 454, 0
0, 252, 0
1, 246, 0
1, 194, 0
0, 749, 1
0, 374, 1
1, 316, 0
1, 405, 1
1, 225, 1
0, 216, 1
0, 51, 0
1, 161, 0
0, 34, 0
0, 34, 0
0, 48, 0
0, 170, 0
1, 149, 1
1, 380, 0
1, 121, 0
1, 120, 0
1, 393, 0
1, 152, 0
0, 3806, 1
1, 363, 0
0, 767, 1
1, 496, 1
0, 379, 0
1, 435, 0
0, 254, 0
1, 240, 1
1, 335, 1
0, 3264, 1
0, 244, 1
1, 358, 0
1, 67, 0
0, 3097, 1
1, 403, 0
0, 272, 0
1, 404, 0
1, 411, 0
0, 269, 0
1, 104, 1
1, 422, 0
1, 291, 0
0, 527, 1
1, 169, 0
0, 2221, 1
1, 1253, 1
0, 38, 0
1, 143, 1
0, 24, 0
0, 21, 0
0, 18, 0
0, 220, 0
1, 120, 0
1, 388, 0
1, 118, 0
0, 90, 0
1, 351, 0
1, 25, 0
0, 1691, 1
0, 538, 1
1, 275, 0
0, 383, 0
0, 316, 0
1, 409, 0
1, 635, 0
1, 530, 0
1, 321, 0
1, 121, 0
1, 268, 0
0, 49, 0
1, 172, 0
1, 369, 0
0, 1147, 0
1, 421, 1
0, 302, 0
0, 3167, 1
1, 481, 0
1, 218, 0
0, 188, 0
1, 1225, 0
1, 479, 1
1, 108, 0
1, 166, 0
1, 395, 0
1, 160, 0
0, 86, 0
1, 84, 0
1, 238, 0
1, 117, 0
1, 117, 0
1, 218, 0
1, 221, 0
1, 80, 0
1, 476, 0
1, 301, 0
1, 114, 0
0, 89, 0
0, 92, 0
1, 94, 0
1, 462, 0
0, 732, 0
1, 543, 0
1, 500, 0
0, 33, 0
1, 473, 0
1, 104, 0
0, 56, 0
1, 14, 0
1, 480, 0
1, 394, 0
1, 109, 0
1, 289, 0
0, 2399, 1
0, 170, 0
1, 194, 0
1, 384, 0
1, 184, 0
0, 69, 0
1, 409, 0
1, 240, 0
0, 36, 0
1, 120, 0
1, 412, 0
1, 229, 0
1, 419, 0
1, 281, 0
1, 136, 0
1, 338, 0
1, 147, 0
0, 229, 0
1, 182, 0
0, 206, 0
1, 397, 0
1, 190, 1
1, 112, 0
1, 528, 0
1, 2726, 0
1, 331, 0
1, 188, 0
0, 186, 0
1, 135, 0
1, 95, 0
1, 396, 0
0, 1228, 0
1, 88, 0
0, 248, 0
1, 503, 0
0, 256, 0
1, 300, 0
0, 90, 0
0, 471, 1
1, 146, 0
0, 166, 0
1, 166, 0
1, 116, 0
1, 500, 0
0, 503, 0
1, 498, 1
0, 58, 0
1, 242, 0
1, 143, 0
1, 408, 0
0, 61, 0
1, 157, 0
1, 312, 0
1, 229, 0
1, 104, 0
0, 71, 0
0, 58, 0
0, 57, 0
1, 172, 0
0, 35, 0
0, 34, 0
0, 28, 0
1, 502, 0
1, 67, 0
0, 326, 0
1, 370, 1
1, 286, 0
1, 184, 0
1, 451, 1
1, 448, 0
1, 387, 0
1, 143, 0
1, 69, 0
1, 182, 0
1, 163, 0
1, 386, 0
1, 402, 0
1, 377, 0
1, 107, 0
1, 83, 0
1, 382, 0
0, 770, 0
1, 353, 0
0, 64, 0
0, 166, 0
1, 180, 0
1, 108, 0
1, 410, 0
1, 487, 0
0, 2490, 1
1, 462, 0
0, 170, 0
1, 218, 0
1, 472, 0
1, 219, 0
1, 187, 0
1, 176, 1
1, 313, 1
1, 1377, 0
0, 189, 0
1, 361, 0
1, 124, 0
1, 207, 0
1, 372, 0
1, 160, 0
0, 214, 0
0, 1588, 0
1, 164, 0
1, 460, 0
1, 232, 0
1, 145, 0
0, 168, 1
1, 232, 0
1, 112, 0
0, 3621, 1
1, 126, 0
1, 519, 0
1, 626, 0
1, 367, 0
1, 476, 0
0, 168, 0
1, 122, 0
1, 546, 0
1, 298, 1
1, 376, 0
1, 409, 0
1, 231, 0
0, 98, 0
0, 67, 0
0, 77, 0
0, 45, 0
1, 143, 0
0, 58, 0
1, 300, 0
1, 309, 0
0, 238, 0
0, 179, 0
1, 496, 0
1, 171, 0
1, 65, 0
0, 244, 0
0, 61, 0
1, 502, 0
0, 61, 0
0, 57, 0
1, 397, 0
0, 500, 0
1, 107, 0
1, 504, 0
1, 132, 0
1, 271, 0
1, 212, 0
1, 204, 0
1, 512, 0
1, 196, 0
1, 410, 0
1, 62, 0
0, 5622, 1
1, 219, 0
1, 203, 0
1, 530, 0
1, 33, 0
1, 924, 0
0, 563, 0
0, 10541, 1
0, 588, 1
1, 258, 0
1, 214, 0
0, 77, 0
0, 77, 0
1, 186, 1
1, 111, 0
0, 107, 0
1, 256, 0
1, 77, 0
1, 96, 0
0, 0, 0
1, 149, 0
1, 110, 0
0, 1008, 1
0, 100, 0
1, 201, 0
1, 60, 0
1, 231, 0
1, 357, 0
1, 224, 0
1, 423, 0
0, 1564, 0
1, 380, 0
1, 1143, 1
1, 112, 0
0, 47, 0
0, 47, 0
1, 125, 0
1, 132, 0
1, 434, 0
1, 407, 0
1, 639, 1
1, 427, 0
1, 209, 0
1, 166, 0
1, 216, 0
1, 13, 0
1, 776, 0
0, 596, 1
1, 95, 0
1, 153, 0
1, 438, 0
1, 207, 0
1, 319, 0
1, 97, 1
1, 382, 0
1, 130, 0
0, 49, 1
1, 228, 0
1, 209, 0
1, 60, 0
0, 12, 0
0, 13, 0
0, 18, 0
0, 18, 1
0, 18, 0
0, 20, 0
0, 47, 0
0, 27, 0
1, 81, 0
0, 41, 1
0, 55, 1
1, 141, 0
1, 179, 0
1, 111, 0
1, 185, 0
1, 62, 0
1, 156, 0
1, 384, 0
0, 6476, 1
0, 90, 0
0, 1512, 1
1, 223, 0
1, 333, 0
1, 196, 0
1, 78, 0
0, 272, 0
1, 346, 0
1, 191, 0
1, 82, 0
1, 403, 0
1, 149, 0
1, 415, 0
0, 55, 0
0, 55, 0
0, 23, 0
0, 23, 0
1, 252, 1
1, 95, 0
1, 117, 0
1, 370, 1
1, 435, 0
1, 383, 0
1, 506, 0
0, 941, 0
1, 100, 0
1, 160, 0
1, 696, 0
0, 90, 0
1, 319, 0
1, 189, 0
1, 341, 0
1, 228, 0
1, 142, 0
1, 225, 0
1, 187, 0
1, 449, 0
1, 435, 0
1, 240, 0
0, 303, 0
1, 213, 0
1, 149, 0
1, 680, 1
1, 636, 0
1, 101, 0
1, 488, 0
1, 506, 0
1, 114, 0
1, 604, 0
1, 485, 0
0, 528, 0
1, 310, 0
1, 160, 0
1, 251, 0
0, 554, 0
1, 276, 0
1, 126, 0
1, 215, 0
1, 403, 0
0, 765, 1
1, 372, 1
1, 354, 0
1, 344, 0
1, 1065, 0
1, 175, 0
1, 156, 0
1, 143, 0
0, 919, 0
1, 653, 0
1, 175, 0
1, 391, 0
1, 454, 0
1, 181, 0
1, 124, 0
1, 117, 0
1, 490, 0
1, 221, 0
1, 105, 0
1, 330, 0
1, 381, 0
1, 1983, 0
1, 159, 1
1, 105, 0
1, 359, 0
1, 134, 0
1, 82, 0
0, 397, 0
1, 204, 1
1, 285, 0
1, 230, 0
1, 113, 0
1, 433, 0
1, 253, 0
1, 200, 0
1, 516, 0
1, 100, 0
1, 100, 0
1, 365, 1
1, 173, 0
1, 365, 0
1, 351, 0
0, 280, 0
0, 408, 1
1, 349, 0
1, 1216, 0
1, 400, 0
1, 377, 0
1, 425, 1
1, 105, 0
0, 165, 0
0, 285, 0
1, 370, 0
1, 380, 0
1, 168, 0
1, 100, 0
0, 255, 0
1, 58, 0
0, 33, 0
1, 646, 0
0, 16, 0
0, 16, 0
0, 16, 0
0, 17, 0
0, 48, 0
0, 54, 0
1, 342, 0
0, 235, 0
1, 294, 0
1, 475, 0
1, 1081, 0
1, 443, 0
1, 264, 0
1, 93, 0
1, 203, 0
1, 425, 0
1, 226, 0
1, 391, 0
1, 335, 0
0, 182, 0
1, 394, 0
1, 502, 0
1, 350, 0
1, 332, 0
1, 171, 0
0, 728, 1
0, 232, 0
1, 106, 0
0, 289, 0
1, 314, 0
1, 104, 0
1, 314, 0
1, 226, 0
1, 150, 0
1, 319, 0
0, 71, 0
1, 370, 0
1, 460, 0
1, 160, 1
1, 136, 0
1, 75, 0
1, 962, 1
0, 0, 1
0, 203, 0
1, 334, 0
0, 447, 1
0, 0, 1
0, 0, 0
0, 0, 0
0, 0, 0
0, 0, 0
0, 1538, 0
1, 159, 0
1, 158, 0
1, 398, 0
0, 404, 1
1, 48, 0
1, 49, 0
1, 188, 0
1, 227, 0
1, 249, 0
0, 784, 0
1, 402, 0
1, 334, 0
1, 349, 0
1, 191, 0
1, 201, 0
1, 556, 1
1, 163, 0
0, 59, 0
1, 452, 0
1, 354, 0
1, 302, 0
1, 456, 0
1, 458, 0
1, 99, 0
1, 2318, 0
1, 409, 0
1, 218, 0
1, 369, 0
1, 501, 0
1, 399, 0
1, 381, 0
0, 6, 0
0, 0, 0
0, 0, 1
0, 0, 0
0, 0, 0
0, 0, 0
0, 0, 0
0, 0, 1
0, 0, 0
0, 0, 1
0, 0, 0
0, 0, 0
0, 0, 0
0, 0, 0
0, 0, 0
0, 0, 1
0, 0, 0
1, 131, 0
1, 366, 1
1, 150, 0
1, 536, 0
1, 572, 0
1, 131, 0
1, 354, 0
1, 88, 0
1, 345, 0
1, 44, 1
0, 165, 0
1, 210, 0
1, 115, 0
1, 196, 0
1, 301, 0
1, 203, 0
1, 305, 0
1, 381, 0
0, 897, 1
1, 529, 0
1, 562, 0
1, 1921, 0
1, 114, 0
1, 232, 0
1, 105, 1
1, 270, 0
1, 231, 1
1, 1514, 0
1, 613, 0
1, 263, 0
1, 406, 0
1, 92, 0
1, 333, 0
0, 2240, 1
1, 181, 0
1, 437, 0
1, 129, 0
1, 354, 0
1, 127, 0
0, 610, 0
1, 227, 0
1, 341, 0
1, 118, 0
0, 1242, 1
0, 4199, 1
1, 89, 0
1, 1358, 0
1, 435, 1
1, 214, 0
1, 477, 0
1, 62, 0
1, 148, 0
1, 359, 0
0, 22, 0
0, 23, 0
0, 169, 0
1, 169, 0
1, 354, 0
1, 100, 0
1, 353, 0
0, 462, 0
0, 381, 0
1, 25, 0
1, 128, 0
1, 337, 0
1, 116, 0
1, 476, 0
1, 192, 0
1, 62, 0
1, 535, 0
1, 474, 0
1, 138, 0
1, 173, 0
1, 381, 0
1, 123, 0
1, 514, 0
1, 135, 0
0, 2233, 1
1, 349, 0
1, 390, 1
1, 346, 0
1, 300, 1
1, 425, 0
1, 214, 0
1, 300, 0
1, 424, 1
1, 226, 0
1, 241, 0
1, 712, 0
1, 451, 0
1, 155, 0
1, 574, 0
1, 105, 1
1, 144, 0
0, 1964, 1
1, 72, 0
1, 943, 0
1, 137, 0
1, 110, 0
1, 320, 1
1, 426, 0
1, 431, 0
1, 322, 0
1, 142, 0
1, 403, 0
0, 180, 0
1, 384, 0
1, 158, 0
0, 451, 0
1, 459, 0
1, 250, 0
1, 352, 0
1, 339, 0
1, 145, 0
0, 2162, 1
1, 438, 0
1, 665, 0
1, 478, 0
1, 104, 0
1, 117, 1
1, 159, 0
1, 113, 0
1, 101, 0
1, 321, 0
1, 382, 0
1, 449, 0
1, 296, 0
1, 464, 0
0, 971, 1
1, 277, 0
1, 217, 0
1, 97, 0
1, 70, 0
0, 1191, 0
1, 520, 0
1, 351, 0
1, 321, 0
1, 253, 0
0, 200, 0
1, 483, 0
1, 1214, 0
1, 442, 0
1, 106, 0
1, 821, 0
1, 380, 0
1, 368, 1
1, 120, 0
1, 123, 0
0, 90, 0
1, 110, 0
1, 164, 0
1, 138, 0
1, 403, 0
1, 307, 0
1, 32, 0
1, 257, 1
0, 71, 0
1, 54, 0
1, 213, 1
1, 159, 0
1, 320, 0
0, 184, 0
1, 232, 0
0, 629, 0
1, 210, 1
0, 455, 0
1, 272, 0
1, 420, 1
1, 2009, 0
1, 158, 1
1, 132, 0
1, 211, 0
1, 189, 0
0, 175, 0
1, 416, 0
1, 480, 0
0, 421, 0
1, 86, 0
1, 527, 0
0, 161, 0
1, 194, 0
0, 16, 0
1, 309, 1
1, 181, 1
1, 129, 0
1, 225, 0
1, 460, 0
1, 320, 0
0, 47, 0
1, 121, 1
1, 159, 1
0, 47, 0
0, 2397, 1
1, 107, 0
1, 86, 0
1, 417, 0
1, 327, 0
0, 249, 0
1, 144, 1
1, 450, 0
1, 435, 0
1, 657, 0
0, 199, 0
1, 379, 0
1, 400, 0
1, 314, 0
1, 1175, 0
1, 499, 0
1, 494, 0
1, 385, 0
1, 383, 0
1, 425, 0
1, 836, 0
1, 115, 0
0, 715, 0
1, 175, 0
1, 799, 0
1, 458, 0
1, 213, 0
1, 307, 0
1, 449, 0
0, 101, 0
1, 361, 0
1, 328, 0
1, 86, 0
0, 418, 0
1, 272, 0
1, 411, 0
0, 1831, 1
1, 474, 0
0, 432, 0
1, 87, 0
1, 429, 1
0, 2321, 1
0, 268, 0
0, 167, 0
1, 250, 0
1, 203, 0
1, 360, 0
1, 182, 0
1, 649, 0
1, 273, 0
1, 705, 0
0, 3626, 1
1, 371, 0
1, 294, 0
1, 471, 0
1, 381, 0
0, 47, 0
1, 253, 0
1, 129, 0
1, 333, 0
1, 84, 0
1, 58, 0
1, 458, 0
1, 422, 0
1, 301, 0
1, 109, 0
1, 368, 0
1, 128, 0
1, 210, 0
1, 292, 0
1, 605, 0
1, 401, 1
1, 204, 0
1, 293, 0
1, 404, 1
0, 210, 1
0, 451, 0
0, 226, 0
1, 154, 0
1, 392, 0
1, 220, 1
1, 75, 0
1, 179, 0
1, 1097, 0
1, 229, 0
1, 555, 0
1, 406, 0
0, 18, 0
0, 18, 0
0, 18, 0
0, 19, 0
1, 387, 0
1, 473, 0
1, 453, 0
1, 1147, 0
1, 340, 1
0, 151, 0
1, 62, 0
1, 747, 0
1, 214, 0
0, 118, 0
1, 134, 0
0, 191, 0
0, 147, 0
1, 371, 0
1, 559, 0
1, 505, 0
1, 180, 0
1, 100, 0
1, 185, 0
1, 1042, 0
1, 483, 0
0, 90, 0
0, 209, 0
1, 160, 0
1, 349, 0
1, 84, 0
1, 487, 1
1, 284, 0
1, 384, 0
1, 191, 0
1, 506, 0
0, 59, 0
1, 530, 0
1, 569, 0
1, 322, 0
1, 78, 0
1, 184, 0
1, 336, 0
1, 197, 0
1, 297, 0
1, 804, 0
1, 907, 0
1, 205, 0
1, 503, 0
0, 1265, 1
1, 189, 0
1, 969, 0
0, 3004, 1
0, 183, 0
1, 357, 0
1, 417, 0
1, 313, 0
1, 238, 0
1, 410, 0
1, 419, 0
0, 448, 0
1, 265, 0
1, 342, 0
1, 450, 0
1, 361, 0
1, 759, 0
1, 353, 0
1, 116, 0
0, 5744, 1
1, 160, 0
1, 178, 0
1, 260, 0
1, 177, 0
1, 400, 0
0, 7890, 1
1, 152, 0
1, 419, 0
0, 247, 0
1, 262, 0
1, 131, 0
1, 493, 0
1, 158, 0
1, 144, 0
1, 107, 0
1, 465, 0
1, 359, 0
0, 1425, 1
0, 47, 0
1, 187, 0
1, 1143, 0
1, 86, 0
1, 228, 0
0, 382, 0
1, 418, 0
0, 1144, 1
1, 107, 0
1, 345, 0
1, 346, 0
0, 12, 0
0, 12, 0
0, 12, 0
0, 12, 0
1, 289, 0
0, 45, 0
1, 579, 0
1, 189, 0
1, 303, 0
0, 5, 0
0, 5, 0
0, 5, 0
0, 5, 0
0, 5, 0
0, 5, 0
0, 5, 0
0, 5, 0
1, 263, 0
1, 91, 0
1, 430, 0
1, 189, 0
1, 340, 0
1, 105, 1
1, 339, 0
1, 479, 0
1, 21, 0
1, 378, 0
1, 189, 1
1, 341, 0
1, 302, 0
1, 423, 0
0, 47, 0
0, 201, 0
1, 297, 0
0, 0, 0
0, 152, 0
0, 490, 0
1, 980, 0
0, 558, 0
1, 432, 0
1, 403, 0
0, 144, 0
1, 166, 0
1, 385, 0
0, 69, 0
1, 51, 0
1, 425, 0
1, 237, 0
0, 3278, 1
0, 344, 0
1, 269, 0
1, 219, 0
1, 106, 0
1, 1437, 0
0, 53, 0
1, 284, 0
1, 330, 0
1, 5745, 0
1, 135, 0
0, 477, 1
1, 411, 0
1, 185, 0
1, 394, 0
0, 724, 0
1, 134, 1
1, 440, 1
1, 339, 0
1, 386, 0
1, 491, 0
1, 296, 0
1, 331, 0
0, 473, 0
1, 123, 0
1, 136, 0
1, 164, 0
1, 77, 0
0, 0, 0
0, 0, 0
0, 0, 0
0, 0, 0
0, 0, 0
0, 0, 0
0, 0, 0
1, 183, 0
1, 287, 0
1, 355, 0
1, 289, 0
1, 504, 0
1, 827, 0
0, 45, 0
1, 507, 0
1, 415, 0
1, 170, 0
1, 352, 0
1, 135, 0
1, 149, 0
1, 94, 0
1, 227, 0
1, 218, 0
1, 173, 0
0, 410, 0
1, 120, 0
1, 416, 0
0, 187, 0
1, 226, 0
1, 386, 0
0, 605, 0
1, 125, 0
0, 413, 0
0, 373, 1
0, 2590, 1
1, 256, 0
1, 6, 0
1, 512, 0
0, 426, 1
1, 458, 0
1, 746, 0
0, 55, 0
1, 96, 0
0, 13, 0
0, 13, 0
0, 716, 1
0, 37, 0
0, 48, 0
1, 125, 1
0, 45, 0
1, 625, 0
0, 53, 0
1, 489, 0
0, 232, 0
1, 117, 0
0, 276, 0
1, 128, 0
1, 120, 0
1, 441, 0
1, 205, 0
1, 262, 0
0, 202, 0
1, 275, 0
1, 60, 0
1, 127, 0
1, 577, 1
1, 474, 0
1, 471, 0
1, 636, 0
1, 371, 1
1, 152, 1
1, 419, 0
1, 141, 0
1, 199, 0
0, 202, 0
1, 649, 0
1, 652, 0
1, 266, 0
1, 359, 0
1, 128, 0
1, 293, 0
1, 227, 0
0, 1949, 1
0, 0, 0
0, 310, 0
0, 90, 0
1, 92, 0
1, 116, 0
1, 409, 0
1, 193, 0
1, 494, 0
1, 520, 0
1, 125, 0
0, 45, 0
1, 577, 0
1, 539, 1
1, 77, 0
0, 51, 0
1, 67, 0
0, 63, 0
0, 556, 1
1, 369, 0
0, 5955, 1
1, 309, 0
0, 47, 0
1, 466, 0
1, 260, 0
1, 277, 1
1, 542, 1
1, 104, 0
1, 111, 0
1, 312, 0
1, 345, 0
0, 104, 0
1, 456, 0
1, 252, 0
1, 200, 0
1, 258, 0
1, 355, 0
0, 280, 0
1, 311, 0
1, 159, 0
1, 286, 0
1, 157, 0
0, 364, 0
1, 125, 0
1, 208, 0
1, 198, 0
1, 320, 0
1, 282, 0
1, 103, 0
0, 472, 0
0, 285, 0
1, 97, 1
1, 439, 0
1, 373, 0
0, 653, 0
1, 326, 0
1, 1037, 0
0, 1169, 1
1, 366, 0
1, 575, 1
1, 74, 0
0, 5250, 1
1, 268, 0
1, 146, 1
1, 74, 0
1, 323, 0
1, 0, 0
0, 10, 0
0, 483, 1
1, 385, 0
0, 86, 0
1, 203, 0
1, 68, 1
1, 486, 0
1, 229, 0
1, 723, 0
1, 404, 0
1, 138, 0
0, 4093, 1
1, 548, 0
1, 317, 0
1, 164, 0
1, 331, 0
1, 296, 1
1, 314, 0
1, 230, 0
1, 372, 0
1, 234, 0
1, 609, 0
1, 473, 0
1, 440, 0
0, 270, 0
1, 842, 0
1, 117, 0
1, 83, 1
0, 473, 0
1, 424, 0
0, 282, 0
1, 223, 0
1, 511, 0
1, 226, 0
0, 461, 0
1, 158, 1
0, 102, 0
1, 504, 0
1, 238, 0
1, 888, 1
1, 97, 0
1, 161, 0
1, 164, 0
1, 345, 0
1, 392, 0
0, 516, 1
1, 300, 0
1, 114, 0
1, 159, 0
1, 152, 0
1, 95, 0
1, 0, 0
1, 473, 0
1, 114, 1
1, 398, 0
0, 218, 0
0, 22, 0
0, 19, 0
0, 243, 1
0, 267, 1
1, 0, 0
1, 64, 0
1, 102, 1
1, 303, 0
1, 100, 0
1, 121, 0
1, 1365, 1
1, 92, 0
1, 369, 0
1, 1366, 0
1, 130, 0
0, 54, 0
0, 187, 1
0, 1650, 0
1, 407, 0
1, 129, 0
1, 157, 0
1, 775, 0
1, 82, 0
1, 455, 0
1, 385, 0
1, 511, 0
1, 407, 0
1, 1117, 0
0, 450, 0
0, 163, 0
1, 397, 1
1, 499, 0
0, 194, 0
1, 356, 0
1, 78, 0
1, 264, 0
1, 115, 0
1, 372, 0
1, 31, 0
1, 758, 0
1, 189, 0
0, 140, 0
0, 444, 0
1, 321, 0
1, 360, 0
1, 163, 0
1, 142, 0
0, 46, 0
0, 32, 0
1, 203, 0
1, 378, 0
1, 488, 0
1, 348, 0
0, 102, 0
0, 3099, 1
1, 353, 0
1, 33, 0
1, 379, 0
1, 135, 0
1, 8228, 0
1, 439, 0
0, 44, 0
1, 101, 0
1, 214, 0
1, 461, 0
0, 243, 0
0, 3648, 1
1, 226, 0
1, 346, 0
0, 12, 0
0, 12, 0
0, 12, 0
0, 12, 0
0, 12, 0
1, 290, 0
0, 471, 0
1, 424, 0
1, 446, 0
1, 198, 0
1, 622, 0
1, 79, 0
0, 863, 1
1, 361, 0
1, 282, 0
1, 309, 0
0, 25, 0
0, 48, 0
0, 45, 0
1, 224, 0
1, 442, 0
1, 394, 0
1, 307, 0
1, 105, 0
1, 100, 0
1, 406, 0
0, 1468, 1
1, 266, 0
1, 112, 0
1, 82, 0
1, 294, 0
1, 357, 0
1, 453, 0
1, 343, 0
1, 95, 0
0, 174, 0
1, 218, 0
1, 226, 0
1, 325, 0
1, 160, 0
1, 254, 0
1, 467, 0
1, 495, 0
1, 773, 0
0, 186, 0
0, 63, 0
1, 102, 0
1, 359, 0
0, 70, 0
1, 291, 0
1, 96, 0
1, 36, 0
1, 136, 1
1, 482, 1
1, 280, 0
1, 108, 0
1, 492, 0
0, 678, 1
0, 1908, 1
1, 461, 0
1, 120, 1
1, 218, 0
1, 429, 0
0, 255, 0
1, 327, 0
0, 196, 0
1, 136, 1
0, 161, 0
1, 475, 0
1, 434, 0
1, 209, 0
1, 124, 0
0, 7156, 1
1, 442, 0
1, 396, 0
1, 351, 0
1, 88, 0
0, 186, 0
1, 68, 0
1, 89, 0
1, 246, 0
0, 268, 0
1, 98, 1
1, 68, 0
1, 79, 0
1, 339, 0
0, 240, 0
1, 170, 0
1, 298, 0
1, 161, 0
0, 0, 0
0, 2002, 1
0, 1024, 1
1, 122, 0
1, 155, 0
1, 205, 0
0, 0, 0
0, 52, 0
1, 223, 0
1, 188, 0
1, 722, 0
0, 24, 0
0, 49, 0
1, 941, 0
1, 424, 0
0, 101, 0
0, 433, 0
1, 81, 0
1, 237, 0
1, 313, 0
0, 97, 0
1, 136, 0
0, 178, 0
1, 227, 0
1, 165, 0
1, 290, 0
0, 4612, 1
1, 331, 0
1, 352, 0
1, 421, 0
1, 369, 0
1, 276, 0
1, 249, 0
1, 82, 0
1, 348, 0
1, 134, 0
1, 382, 0
0, 52, 0
0, 19, 0
0, 18, 0
0, 19, 0
1, 399, 1
0, 18, 0
1, 185, 0
1, 213, 0
1, 481, 0
1, 47, 0
1, 204, 0
1, 688, 0
1, 110, 0
1, 92, 0
1, 443, 0
1, 444, 0
1, 432, 0
0, 98, 0
1, 386, 0
1, 393, 0
1, 402, 0
1, 199, 0
1, 669, 0
1, 407, 0
1, 463, 0
1, 329, 0
0, 45, 0
0, 47, 0
1, 152, 0
0, 1149, 1
1, 192, 0
1, 102, 0
1, 189, 0
1, 377, 0
0, 2974, 1
1, 253, 0
0, 3429, 1
1, 185, 0
1, 82, 0
1, 267, 0
0, 822, 1
1, 375, 0
0, 224, 0
0, 322, 0
1, 212, 0
1, 214, 0
1, 185, 0
1, 149, 0
1, 398, 0
1, 243, 0
1, 529, 0
1, 435, 0
0, 1901, 1
0, 47, 0
0, 272, 0
1, 142, 0
1, 733, 1
1, 194, 0
1, 440, 0
1, 270, 0
1, 124, 0
0, 2517, 1
1, 572, 0
1, 345, 0
1, 230, 0
1, 110, 0
0, 442, 0
1, 327, 0
1, 657, 0
1, 395, 0
1, 231, 0
1, 104, 0
1, 445, 0
1, 81, 0
1, 89, 0
0, 3315, 1
1, 209, 0
0, 276, 1
1, 331, 0
1, 343, 0
1, 102, 0
1, 107, 0
1, 71, 0
1, 416, 0
1, 159, 0
1, 100, 0
1, 240, 0
1, 512, 0
1, 623, 0
1, 103, 0
1, 87, 0
1, 143, 0
1, 129, 0
1, 1049, 0
1, 493, 0
1, 65, 0
0, 293, 0
0, 1228, 1
1, 342, 1
1, 334, 0
0, 509, 0
1, 80, 0
0, 1863, 1
0, 6464, 1
1, 114, 0
1, 745, 1
1, 348, 0
0, 343, 0
1, 311, 1
0, 47, 0
1, 380, 0
1, 459, 0
1, 821, 0
0, 1148, 1
1, 28, 0
1, 349, 0
1, 59, 0
1, 371, 0
1, 318, 0
1, 964, 1
1, 224, 0
1, 200, 0
1, 437, 0
1, 411, 0
1, 272, 0
1, 9, 0
1, 234, 0
1, 219, 0
1, 327, 0
1, 391, 0
1, 99, 0
1, 270, 0
1, 192, 0
1, 121, 0
1, 132, 0
1, 525, 0
1, 159, 0
1, 486, 0
1, 467, 0
1, 335, 0
1, 71, 0
1, 310, 0
1, 474, 0
1, 82, 0
1, 108, 0
1, 143, 0
1, 416, 0
0, 326, 0
1, 37, 0
1, 333, 0
1, 338, 0
1, 175, 0
0, 47, 0
1, 101, 0
0, 8759, 1
1, 552, 0
1, 348, 0
1, 961, 0
1, 314, 0
1, 89, 0
1, 213, 0
1, 325, 0
0, 0, 0
0, 95, 0
1, 474, 0
0, 9, 0
0, 9, 0
1, 445, 0
1, 54, 0
1, 225, 0
1, 196, 0
1, 18, 0
1, 131, 0
0, 0, 0
0, 55, 0
1, 348, 0
0, 47, 0
1, 137, 0
1, 213, 0
1, 123, 0
1, 557, 0
1, 188, 0
1, 88, 0
1, 152, 0
0, 220, 0
1, 415, 0
1, 240, 0
1, 480, 0
1, 545, 0
0, 0, 0
0, 0, 0
0, 0, 0
0, 0, 0
0, 0, 0
0, 0, 0
0, 0, 0
0, 0, 0
0, 0, 0
0, 0, 1
0, 0, 0
0, 0, 0
0, 0, 1
0, 0, 0
0, 0, 0
0, 0, 0
0, 0, 0
0, 0, 0
0, 0, 0
0, 0, 0
0, 0, 0
0, 0, 0
0, 0, 0
1, 410, 0
1, 1398, 0
0, 136, 0
1, 429, 0
1, 117, 0
1, 247, 0
1, 153, 0
0, 90, 0
0, 544, 0
0, 460, 0
0, 47, 0
0, 48, 0
0, 45, 0
1, 347, 0
1, 30, 0
1, 53, 0
1, 18, 0
0, 2674, 1
1, 543, 0
1, 1060, 0
1, 243, 0
1, 101, 0
1, 346, 0
0, 3146, 1
1, 135, 0
1, 345, 0
0, 210, 0
1, 173, 0
1, 451, 0
1, 359, 0
1, 123, 0
1, 461, 1
1, 357, 0
1, 430, 0
1, 191, 0
0, 631, 0
0, 177, 0
1, 1145, 0
1, 196, 0
1, 189, 1
1, 194, 0
1, 146, 0
1, 489, 0
0, 47, 0
1, 288, 0
1, 190, 0
1, 168, 0
0, 0, 1
0, 76, 0
1, 491, 0
0, 47, 0
0, 148, 0
1, 192, 0
1, 399, 0
1, 421, 0
1, 555, 0
0, 3368, 1
0, 0, 0
1, 311, 0
1, 176, 0
1, 157, 0
1, 456, 0
1, 362, 1
1, 385, 0
0, 410, 0
1, 70, 0
1, 172, 0
1, 342, 0
1, 123, 0
1, 117, 0
1, 389, 0
1, 359, 0
1, 213, 0
1, 131, 0
1, 331, 0
1, 226, 0
1, 312, 0
0, 821, 1
1, 1454, 0
1, 443, 0
0, 43, 0
1, 250, 0
0, 3509, 1
1, 95, 0
1, 287, 1
1, 314, 0
1, 831, 0
0, 45, 0
0, 26, 0
1, 112, 0
1, 131, 0
0, 90, 0
1, 345, 0
1, 58, 0
1, 416, 1
1, 33, 0
1, 487, 0
1, 207, 0
1, 88, 0
0, 40, 0
0, 2186, 1
1, 1089, 0
1, 195, 0
1, 396, 0
0, 697, 0
1, 120, 0
1, 216, 0
1, 196, 0
1, 197, 0
1, 270, 0
0, 3666, 1
1, 366, 0
1, 169, 1
1, 112, 0
1, 257, 0
0, 11299, 1
1, 139, 0
1, 114, 0
1, 214, 0
1, 257, 0
1, 160, 1
1, 444, 0
1, 452, 0
1, 92, 0
1, 488, 0
1, 598, 0
1, 405, 0
1, 522, 0
1, 163, 0
1, 709, 0
1, 591, 0
0, 214, 0
0, 54, 0
0, 274, 0
1, 3, 0
0, 1719, 1
1, 133, 0
1, 89, 0
1, 418, 0
0, 178, 0
1, 322, 0
0, 284, 0
0, 306, 0
1, 437, 0
1, 97, 0
1, 78, 0
1, 142, 0
1, 844, 0
0, 444, 0
1, 344, 0
0, 1692, 1
1, 377, 0
1, 400, 0
1, 492, 0
1, 631, 0
1, 241, 0
1, 416, 0
1, 285, 1
1, 93, 0
1, 1207, 0
0, 523, 0
0, 236, 0
1, 373, 0
1, 503, 1
1, 125, 0
0, 180, 1
1, 187, 0
1, 465, 0
1, 612, 0
1, 469, 0
1, 135, 0
1, 446, 0
1, 222, 0
1, 94, 0
0, 2686, 1
0, 170, 0
0, 1254, 1
1, 184, 0
1, 364, 0
1, 113, 0
1, 336, 1
0, 465, 0
1, 101, 0
1, 328, 0
1, 106, 0
1, 235, 0
1, 2633, 0
0, 1986, 1
1, 349, 1
1, 64, 0
0, 72, 0
1, 102, 0
1, 286, 0
0, 386, 0
1, 407, 0
0, 265, 0
0, 238, 0
1, 482, 0
1, 208, 0
1, 371, 0
1, 329, 0
1, 5608, 1
1, 7905, 0
1, 380, 0
1, 417, 0
1, 313, 0
1, 255, 1
1, 371, 0
1, 197, 0
1, 285, 0
0, 143, 0
1, 215, 0
1, 170, 0
1, 223, 0
1, 448, 0
1, 65, 0
1, 192, 0
1, 289, 0
1, 180, 0
1, 471, 0
1, 141, 0
1, 1033, 0
1, 4440, 0
0, 86, 0
1, 535, 0
1, 173, 0
1, 390, 0
1, 221, 0
1, 488, 0
1, 444, 0
0, 47, 1
1, 369, 0
0, 6219, 1
1, 82, 0
0, 3001, 1
1, 505, 0
0, 1253, 1
1, 100, 0
0, 293, 0
0, 1468, 1
1, 443, 0
1, 140, 0
1, 487, 1
1, 190, 0
1, 115, 0
1, 172, 0
1, 200, 0
0, 1999, 1
1, 162, 0
1, 282, 0
1, 174, 0
0, 469, 0
1, 357, 0
1, 324, 0
1, 151, 0
1, 489, 0
1, 329, 0
1, 2154, 0
1, 241, 0
1, 170, 0
0, 428, 0
0, 1795, 1
0, 196, 0
0, 202, 0
1, 140, 0
1, 142, 0
1, 493, 0
1, 124, 0
1, 122, 0
0, 512, 0
1, 407, 0
0, 225, 0
1, 833, 0
1, 338, 0
0, 49, 0
1, 1021, 0
1, 404, 0
1, 207, 0
1, 350, 0
1, 437, 0
1, 331, 1
0, 229, 0
1, 0, 0
1, 170, 0
1, 630, 0
1, 639, 0
0, 1443, 1
1, 136, 0
1, 224, 0
1, 114, 0
1, 406, 0
1, 393, 0
1, 427, 0
1, 473, 0
1, 289, 0
1, 107, 0
1, 434, 0
1, 710, 0
1, 195, 0
1, 323, 0
1, 105, 0
1, 285, 0
1, 233, 0
1, 96, 0
1, 189, 0
1, 116, 0
1, 246, 0
1, 415, 0
1, 361, 0
0, 106, 0
1, 141, 0
0, 1395, 0
1, 159, 0
1, 445, 0
1, 218, 0
0, 86, 0
1, 213, 0
1, 310, 0
0, 407, 0
1, 1079, 0
1, 258, 0
1, 427, 0
1, 77, 0
1, 424, 0
1, 95, 0
1, 122, 0
1, 593, 0
1, 502, 0
1, 414, 0
1, 173, 0
1, 373, 0
1, 139, 1
1, 497, 1
1, 323, 0
1, 233, 0
1, 229, 0
1, 404, 0
0, 33, 0
0, 49, 0
0, 29, 0
0, 31, 0
0, 49, 0
1, 195, 0
1, 63, 0
0, 6, 0
0, 6, 1
0, 6, 0
0, 6, 1
0, 6, 0
0, 6, 0
1, 1069, 0
1, 284, 0
1, 300, 0
1, 409, 0
1, 136, 0
0, 5103, 1
1, 383, 0
1, 225, 0
1, 452, 0
0, 47, 0
1, 132, 1
1, 676, 0
1, 122, 0
0, 3802, 1
1, 117, 0
1, 392, 0
1, 141, 0
1, 359, 0
1, 337, 0
1, 143, 0
1, 75, 0
1, 123, 0
1, 386, 0
1, 80, 1
1, 31, 0
1, 125, 0
1, 553, 0
1, 140, 0
0, 222, 0
1, 123, 0
0, 0, 0
1, 698, 0
1, 239, 0
1, 214, 0
0, 343, 0
1, 954, 0
1, 442, 0
1, 456, 1
0, 1113, 1
0, 4494, 1
1, 188, 0
0, 216, 0
0, 219, 0
1, 588, 0
1, 399, 1
1, 1367, 0
1, 163, 0
1, 121, 0
1, 259, 0
0, 57, 0
1, 57, 0
1, 113, 0
1, 97, 0
1, 333, 0
1, 163, 0
1, 363, 0
1, 186, 0
1, 156, 0
1, 191, 0
0, 175, 0
1, 336, 0
0, 682, 0
1, 213, 0
1, 1124, 0
1, 728, 0
1, 1495, 0
1, 406, 0
1, 125, 0
1, 260, 0
1, 218, 0
0, 154, 0
1, 410, 1
1, 284, 0
1, 524, 0
1, 459, 1
0, 8, 0
0, 7, 0
0, 7, 0
0, 8, 0
0, 8, 0
1, 301, 0
1, 175, 0
1, 323, 0
1, 554, 0
1, 742, 0
1, 249, 0
1, 116, 0
1, 209, 0
1, 108, 1
1, 150, 0
0, 14570, 1
0, 0, 0
0, 300, 0
0, 90, 0
1, 161, 0
1, 246, 0
1, 138, 1
1, 366, 0
1, 352, 0
1, 590, 0
0, 8594, 1
1, 332, 0
1, 97, 0
0, 56, 1
0, 49, 0
1, 512, 0
0, 540, 1
0, 55, 0
0, 1795, 1
0, 23, 0
1, 172, 0
1, 399, 0
1, 163, 0
1, 159, 0
1, 472, 0
1, 188, 0
1, 136, 0
1, 437, 0
0, 47, 0
1, 120, 0
1, 302, 1
0, 76, 0
0, 15, 0
0, 103, 0
0, 47, 0
1, 132, 0
1, 205, 0
0, 10, 0
0, 11, 0
0, 10, 0
0, 45, 0
1, 895, 0
1, 193, 0
1, 26, 0
1, 190, 0
1, 466, 0
1, 180, 0
0, 90, 0
1, 407, 0
1, 195, 0
1, 218, 0
1, 108, 0
1, 115, 0
1, 390, 0
1, 126, 0
1, 376, 0
1, 683, 0
1, 226, 0
1, 149, 0
1, 410, 0
0, 631, 0
1, 100, 0
1, 159, 0
1, 189, 0
0, 473, 0
1, 207, 0
1, 175, 0
1, 70, 0
1, 228, 0
1, 301, 0
1, 191, 0
1, 120, 0
1, 427, 0
1, 233, 0
1, 68, 1
1, 339, 0
0, 478, 0
0, 11137, 1
1, 322, 0
1, 401, 0
0, 0, 0
1, 231, 1
1, 417, 0
0, 0, 0
0, 142, 0
0, 144, 0
1, 0, 0
0, 629, 1
1, 115, 0
1, 381, 0
1, 166, 0
1, 52, 0
0, 601, 1
1, 447, 0
1, 301, 0
1, 203, 0
0, 1243, 1
1, 87, 0
1, 275, 0
1, 193, 0
0, 56, 1
1, 348, 0
1, 470, 0
1, 161, 0
0, 322, 0
1, 615, 0
1, 97, 0
1, 412, 1
1, 404, 0
0, 275, 0
1, 98, 0
1, 642, 0
1, 125, 0
1, 550, 0
1, 1041, 0
0, 441, 0
1, 466, 0
1, 379, 0
1, 181, 0
1, 74, 0
1, 497, 1
1, 151, 0
1, 319, 0
1, 506, 0
1, 233, 0
1, 113, 0
1, 129, 0
1, 2908, 0
0, 2915, 1
1, 556, 0
1, 154, 0
1, 188, 0
1, 346, 0
1, 1847, 0
1, 63, 0
1, 226, 0
1, 219, 0
1, 58, 0
1, 376, 0
1, 204, 0
1, 571, 0
1, 93, 0
1, 358, 0
1, 140, 0
0, 54, 0
0, 285, 0
1, 393, 0
1, 173, 0
1, 59, 0
0, 77, 0
1, 341, 0
1, 270, 0
1, 388, 0
1, 901, 0
1, 1341, 0
0, 55, 0
1, 635, 0
1, 321, 0
1, 268, 0
1, 246, 0
1, 189, 1
1, 26, 0
1, 149, 0
1, 429, 0
1, 105, 0
0, 477, 1
0, 5402, 1
1, 525, 0
1, 322, 0
1, 28, 0
1, 183, 0
1, 72, 1
1, 406, 0
0, 190, 0
1, 393, 0
1, 128, 0
1, 397, 0
1, 510, 0
1, 430, 0
1, 122, 0
0, 90, 0
1, 80, 0
0, 1783, 1
1, 76, 0
1, 363, 0
1, 466, 1
1, 276, 0
1, 113, 0
1, 535, 0
0, 67, 0
1, 982, 0
1, 134, 0
1, 280, 0
1, 1018, 0
1, 392, 0
1, 117, 0
1, 149, 0
1, 351, 0
1, 403, 0
0, 148, 0
1, 379, 0
0, 194, 1
1, 192, 0
0, 50, 0
1, 105, 0
0, 153, 0
1, 588, 0
1, 81, 0
1, 344, 0
1, 197, 0
1, 228, 0
1, 371, 0
1, 120, 0
1, 115, 0
1, 347, 0
0, 2607, 1
1, 300, 0
1, 117, 0
1, 347, 0
0, 62, 0
0, 49, 0
0, 56, 1
0, 61, 0
0, 60, 0
0, 364, 0
1, 160, 0
1, 314, 0
0, 62, 0
0, 65, 0
1, 221, 0
1, 325, 0
0, 9424, 1
1, 344, 0
1, 178, 0
1, 109, 0
0, 51, 0
1, 422, 1
1, 341, 0
1, 150, 0
1, 97, 0
1, 337, 0
1, 194, 1
1, 325, 0
0, 129, 0
1, 245, 0
0, 203, 0
0, 434, 0
1, 430, 0
0, 18, 0
0, 18, 0
0, 115, 0
1, 481, 1
1, 232, 0
1, 60, 0
1, 163, 0
1, 261, 0
1, 32, 0
0, 253, 0
0, 90, 0
1, 161, 0
1, 208, 0
1, 827, 0
1, 704, 0
1, 2489, 0
1, 171, 0
1, 491, 1
1, 224, 0
0, 165, 0
1, 574, 0
1, 306, 0
1, 408, 0
1, 214, 0
1, 64, 0
0, 1289, 1
1, 166, 0
1, 284, 0
0, 224, 0
0, 611, 1
0, 210, 0
1, 100, 0
1, 314, 1
1, 141, 0
1, 272, 0
1, 129, 0
1, 95, 0
1, 308, 0
1, 145, 0
1, 334, 0
1, 331, 0
1, 538, 0
1, 396, 0
0, 3704, 1
1, 451, 0
1, 422, 0
1, 352, 0
1, 93, 0
0, 222, 0
0, 44, 0
1, 351, 0
1, 92, 0
0, 1668, 1
1, 0, 0
0, 148, 0
1, 159, 0
1, 810, 0
1, 902, 0
1, 305, 0
0, 827, 1
1, 71, 0
1, 1695, 0
1, 206, 1
1, 156, 1
0, 3631, 1
1, 58, 0
0, 8023, 1
1, 185, 0
1, 329, 0
0, 421, 0
1, 284, 0
1, 455, 0
1, 393, 0
1, 323, 1
1, 228, 0
0, 90, 0
1, 266, 0
1, 8, 0
1, 444, 0
0, 173, 0
0, 38, 1
0, 45, 0
0, 55, 0
1, 477, 0
1, 291, 0
0, 442, 0
1, 291, 0
1, 324, 1
1, 121, 0
1, 97, 0
0, 915, 1
1, 149, 0
1, 126, 0
1, 449, 0
1, 325, 0
0, 48, 1
1, 375, 0
0, 17, 0
0, 45, 0
1, 217, 0
1, 348, 0
1, 192, 0
1, 157, 0
1, 38, 0
1, 58, 0
0, 157, 1
1, 158, 0
1, 61, 0
1, 147, 0
1, 229, 0
1, 356, 0
1, 209, 0
1, 254, 1
1, 481, 0
1, 406, 0
0, 294, 0
1, 791, 1
0, 1961, 1
1, 211, 0
1, 882, 0
1, 123, 0
1, 129, 0
1, 159, 1
