3
3
3
3
3
4
7
3
3
4
3
4
4
3
3
3
3
3
3
3
17
3
7
3
3
3
4
3
3
3
3
2
24
4
2
3
10
2
4
3
2
3
4
3
3
3
3
3
3
3
8
2
11
15
19
23
33
37
2
41
45
49
52
56
60
64
68
71
75
79
83
86
109
113
117
121
124
128
132
136
139
143
149
152
169
173
176
181
185
186
187
2
188
192
199
209
213
218
222
225
229
233
234
2
2
2
2
2
235
236
2
237
257
265
269
273
295
299
309
314
318
321
322
323
2
2
324
2
2
2
2
2
325
2
342
2
343
345
351
355
359
363
385
390
400
405
410
414
425
438
441
462
466
470
473
478
481
497
522
528
532
556
560
565
582
601
605
612
615
619
623
628
645
650
654
659
663
682
710
714
719
742
745
775
796
799
821
837
842
861
877
911
916
920
926
963
983
993
1018
1032
1072
1089
1119
1123
1144
1161
1201
1210
1214
1237
1241
1242
1244
1251
1272
1294
1313
1343
1368
1396
1401
1435
1470
1499
1524
1528
1534
1538
1561
1621
1633
1657
1675
1705
1709
1721
1752
1771
1775
1779
1787
1791
1795
1816
1827
1868
1889
1893
1901
1927
1964
1973
1978
1981
1983
2019
2022
2055
2154
2180
2184
2188
2195
2218
2222
2250
2274
2279
2283
2287
2320
2324
2327
2340
2366
2415
2428
2456
2484
2488
2538
2579
2618
2622
2625
2676
2691
2806
2840
2986
3166
3331
2
3333
2
2
2
3334
3361
3366
3370
3417
3425
3478
3488
3582
3603
3667
3670
3710
3714
3731
3835
3863
3882
3942
3964
3985
4036
4122
4143
4152
4159
4218
4262
4292
4354
4358
4378
4408
4600
4683
4715
4721
4731
4759
4849
4884
4923
5077
5107
5117
5151
5310
5314
5351
5354
5394
5395
5397
5399
5412
5634
5650
5663
5690
5846
5850
5957
6007
6059
6096
6188
6191
6199
6242
6306
6425
6521
6591
6703
6713
6726
6734
6743
6767
6821
6867
6930
6977
7038
7039
2
7048
7098
2
7134
7193
7252
7324
7335
7358
7458
7496
7548
7600
7622
7663
7678
7693
7814
7823
7830
7844
7848
7850
7880
7883
7885
7889
7929
7961
7981
8065
8167
8202
8205
8239
8243
8334
2
8368
8404
8487
8687
8736
8770
8834
8895
8920
8970
9065
9070
9247
9306
9361
9396
9448
9455
9523
9533
9558
9562
9658
9664
9669
9702
9720
9731
9748
9749
9756
9778
9813
9847
9861
9906
10016
10068
10119
2
2
2
2
10120
10128
10209
2
10210
10225
10236
10259
10266
10306
10314
10336
10402
10408
10447
10456
10477
10479
10499
10500
10502
10534
10603
10624
10646
10756
2
2
10757
10788
10802
10841
10911
10932
10953
10957
10966
10996
11023
11077
11111
11214
11219
11223
11250
11303
11313
11354
11495
11509
11524
11545
11569
11600
11633
11685
11697
11757
11761
11765
11777
11795
11864
11899
11914
11956
11973
11974
11975
11976
2
11977
11978
11981
11991
12048
12070
12111
12147
12165
12174
12193
12248
12270
12287
12291
12401
12443
12515
12526
12563
12585
12617
12704
12720
12840
12852
12872
12895
12908
12919
12998
13002
13010
13032
13047
13051
13088
13117
13177
13253
13270
13321
13348
13355
13362
13368
13371
13379
13425
13440
13461
13553
13571
13587
13589
13604
13684
13710
13739
13868
13882
13915
13951
13961
13962
14034
14051
14067
14078
14118
14138
14155
14158
14160
14175
14189
14209
14227
14309
14335
14340
14418
14461
14506
14523
14524
14528
14532
14575
14671
14728
14766
14788
14815
14856
14889
14942
14943
14953
14979
14995
15012
15041
15100
15118
15138
2
15162
15189
15240
15290
15297
15319
15424
15468
15484
15490
15536
15562
15581
15601
15625
15656
15667
15743
15785
15799
15843
15862
15900
15931
15940
15958
16023
16039
16062
16111
16112
16113
16114
16116
16124
16132
16165
16182
2
16183
16184
16214
16245
16287
16323
16328
16335
16375
16492
16496
16538
16546
16564
16608
16679
16806
16838
16846
16910
17012
17052
17098
17141
17180
17268
17345
17400
17419
17437
17468
17478
17496
17579
17601
17770
17963
17987
18050
18074
18116
18169
18176
18183
18191
18254
18275
18278
18284
18333
18361
18412
18422
18472
18511
18579
18686
2
18687
18794
18913
18916
18942
19152
19161
19241
19258
19266
19318
19662
19697
19704
19709
19711
19755
19810
19862
19922
20005
20009
20108
20137
20144
20192
20194
20200
20205
20227
20250
20301
20315
20330
20347
20373
20388
20461
20517
20522
20526
20565
20677
20735
20756
20789
20803
20862
20987
20988
21197
21212
21222
21244
21274
21333
21550
21594
21655
21770
21815
