222,44
26,6
130,26
213,43
162,33
223,45
228,45
204,41
183,37
71,14
198,40
101,21
45,9
187,38
107,22
219,44
29,6
154,31
270,54
26,5
253,50
206,42
289,57
196,39
147,29
16,4
241,48
189,38
176,35
65,13
20,4
165,33
104,20
159,32
132,27
35,7
174,35
239,47
212,42
67,13
228,45
115,23
164,32
168,33
216,43
160,32
240,48
178,35
60,12
160,32
42,8
153,30
42,8
206,41
113,22
23,4
142,28
112,23
223,44
212,42
119,23
129,26
105,21
186,37
102,20
85,17
286,57
191,38
126,25
18,4
77,15
144,29
245,49
197,40
67,14
194,38
162,32
14,3
187,38
64,12
126,25
205,41
232,47
59,12
296,59
170,34
22,5
265,53
117,24
422,85
154,31
155,31
179,36
57,11
59,12
50,10
203,40
1,0
92,19
55,11
317,63
208,41
218,43
53,10
13,3
207,41
140,28
169,33
176,35
302,61
1,0
5,1
33,7
201,40
175,35
99,20
187,38
48,10
218,44
168,33
181,36
153,31
263,52
35,7
66,13
49,9
82,16
185,37
123,25
263,53
106,21
146,29
172,34
6,1
161,32
31,7
238,48
165,33
67,13
173,34
315,63
220,44
174,34
75,15
146,29
159,32
77,16
135,27
43,8
174,34
136,28
15,3
193,39
46,10
93,18
26,5
288,57
112,22
69,14
4,1
85,17
10,2
25,5
26,5
160,32
108,22
20,4
24,4
205,41
99,19
154,30
90,18
74,15
141,28
6,2
152,31
191,38
245,49
68,14
57,11
28,5
14,2
153,31
58,12
209,42
151,31
72,14
155,31
194,38
196,39
196,39
161,32
68,13
124,25
126,25
183,36
26,5
171,34
35,7
114,22
9,2
198,39
172,34
156,31
240,48
192,39
64,12
118,24
107,21
97,19
125,25
243,49
188,38
72,14
160,32
78,15
99,20
40,8
140,28
63,12
97,20
42,8
27,5
129,25
26,5
68,13
33,6
101,20
80,16
219,43
186,37
156,32
230,46
216,43
55,11
129,25
188,38
22,4
351,70
207,41
173,35
16,3
155,31
139,27
73,15
264,53
224,45
220,44
18,4
82,16
2,1
188,37
120,24
156,31
201,41
199,39
53,10
216,43
212,43
216,43
91,18
20,4
55,11
73,14
90,18
175,35
90,18
147,29
233,47
117,23
238,47
155,31
38,7
4,1
37,8
147,29
61,12
168,33
110,22
154,31
232,46
6,2
206,41
165,33
203,40
17,3
30,6
89,17
286,58
183,36
126,25
189,37
47,10
148,29
35,7
276,55
142,28
180,36
146,30
13,2
124,25
59,12
207,41
17,3
8,1
18,3
154,30
117,23
178,35
220,44
2,1
34,7
58,11
119,23
5,1
228,46
52,10
159,32
145,29
212,43
128,25
88,17
51,10
12,3
108,21
48,9
4,0
218,43
234,46
127,25
20,4
15,3
30,6
19,4
25,5
148,29
97,19
47,9
162,32
142,29
71,14
75,15
77,15
37,7
104,21
96,19
137,27
151,30
69,13
87,18
99,19
158,31
32,6
154,30
11,3
4,0
16,3
19,4
116,23
7,1
164,32
236,48
178,35
5,1
222,44
185,37
246,49
279,56
159,32
204,41
170,34
258,51
111,22
158,31
130,26
107,21
223,44
159,32
231,47
49,9
210,42
117,23
151,30
44,8
128,26
216,43
110,22
311,62
49,9
67,13
13,2
62,12
219,44
104,20
83,16
29,5
11,2
64,12
109,22
100,20
50,10
20,4
64,13
112,22
70,14
66,13
114,22
147,29
68,13
217,43
176,35
113,22
10,2
60,12
237,47
261,52
168,33
41,8
34,6
35,7
23,5
58,11
111,22
205,41
183,36
76,15
16,3
82,16
101,20
217,43
261,52
112,22
109,21
116,23
260,52
84,16
87,17
7,1
215,43
234,46
135,27
175,35
63,13
101,20
21,4
65,13
165,33
74,14
103,21
128,26
45,9
178,36
86,17
12,2
74,15
43,8
115,23
99,19
80,16
132,26
168,33
165,33
71,14
42,8
231,47
111,22
62,12
271,54
6,2
76,16
65,13
142,29
66,13
140,28
193,38
42,8
275,55
214,42
227,45
25,5
57,11
57,12
83,17
183,36
115,23
146,29
41,8
130,26
182,36
208,42
53,10
133,26
29,5
36,7
78,15
117,23
18,4
101,20
54,10
123,24
74,14
156,31
193,38
214,42
90,18
79,15
199,40
172,34
198,39
137,27
192,38
148,29
170,34
143,28
136,27
95,19
56,11
151,30
28,5
259,51
138,27
124,24
4,0
66,13
21,4
44,9
153,30
160,32
56,11
144,28
117,23
33,6
70,14
152,30
12,2
219,43
185,37
138,27
162,32
116,23
75,15
235,47
59,11
44,8
35,7
148,29
175,35
207,41
51,10
133,26
157,31
138,27
42,8
126,25
34,7
79,15
119,23
255,51
152,30
89,17
138,27
54,10
86,18
74,15
30,6
223,44
12,2
129,25
73,14
64,12
10,2
123,24
146,29
141,28
35,7
12,2
146,30
126,25
64,12
110,22
49,9
156,31
1,1
153,30
6,1
151,30
60,12
17,3
79,15
172,34
175,35
94,18
130,26
64,12
14,3
23,5
52,10
302,60
6,1
72,14
46,9
80,16
56,12
33,6
255,51
112,22
154,30
113,22
6,1
55,11
22,4
20,4
81,16
17,3
63,12
49,9
93,19
45,9
188,37
63,12
23,5
70,14
297,59
136,27
97,19
223,44
5,1
70,14
227,45
14,2
60,12
178,35
65,13
123,24
58,11
65,13
22,4
180,36
363,72
116,23
8,1
186,37
116,23
431,86
84,16
178,35
96,19
77,15
22,4
116,23
27,5
186,37
38,7
173,34
9,1
215,43
280,56
115,23
81,16
1,1
230,46
41,9
23,4
1,0
33,6
28,5
225,45
165,33
25,5
92,18
220,44
225,45
66,13
152,30
1,0
79,15
114,22
111,22
4,1
46,9
194,38
120,24
155,31
46,9
73,14
324,65
121,24
78,15
156,31
119,23
135,27
52,10
66,13
141,28
238,47
55,11
9,1
81,16
59,11
43,8
347,69
35,7
154,30
205,41
298,59
121,24
217,43
52,10
198,40
113,22
135,27
170,34
177,35
277,55
178,35
298,59
47,9
240,48
59,11
112,22
221,44
68,13
141,28
28,5
31,6
192,39
1,0
40,8
