0, 60, 1
0, 45, 0
0, 46, 0
0, 46, 0
0, 45, 0
0, 46, 0
0, 47, 0
0, 45, 0
0, 47, 0
0, 50, 1
0, 45, 1
0, 45, 0
0, 44, 0
0, 46, 0
0, 211, 0
0, 44, 0
0, 45, 0
0, 45, 0
0, 57, 1
0, 45, 0
0, 56, 0
0, 49, 0
0, 67, 0
0, 47, 0
0, 53, 0
0, 47, 0
0, 44, 0
0, 47, 0
0, 46, 0
0, 44, 0
0, 51, 1
0, 47, 0
0, 45, 0
0, 149, 0
0, 53, 0
0, 45, 1
0, 58, 0
0, 45, 0
0, 44, 0
0, 58, 0
0, 47, 0
0, 45, 0
0, 46, 0
0, 47, 0
0, 49, 0
0, 45, 0
0, 45, 0
0, 46, 1
0, 44, 0
0, 66, 0
0, 44, 0
0, 45, 0
0, 45, 0
0, 45, 0
0, 45, 0
0, 48, 0
0, 44, 0
0, 44, 0
0, 44, 0
0, 45, 0
0, 46, 0
0, 48, 0
0, 45, 0
0, 44, 0
0, 44, 0
0, 51, 0
0, 44, 0
0, 190, 0
0, 44, 0
0, 46, 0
0, 44, 0
0, 135, 0
0, 45, 0
0, 47, 0
0, 49, 0
0, 45, 0
0, 50, 0
0, 45, 0
0, 45, 1
0, 48, 0
0, 44, 0
0, 46, 0
0, 47, 1
0, 45, 1
0, 45, 0
0, 172, 0
0, 57, 0
0, 155, 0
0, 44, 0
0, 45, 0
0, 50, 0
0, 45, 0
0, 46, 0
0, 45, 0
0, 44, 0
0, 51, 0
0, 58, 0
0, 49, 0
0, 45, 0
0, 46, 1
0, 226, 0
0, 53, 0
0, 47, 0
0, 46, 0
0, 44, 0
0, 67, 0
0, 53, 0
0, 48, 1
0, 45, 0
0, 275, 0
0, 46, 0
0, 44, 0
0, 46, 0
0, 46, 0
0, 45, 1
0, 47, 0
0, 335, 0
0, 49, 0
0, 48, 0
0, 45, 0
0, 63, 0
0, 44, 0
0, 44, 0
0, 251, 0
0, 44, 0
0, 52, 0
0, 179, 0
0, 61, 0
0, 56, 0
0, 163, 0
0, 44, 0
0, 47, 0
0, 45, 0
0, 53, 0
0, 45, 0
0, 44, 1
0, 46, 0
0, 74, 0
0, 50, 0
0, 206, 0
0, 45, 0
0, 46, 0
0, 68, 0
0, 45, 0
0, 49, 0
0, 44, 0
0, 45, 0
0, 551, 0
0, 45, 0
0, 46, 0
0, 44, 0
0, 47, 0
0, 45, 0
0, 45, 0
0, 46, 0
0, 45, 0
0, 58, 0
0, 381, 0
0, 59, 0
0, 44, 0
0, 53, 1
0, 45, 0
0, 46, 0
0, 46, 0
0, 46, 0
0, 46, 0
0, 45, 0
0, 47, 0
0, 45, 0
0, 48, 0
0, 45, 0
0, 395, 0
0, 45, 0
0, 46, 0
0, 47, 0
0, 48, 0
0, 46, 0
0, 44, 0
0, 46, 0
0, 45, 1
0, 46, 0
0, 45, 0
0, 46, 1
0, 46, 0
0, 51, 0
0, 45, 0
0, 45, 0
0, 45, 0
0, 45, 0
0, 90, 0
0, 287, 0
0, 55, 0
0, 45, 1
0, 44, 0
0, 45, 0
0, 44, 0
0, 53, 0
0, 57, 0
0, 49, 0
0, 50, 0
0, 46, 0
0, 44, 0
0, 46, 0
0, 46, 0
0, 46, 0
0, 140, 0
0, 45, 0
0, 45, 0
0, 45, 0
0, 58, 0
0, 47, 0
0, 138, 0
0, 45, 0
0, 46, 0
0, 49, 0
0, 139, 0
0, 54, 0
0, 192, 0
0, 46, 0
0, 45, 0
0, 45, 0
0, 561, 0
0, 50, 0
0, 44, 0
0, 342, 0
0, 44, 0
0, 56, 0
0, 47, 0
0, 44, 0
0, 148, 0
0, 46, 0
0, 54, 0
0, 392, 0
0, 47, 0
0, 55, 0
0, 46, 0
0, 46, 0
0, 44, 0
0, 45, 0
0, 55, 0
0, 49, 0
0, 45, 0
0, 44, 0
0, 45, 0
0, 311, 0
0, 48, 1
0, 44, 0
0, 45, 1
0, 322, 0
0, 48, 0
0, 48, 0
0, 45, 0
0, 369, 0
0, 358, 0
0, 159, 0
0, 292, 0
0, 173, 0
0, 46, 0
0, 44, 0
0, 45, 0
0, 222, 1
0, 46, 0
0, 50, 0
0, 46, 0
0, 339, 0
0, 52, 1
0, 45, 0
0, 44, 0
0, 51, 1
0, 1557, 0
0, 47, 0
0, 46, 0
0, 57, 0
0, 150, 0
0, 46, 0
0, 47, 0
0, 44, 0
0, 56, 0
0, 45, 0
0, 473, 0
0, 45, 0
1, 333, 0
0, 50, 0
0, 46, 0
0, 45, 1
1, 428, 0
0, 44, 0
0, 725, 1
0, 317, 0
1, 251, 0
0, 45, 0
0, 48, 0
0, 44, 0
0, 45, 0
0, 53, 0
0, 46, 0
0, 55, 0
0, 1119, 0
0, 1385, 0
0, 1619, 0
1, 446, 0
0, 1150, 1
0, 366, 0
1, 292, 0
0, 532, 0
0, 222, 0
0, 55, 0
0, 49, 0
0, 149, 0
1, 369, 0
0, 49, 0
0, 381, 0
0, 46, 0
0, 498, 0
0, 45, 0
0, 46, 0
0, 44, 0
1, 411, 0
0, 45, 0
0, 319, 0
0, 45, 0
0, 45, 0
0, 45, 0
0, 502, 0
1, 165, 0
0, 1292, 1
0, 55, 0
0, 48, 0
0, 46, 0
1, 106, 0
1, 374, 0
0, 55, 0
0, 44, 0
0, 966, 0
0, 1077, 0
1, 60, 0
0, 854, 0
1, 276, 0
0, 51, 0
0, 2424, 0
1, 1137, 1
0, 47, 1
0, 48, 0
0, 45, 1
0, 502, 1
0, 556, 0
1, 115, 0
1, 2168, 0
1, 815, 1
0, 46, 0
0, 354, 0
0, 979, 0
1, 215, 0
0, 50, 0
0, 53, 0
0, 295, 0
1, 159, 0
0, 47, 0
1, 239, 0
1, 1591, 1
1, 112, 1
0, 45, 0
0, 44, 0
0, 1276, 0
1, 167, 0
1, 443, 0
0, 1864, 0
0, 454, 0
1, 85, 0
1, 317, 0
1, 1479, 0
1, 220, 0
0, 362, 0
0, 418, 0
1, 1143, 0
1, 1238, 0
0, 48, 0
0, 50, 0
1, 19653, 0
1, 765, 0
1, 102, 0
1, 1658, 0
1, 439, 0
1, 603, 0
1, 1317, 0
1, 162, 0
1, 179, 0
1, 466, 0
1, 247, 0
0, 230, 0
1, 113, 0
1, 632, 0
1, 144, 0
0, 585, 0
1, 471, 0
1, 222, 0
1, 982, 0
1, 1172, 0
1, 1328, 0
1, 201, 0
1, 2007, 0
1, 314, 0
1, 126, 0
1, 276, 0
1, 198, 1
1, 130, 0
1, 851, 0
1, 184, 0
1, 569, 0
1, 126, 0
1, 108, 0
0, 371, 0
0, 45, 0
1, 2421, 1
1, 1242, 0
1, 136, 0
1, 165, 0
1, 932, 0
1, 350, 0
0, 339, 1
1, 576, 0
1, 595, 0
1, 182, 1
1, 306, 0
1, 395, 0
1, 686, 0
1, 223, 1
1, 2217, 0
1, 307, 0
1, 814, 0
1, 422, 0
1, 103, 0
1, 184, 0
1, 894, 0
1, 103, 0
1, 128, 0
1, 243, 0
0, 150, 0
1, 541, 0
1, 796, 0
1, 480, 0
0, 616, 0
1, 687, 1
1, 448, 0
1, 940, 0
1, 196, 0
1, 151, 0
1, 294, 0
1, 244, 0
1, 131, 0
1, 693, 0
1, 244, 0
1, 343, 0
1, 218, 0
1, 374, 1
1, 303, 0
1, 244, 0
1, 161, 1
1, 764, 0
0, 47, 0
1, 586, 0
1, 467, 0
1, 238, 0
1, 414, 0
1, 328, 0
1, 197, 0
1, 720, 0
1, 389, 1
1, 649, 0
0, 427, 0
1, 470, 0
1, 668, 0
1, 91, 0
1, 77, 1
1, 282, 0
1, 600, 0
1, 13, 0
1, 86, 0
1, 144, 1
1, 401, 0
1, 51, 0
1, 152, 1
1, 419, 0
1, 608, 0
0, 512, 0
1, 215, 0
1, 317, 0
1, 155, 0
1, 76, 0
1, 376, 0
1, 388, 0
1, 159, 0
1, 228, 0
1, 106, 0
1, 230, 0
1, 804, 0
1, 288, 0
1, 353, 0
1, 149, 0
1, 197, 0
1, 310, 0
1, 302, 0
1, 825, 0
1, 620, 0
1, 466, 0
1, 382, 0
1, 140, 0
1, 289, 0
1, 344, 0
1, 305, 0
1, 263, 0
1, 182, 0
1, 132, 0
1, 218, 0
1, 558, 0
1, 131, 0
1, 35, 0
1, 319, 0
1, 219, 0
1, 198, 0
1, 310, 0
1, 795, 0
1, 147, 0
1, 761, 0
1, 208, 0
1, 435, 0
1, 197, 1
1, 518, 0
1, 112, 0
1, 127, 0
1, 13, 0
1, 230, 0
1, 216, 0
1, 196, 0
1, 300, 0
1, 214, 0
1, 224, 0
1, 204, 0
0, 285, 0
1, 132, 0
1, 137, 0
0, 210, 0
1, 726, 0
1, 209, 0
1, 399, 0
1, 238, 0
1, 201, 0
1, 117, 0
0, 94, 0
1, 252, 0
1, 362, 0
1, 204, 0
1, 301, 0
1, 216, 0
1, 69, 0
1, 294, 1
1, 137, 0
1, 431, 0
0, 425, 0
1, 140, 0
1, 465, 0
1, 415, 0
1, 128, 0
0, 475, 0
1, 543, 0
0, 240, 0
1, 223, 0
1, 956, 1
1, 721, 0
1, 284, 0
1, 520, 0
1, 410, 0
1, 143, 0
1, 200, 0
1, 309, 0
1, 174, 0
0, 224, 0
1, 381, 0
1, 463, 0
1, 464, 0
1, 561, 0
1, 152, 0
1, 152, 1
1, 483, 0
1, 490, 0
1, 171, 0
1, 325, 0
1, 79, 0
1, 232, 0
1, 426, 0
1, 372, 0
1, 1098, 0
1, 284, 0
1, 209, 0
1, 540, 0
1, 605, 0
1, 462, 0
1, 223, 0
1, 157, 0
1, 226, 0
1, 116, 0
1, 43, 0
1, 250, 0
1, 346, 0
1, 87, 0
1, 560, 0
1, 280, 0
1, 168, 0
1, 93, 0
1, 143, 1
1, 662, 0
1, 160, 0
0, 4650, 1
0, 587, 0
1, 125, 0
1, 225, 0
1, 471, 0
0, 54, 0
1, 663, 0
1, 303, 0
1, 261, 0
1, 157, 0
1, 539, 0
1, 506, 1
1, 49, 0
1, 177, 0
1, 131, 0
0, 247, 0
1, 102, 0
1, 112, 0
0, 63, 1
1, 396, 0
1, 478, 0
1, 537, 0
1, 180, 0
1, 111, 0
0, 407, 0
1, 392, 0
0, 1446, 1
1, 85, 0
1, 206, 1
1, 93, 0
1, 168, 0
1, 81, 0
1, 328, 0
1, 465, 0
1, 113, 0
1, 120, 0
1, 120, 0
0, 45, 0
1, 322, 0
1, 241, 0
1, 161, 0
1, 200, 0
1, 489, 1
0, 13257, 1
1, 36, 0
1, 134, 0
1, 331, 0
1, 382, 0
1, 77, 1
1, 169, 1
1, 371, 0
1, 367, 1
1, 311, 0
1, 233, 0
0, 3653, 1
0, 53, 0
1, 283, 0
1, 526, 0
1, 222, 0
1, 459, 0
1, 566, 1
1, 1060, 0
1, 356, 0
1, 849, 0
1, 210, 0
1, 599, 0
1, 431, 0
1, 514, 0
1, 362, 0
1, 27, 0
1, 209, 0
1, 576, 0
1, 343, 0
1, 313, 0
1, 109, 0
1, 974, 0
1, 274, 0
1, 501, 0
1, 209, 0
1, 323, 0
1, 643, 0
1, 436, 0
1, 482, 1
1, 209, 0
1, 173, 0
1, 97, 0
1, 366, 0
1, 146, 0
1, 86, 0
1, 152, 0
1, 341, 1
1, 348, 0
1, 343, 1
1, 147, 0
1, 328, 0
1, 436, 0
1, 498, 0
1, 225, 0
1, 353, 0
1, 444, 0
1, 231, 0
1, 138, 0
1, 413, 0
1, 197, 0
1, 315, 0
1, 31, 0
1, 100, 0
1, 119, 0
1, 291, 1
1, 1, 0
1, 475, 1
1, 81, 0
1, 209, 0
1, 156, 0
0, 219, 0
0, 559, 1
1, 184, 0
0, 2741, 1
1, 115, 0
1, 105, 0
1, 175, 0
1, 356, 1
1, 622, 0
1, 131, 0
0, 528, 0
1, 384, 0
0, 193, 1
1, 437, 0
1, 219, 0
1, 349, 0
1, 482, 1
1, 377, 0
1, 359, 0
1, 386, 0
1, 452, 0
1, 358, 0
0, 768, 0
1, 470, 0
1, 489, 0
1, 235, 0
1, 91, 0
1, 1073, 0
1, 211, 0
1, 168, 0
0, 264, 1
1, 275, 1
1, 367, 0
1, 77, 0
1, 557, 0
1, 423, 0
1, 327, 0
1, 100, 0
0, 1635, 1
0, 754, 1
1, 574, 0
1, 534, 0
1, 397, 0
1, 160, 0
1, 161, 0
0, 2315, 1
1, 389, 0
1, 416, 0
0, 267, 0
1, 165, 0
1, 565, 0
1, 435, 0
1, 517, 0
1, 461, 0
1, 59, 0
0, 606, 1
1, 530, 1
1, 536, 0
1, 443, 0
1, 220, 0
1, 225, 0
1, 318, 0
1, 180, 0
1, 157, 1
0, 229, 0
1, 480, 0
1, 161, 0
1, 143, 0
1, 391, 0
1, 194, 0
1, 371, 0
1, 591, 0
1, 348, 0
1, 244, 0
1, 369, 0
1, 354, 0
1, 337, 0
1, 120, 1
1, 404, 0
0, 45, 0
1, 593, 0
1, 215, 0
1, 520, 0
1, 89, 0
1, 118, 0
1, 347, 0
1, 143, 0
1, 120, 0
1, 342, 0
0, 203, 0
1, 346, 0
1, 161, 0
1, 133, 0
1, 343, 1
1, 430, 0
1, 578, 1
1, 149, 0
1, 176, 0
1, 283, 0
1, 186, 0
1, 1878, 0
1, 177, 0
1, 419, 0
1, 177, 0
1, 500, 0
1, 369, 0
1, 485, 0
1, 347, 0
1, 527, 0
1, 190, 0
1, 122, 0
1, 136, 0
1, 171, 0
1, 211, 0
1, 225, 0
0, 1099, 1
1, 336, 0
1, 490, 0
1, 389, 0
1, 423, 0
1, 55, 0
1, 165, 0
1, 530, 0
1, 396, 0
1, 357, 0
1, 510, 0
1, 324, 0
1, 363, 0
1, 304, 0
1, 138, 0
1, 10, 0
1, 362, 0
1, 568, 0
1, 76, 0
1, 392, 0
1, 488, 0
1, 346, 0
0, 207, 0
0, 242, 0
1, 467, 0
1, 331, 0
1, 419, 0
0, 216, 0
1, 589, 0
1, 484, 0
1, 292, 0
1, 187, 0
1, 291, 0
1, 526, 0
1, 541, 0
0, 46, 0
1, 161, 0
1, 343, 0
1, 28, 0
1, 392, 0
1, 346, 0
1, 118, 0
1, 507, 0
1, 468, 0
1, 135, 0
1, 28, 0
1, 549, 0
1, 179, 0
1, 405, 0
1, 154, 0
1, 117, 0
1, 834, 0
1, 89, 0
0, 235, 0
1, 470, 1
1, 94, 0
1, 443, 0
1, 325, 0
1, 2068, 0
1, 375, 0
1, 118, 0
0, 258, 0
1, 568, 0
1, 419, 0
1, 338, 0
1, 507, 0
1, 174, 0
1, 511, 0
0, 68, 0
1, 330, 0
1, 56, 0
0, 368, 0
1, 91, 0
1, 946, 0
0, 192, 0
1, 111, 0
1, 132, 0
1, 506, 0
1, 267, 0
1, 270, 0
1, 111, 0
1, 133, 0
1, 362, 0
1, 138, 0
1, 382, 1
1, 156, 0
1, 184, 0
1, 131, 0
1, 207, 1
1, 343, 0
1, 186, 0
1, 132, 0
1, 81, 0
1, 460, 0
1, 390, 1
1, 4, 0
1, 448, 0
1, 169, 0
1, 118, 0
1, 346, 0
1, 166, 1
1, 108, 0
1, 102, 1
1, 660, 0
1, 93, 0
1, 177, 0
1, 460, 1
0, 89, 0
0, 77, 0
0, 73, 0
0, 82, 0
0, 14, 0
0, 14, 0
1, 153, 0
0, 21, 0
1, 257, 0
0, 50, 0
0, 55, 0
0, 560, 0
1, 429, 0
0, 134, 0
1, 444, 0
1, 386, 0
0, 46, 0
0, 31, 0
0, 28, 0
0, 28, 0
0, 28, 0
1, 277, 0
0, 46, 0
1, 139, 0
1, 488, 0
1, 413, 0
1, 454, 0
1, 78, 0
1, 337, 1
1, 686, 0
0, 295, 0
0, 214, 0
0, 226, 0
1, 108, 0
1, 326, 0
1, 475, 0
1, 378, 0
1, 409, 0
1, 191, 0
1, 508, 0
0, 166, 0
0, 163, 0
0, 675, 1
0, 197, 0
1, 208, 0
0, 49, 0
1, 351, 0
1, 84, 0
1, 83, 0
1, 535, 0
1, 209, 1
0, 483, 0
1, 137, 0
1, 472, 0
0, 76, 0
1, 134, 0
0, 69, 0
0, 426, 1
1, 82, 0
1, 250, 0
1, 203, 0
1, 200, 0
1, 398, 0
1, 333, 0
1, 439, 0
0, 57, 0
0, 535, 1
1, 107, 0
1, 500, 0
0, 294, 0
1, 422, 0
1, 189, 0
1, 347, 0
1, 123, 1
1, 194, 0
1, 451, 0
0, 695, 1
0, 43, 0
0, 227, 0
0, 174, 0
1, 432, 0
1, 87, 0
1, 47, 0
1, 90, 0
1, 217, 0
1, 316, 0
1, 44, 0
1, 123, 0
1, 136, 0
1, 178, 0
1, 200, 0
1, 366, 0
1, 119, 0
1, 146, 0
1, 327, 0
1, 219, 0
0, 479, 1
1, 347, 0
1, 191, 0
1, 431, 0
0, 28, 0
0, 28, 0
0, 28, 0
0, 34, 0
0, 34, 0
0, 39, 0
0, 39, 1
1, 88, 0
0, 56, 0
0, 51, 0
0, 52, 0
1, 129, 0
0, 56, 0
1, 109, 0
1, 181, 0
1, 419, 0
1, 124, 0
1, 201, 0
0, 238, 0
0, 191, 0
1, 59, 0
0, 35, 0
1, 103, 0
1, 135, 0
0, 356, 0
1, 206, 0
1, 464, 0
1, 314, 0
1, 129, 0
0, 223, 0
1, 444, 1
0, 398, 0
1, 354, 0
1, 16, 0
1, 364, 0
0, 9, 1
0, 9, 0
0, 9, 0
0, 9, 0
0, 369, 0
0, 57, 0
1, 549, 0
1, 62, 1
1, 150, 1
1, 435, 0
1, 78, 0
1, 433, 0
1, 203, 0
1, 367, 0
1, 329, 0
0, 451, 0
1, 170, 0
0, 634, 0
1, 207, 0
1, 471, 0
0, 1091, 1
0, 1095, 1
0, 1669, 0
0, 392, 1
1, 495, 0
1, 224, 0
1, 459, 0
0, 357, 0
1, 141, 0
1, 184, 0
0, 422, 0
1, 213, 0
1, 154, 0
1, 95, 0
1, 95, 0
1, 87, 0
1, 353, 0
1, 465, 1
1, 120, 0
1, 306, 0
0, 82, 0
1, 476, 0
0, 105, 0
0, 1, 0
1, 100, 0
0, 1, 0
0, 142, 0
0, 129, 1
0, 41, 0
0, 41, 0
1, 218, 0
1, 329, 0
1, 1515, 0
1, 221, 0
1, 420, 1
0, 38, 0
0, 31, 0
0, 31, 1
0, 26, 0
0, 25, 0
0, 25, 0
0, 26, 0
1, 208, 0
1, 116, 0
1, 298, 0
0, 343, 0
1, 346, 0
0, 54, 0
1, 395, 0
1, 186, 0
1, 392, 0
1, 173, 0
1, 220, 0
1, 384, 0
0, 408, 0
0, 54, 0
1, 250, 0
1, 413, 0
1, 118, 0
1, 140, 0
1, 135, 0
1, 337, 0
0, 14, 0
0, 14, 0
1, 564, 0
1, 417, 0
1, 229, 0
1, 102, 1
1, 528, 1
1, 118, 0
1, 113, 0
0, 1, 0
0, 1, 0
0, 1, 0
0, 1, 0
0, 1, 1
0, 1, 0
0, 1, 0
0, 1, 0
0, 1, 0
1, 1, 0
0, 1, 0
0, 1, 0
0, 1, 0
0, 1, 0
0, 1, 0
0, 353, 0
1, 410, 0
1, 371, 0
1, 164, 0
1, 441, 0
1, 136, 0
1, 420, 1
1, 480, 0
1, 324, 0
1, 524, 0
1, 154, 0
0, 237, 0
1, 192, 0
1, 116, 0
1, 378, 0
1, 258, 0
1, 324, 1
0, 1299, 0
0, 33, 0
0, 33, 0
0, 33, 0
0, 56, 0
0, 24, 0
0, 23, 0
0, 24, 0
0, 22, 0
0, 47, 0
0, 22, 0
0, 53, 0
0, 24, 0
1, 193, 1
0, 155, 0
0, 523, 1
1, 310, 1
1, 387, 0
0, 1846, 0
1, 253, 0
1, 142, 1
1, 191, 1
0, 158, 0
1, 164, 0
0, 330, 0
0, 315, 0
1, 120, 0
0, 62, 0
1, 341, 0
0, 69, 0
0, 1624, 0
1, 490, 0
0, 128, 0
1, 110, 0
1, 133, 0
0, 525, 1
1, 100, 0
1, 175, 0
0, 115, 0
1, 175, 1
1, 250, 0
1, 169, 0
1, 228, 0
0, 139, 1
1, 456, 0
1, 135, 0
1, 248, 0
1, 588, 0
1, 407, 0
1, 154, 0
1, 167, 0
1, 148, 0
1, 533, 0
0, 1741, 1
1, 342, 0
0, 1127, 1
1, 155, 0
1, 467, 0
1, 209, 0
1, 417, 0
1, 447, 1
1, 145, 0
1, 363, 0
1, 347, 0
1, 2, 0
1, 258, 0
0, 70, 0
0, 67, 0
1, 327, 0
1, 383, 0
1, 106, 0
1, 275, 0
1, 275, 0
1, 215, 0
1, 82, 0
1, 130, 0
1, 204, 0
1, 441, 0
0, 512, 0
1, 367, 0
1, 262, 0
1, 440, 0
0, 10, 0
0, 10, 0
0, 10, 0
0, 10, 0
1, 354, 0
0, 325, 0
0, 496, 1
1, 235, 0
1, 490, 0
1, 415, 0
1, 331, 0
1, 158, 0
0, 173, 0
0, 61, 0
1, 109, 0
1, 1225, 0
1, 33, 0
0, 34, 0
1, 164, 0
1, 2268, 1
1, 318, 0
1, 200, 0
1, 450, 0
1, 116, 0
1, 106, 0
0, 329, 0
1, 454, 0
1, 401, 0
1, 426, 0
1, 126, 0
1, 364, 1
0, 217, 0
1, 429, 0
1, 165, 0
0, 440, 0
0, 42, 0
0, 38, 0
0, 36, 0
0, 37, 0
1, 310, 0
1, 141, 1
1, 175, 1
1, 200, 0
1, 400, 0
1, 484, 0
1, 362, 0
1, 148, 0
0, 53, 0
1, 337, 1
1, 434, 0
1, 104, 0
1, 368, 0
0, 234, 0
0, 59, 0
1, 474, 0
1, 93, 0
1, 206, 0
1, 143, 0
1, 348, 0
1, 472, 0
1, 499, 0
1, 193, 0
1, 395, 0
0, 72, 0
1, 90, 0
1, 211, 0
1, 365, 0
1, 200, 0
0, 1382, 1
1, 226, 0
1, 581, 0
0, 144, 0
1, 198, 0
1, 182, 0
1, 527, 0
1, 139, 0
0, 1069, 1
1, 188, 0
1, 461, 0
0, 1857, 1
0, 1072, 0
1, 140, 0
1, 105, 0
1, 316, 0
1, 135, 0
0, 198, 0
1, 486, 1
1, 76, 0
1, 611, 0
1, 159, 0
0, 160, 0
0, 1, 0
0, 6, 0
0, 6, 0
0, 6, 0
0, 6, 0
0, 6, 0
0, 6, 0
0, 6, 0
0, 6, 0
1, 171, 1
1, 395, 0
0, 48, 0
0, 768, 1
1, 270, 1
1, 499, 0
1, 157, 0
0, 551, 0
1, 193, 0
1, 157, 0
1, 69, 0
1, 165, 0
1, 186, 0
1, 533, 0
0, 72, 0
0, 71, 0
1, 176, 0
1, 362, 1
0, 1, 1
0, 43, 0
1, 437, 0
0, 266, 0
1, 651, 1
1, 161, 0
0, 1, 0
0, 1, 0
0, 1, 0
0, 1, 0
0, 1, 0
0, 1, 0
0, 1, 0
0, 1, 0
1, 210, 1
0, 46, 0
0, 48, 0
0, 39, 0
0, 40, 1
0, 33, 0
0, 33, 0
0, 33, 0
0, 27, 0
1, 420, 0
0, 19, 0
0, 19, 0
1, 185, 0
1, 145, 0
1, 409, 0
0, 247, 0
0, 18, 0
0, 201, 0
1, 119, 1
1, 135, 0
0, 128, 0
1, 152, 0
1, 482, 0
1, 164, 0
1, 332, 0
1, 292, 0
1, 17, 0
1, 504, 0
1, 271, 0
0, 76, 0
1, 92, 0
1, 761, 0
1, 144, 0
1, 340, 1
1, 89, 0
1, 454, 0
0, 1, 0
0, 1, 0
0, 1, 0
0, 1, 0
0, 1, 0
0, 1, 0
0, 1, 0
0, 1, 0
1, 405, 0
0, 55, 0
1, 461, 0
0, 64, 0
1, 448, 1
1, 156, 0
1, 218, 0
1, 84, 1
0, 214, 0
1, 598, 1
1, 188, 0
0, 515, 0
0, 175, 0
1, 282, 0
1, 341, 0
1, 322, 0
1, 464, 1
1, 109, 1
1, 273, 0
1, 432, 0
0, 165, 0
1, 396, 0
1, 184, 0
1, 1005, 0
0, 93, 0
1, 170, 0
0, 2205, 1
0, 27, 0
0, 27, 0
0, 27, 0
1, 142, 0
1, 327, 0
0, 69, 0
0, 67, 0
1, 516, 0
1, 145, 0
1, 169, 0
1, 318, 0
0, 206, 0
1, 134, 0
1, 115, 0
1, 511, 0
1, 330, 0
1, 166, 0
1, 503, 0
1, 426, 1
1, 351, 0
1, 428, 0
1, 394, 0
0, 486, 0
1, 235, 0
1, 157, 0
1, 391, 0
1, 327, 0
1, 57, 1
1, 414, 0
1, 187, 0
1, 121, 0
0, 1, 1
0, 424, 0
1, 100, 0
1, 129, 0
1, 430, 0
1, 178, 0
1, 187, 0
1, 249, 0
1, 141, 0
1, 408, 0
1, 353, 1
1, 149, 0
1, 403, 0
1, 394, 1
0, 1578, 1
1, 149, 0
1, 360, 0
1, 222, 0
1, 104, 0
1, 166, 0
1, 230, 0
1, 225, 0
1, 1151, 0
0, 1021, 0
1, 481, 0
1, 497, 1
1, 181, 0
1, 351, 0
0, 972, 0
1, 327, 0
1, 465, 1
1, 132, 0
1, 166, 0
1, 448, 0
1, 388, 0
1, 468, 0
0, 193, 0
0, 193, 0
0, 1487, 1
0, 730, 1
1, 497, 0
1, 143, 0
1, 188, 0
0, 4821, 1
0, 412, 1
1, 132, 0
1, 129, 0
1, 454, 0
0, 181, 0
1, 353, 0
1, 166, 0
1, 194, 0
1, 494, 0
1, 144, 0
1, 210, 0
1, 322, 0
0, 51, 0
0, 46, 0
0, 40, 0
0, 38, 0
0, 39, 0
0, 32, 0
0, 32, 0
1, 219, 0
1, 203, 0
1, 394, 0
1, 571, 0
1, 125, 0
1, 318, 0
1, 69, 0
1, 208, 0
1, 166, 1
1, 114, 1
1, 436, 1
1, 256, 0
1, 301, 0
1, 109, 0
1, 124, 0
1, 83, 0
0, 6196, 1
1, 88, 0
1, 185, 0
0, 68, 0
1, 373, 0
0, 350, 0
1, 243, 1
1, 446, 0
1, 206, 0
0, 58, 0
1, 138, 0
1, 768, 0
0, 45, 0
1, 339, 1
1, 57, 0
1, 179, 0
1, 422, 1
1, 59, 0
1, 151, 0
1, 69, 0
0, 1053, 1
0, 212, 0
1, 541, 0
0, 74, 0
1, 92, 1
1, 136, 0
0, 45, 0
1, 305, 0
0, 55, 0
0, 39, 1
0, 49, 0
1, 1659, 0
1, 210, 0
1, 36, 0
1, 86, 0
1, 544, 0
1, 434, 0
1, 144, 0
1, 360, 0
0, 196, 0
0, 213, 0
0, 212, 0
1, 429, 0
1, 469, 0
0, 1329, 1
1, 184, 0
0, 59, 0
1, 298, 0
1, 189, 0
0, 22, 0
0, 22, 0
0, 22, 0
0, 22, 0
0, 29, 1
0, 30, 1
0, 4336, 0
0, 15, 0
1, 387, 0
1, 115, 0
1, 1213, 0
1, 106, 0
1, 234, 0
1, 354, 1
1, 131, 0
1, 141, 0
1, 226, 0
1, 19, 0
1, 332, 0
0, 4071, 1
1, 79, 0
1, 136, 0
0, 196, 0
1, 106, 0
1, 519, 0
1, 71, 0
0, 113, 0
1, 469, 0
1, 20, 0
1, 602, 0
0, 75, 0
0, 714, 1
1, 235, 0
0, 165, 0
1, 469, 1
0, 269, 0
1, 1128, 0
0, 100, 0
1, 104, 0
1, 488, 0
1, 157, 0
1, 197, 0
1, 1093, 0
1, 333, 0
1, 200, 1
1, 352, 1
1, 161, 0
1, 191, 0
0, 867, 0
1, 441, 1
1, 425, 0
1, 160, 0
1, 154, 0
0, 94, 0
1, 201, 0
0, 304, 0
1, 177, 0
0, 1424, 1
1, 181, 0
1, 914, 0
1, 153, 0
1, 54, 0
1, 689, 0
0, 2208, 1
1, 157, 0
1, 735, 0
1, 167, 0
1, 103, 0
1, 122, 0
1, 408, 0
1, 152, 0
1, 156, 1
0, 178, 0
1, 43, 0
1, 151, 0
1, 31, 0
0, 204, 0
1, 122, 0
1, 165, 0
1, 440, 0
0, 272, 0
1, 117, 0
1, 112, 0
1, 151, 0
1, 104, 0
1, 133, 0
1, 528, 0
1, 122, 0
1, 136, 0
0, 166, 0
1, 335, 0
1, 293, 0
0, 51, 0
1, 425, 0
1, 522, 0
1, 387, 0
1, 410, 0
1, 116, 0
1, 429, 0
1, 924, 0
1, 345, 1
1, 189, 0
1, 199, 0
1, 573, 0
1, 249, 0
1, 126, 0
1, 568, 0
1, 478, 0
1, 353, 0
1, 160, 0
1, 78, 0
1, 328, 0
1, 52, 0
1, 136, 0
1, 122, 0
0, 268, 0
1, 395, 0
1, 156, 0
0, 48, 0
1, 147, 0
1, 281, 0
1, 151, 0
1, 620, 0
0, 517, 1
1, 89, 0
1, 298, 0
1, 845, 0
1, 414, 0
1, 360, 0
1, 573, 1
0, 883, 0
1, 409, 0
0, 318, 0
1, 511, 0
0, 1, 0
0, 1, 0
1, 414, 0
0, 94, 0
1, 127, 0
0, 69, 0
1, 444, 0
0, 49, 0
1, 717, 0
1, 475, 0
1, 185, 0
0, 142, 0
1, 104, 1
0, 179, 0
1, 124, 0
1, 472, 0
1, 424, 0
1, 184, 0
1, 370, 0
1, 543, 0
1, 125, 0
0, 206, 0
0, 251, 0
1, 351, 0
0, 268, 0
0, 263, 1
1, 374, 0
0, 184, 0
0, 135, 0
0, 40, 0
1, 92, 0
1, 823, 0
1, 615, 0
1, 204, 0
1, 68, 0
1, 158, 0
1, 292, 0
1, 309, 0
1, 84, 0
1, 294, 0
0, 326, 0
1, 95, 0
1, 370, 0
1, 350, 0
1, 132, 0
0, 267, 0
1, 166, 0
1, 325, 0
1, 133, 0
1, 309, 0
1, 409, 0
1, 499, 0
1, 106, 0
1, 119, 0
0, 206, 0
1, 39, 0
1, 1616, 0
1, 355, 0
0, 318, 0
1, 326, 0
1, 345, 0
1, 232, 0
1, 1634, 0
0, 651, 1
0, 3156, 1
1, 347, 0
1, 248, 0
1, 340, 0
1, 271, 0
0, 130, 0
1, 1678, 0
1, 178, 0
1, 65, 0
0, 203, 0
0, 204, 0
0, 205, 0
1, 180, 0
1, 139, 0
1, 185, 0
1, 37, 0
1, 284, 0
1, 519, 1
1, 73, 0
1, 186, 0
1, 273, 0
1, 385, 0
1, 143, 0
1, 201, 1
1, 300, 0
1, 154, 0
1, 296, 0
1, 215, 0
0, 918, 0
0, 55, 1
0, 50, 0
0, 50, 0
1, 183, 0
0, 52, 0
0, 22, 0
0, 22, 0
0, 22, 0
0, 22, 0
1, 160, 1
0, 10, 0
0, 10, 0
0, 10, 0
0, 10, 0
0, 10, 0
0, 10, 0
0, 10, 0
0, 10, 0
1, 417, 0
1, 144, 0
1, 313, 1
0, 315, 0
1, 121, 0
1, 131, 0
1, 606, 0
1, 132, 0
0, 224, 0
0, 741, 0
1, 251, 0
1, 107, 0
0, 364, 1
0, 344, 1
0, 1582, 1
1, 179, 0
1, 349, 0
1, 88, 0
1, 22, 0
1, 405, 0
1, 427, 0
1, 177, 1
1, 423, 0
1, 130, 0
1, 87, 0
0, 450, 0
1, 763, 0
0, 49, 0
1, 165, 0
1, 73, 0
1, 80, 0
1, 472, 0
1, 279, 0
1, 256, 0
1, 468, 0
1, 421, 0
1, 422, 0
1, 547, 0
1, 296, 0
1, 326, 1
1, 348, 0
1, 119, 0
0, 1391, 1
0, 253, 0
1, 165, 0
1, 405, 0
1, 108, 0
1, 233, 0
1, 226, 0
0, 48, 0
0, 45, 0
0, 45, 0
1, 412, 0
1, 201, 0
1, 202, 1
1, 681, 0
1, 339, 0
1, 373, 0
0, 1728, 1
1, 136, 0
1, 746, 0
1, 461, 1
1, 320, 1
1, 118, 0
1, 458, 0
1, 227, 0
1, 341, 0
1, 137, 0
1, 528, 1
0, 237, 0
1, 28, 1
0, 267, 0
1, 155, 0
1, 394, 0
1, 392, 0
1, 165, 0
1, 577, 0
1, 91, 0
1, 127, 0
1, 91, 0
1, 358, 0
0, 401, 0
0, 200, 0
1, 188, 0
1, 101, 1
1, 171, 0
1, 389, 0
1, 207, 0
1, 578, 0
1, 161, 0
1, 355, 0
0, 708, 1
1, 167, 0
1, 340, 0
1, 102, 0
1, 1015, 0
1, 106, 0
1, 94, 0
0, 156, 0
1, 1524, 0
1, 418, 0
1, 139, 0
1, 260, 0
1, 346, 0
1, 359, 0
1, 51, 0
1, 140, 0
1, 426, 0
1, 349, 0
0, 300, 0
1, 247, 0
1, 517, 0
1, 489, 0
1, 43, 0
1, 92, 0
0, 199, 0
1, 347, 0
1, 116, 0
1, 78, 0
1, 161, 0
1, 416, 0
1, 302, 0
1, 182, 0
1, 470, 0
0, 393, 0
1, 213, 0
1, 147, 0
1, 79, 0
1, 417, 0
1, 368, 0
1, 482, 0
1, 1, 1
1, 142, 1
1, 85, 0
1, 369, 0
1, 202, 0
1, 369, 0
0, 1110, 0
1, 257, 0
1, 417, 0
1, 187, 0
1, 153, 0
1, 395, 0
1, 392, 0
1, 299, 0
1, 296, 0
1, 90, 0
1, 60, 0
1, 173, 0
1, 87, 0
0, 1, 0
0, 1, 0
0, 1, 0
0, 1, 0
0, 1, 0
0, 1, 0
0, 1, 0
0, 1, 0
0, 1, 0
0, 1, 1
0, 1, 0
0, 1, 0
0, 1, 0
0, 1, 0
0, 1, 0
0, 1, 0
1, 196, 0
1, 425, 0
1, 304, 0
1, 1370, 0
1, 606, 0
1, 109, 0
1, 543, 0
1, 361, 0
1, 286, 0
1, 346, 0
0, 210, 0
0, 635, 0
1, 172, 0
0, 293, 0
1, 69, 0
0, 129, 0
1, 125, 0
1, 443, 0
1, 159, 0
1, 453, 0
1, 311, 0
1, 123, 0
1, 61, 0
1, 120, 0
1, 116, 0
1, 130, 0
1, 361, 1
1, 26, 0
1, 86, 0
1, 300, 0
1, 288, 0
0, 513, 0
1, 44, 0
1, 173, 0
1, 402, 0
1, 144, 0
0, 100, 0
1, 140, 0
1, 344, 0
1, 207, 0
1, 155, 0
1, 314, 0
1, 232, 0
1, 429, 0
1, 229, 0
1, 158, 1
1, 168, 0
1, 98, 0
1, 438, 0
0, 188, 0
1, 134, 0
0, 108, 0
0, 94, 0
1, 364, 0
1, 163, 0
1, 437, 0
0, 435, 0
1, 319, 0
1, 88, 0
1, 311, 0
1, 320, 0
1, 140, 0
1, 394, 0
0, 48, 0
0, 268, 1
1, 202, 0
0, 1, 0
0, 5, 0
0, 46, 0
1, 146, 0
1, 190, 0
1, 413, 0
1, 342, 0
1, 166, 0
1, 158, 0
1, 555, 1
0, 72, 0
1, 378, 0
1, 88, 0
1, 142, 0
1, 260, 0
1, 435, 0
1, 237, 0
1, 249, 0
0, 985, 1
1, 353, 0
1, 390, 0
0, 251, 0
1, 284, 0
1, 90, 0
1, 111, 0
1, 206, 0
1, 207, 0
1, 122, 0
1, 297, 0
1, 444, 0
1, 128, 0
1, 466, 0
1, 7296, 0
1, 448, 1
1, 434, 0
0, 48, 0
0, 48, 0
0, 41, 0
0, 41, 0
1, 151, 0
1, 462, 0
1, 107, 1
0, 3416, 1
1, 436, 0
1, 227, 0
1, 255, 0
1, 416, 0
1, 141, 0
1, 155, 0
0, 540, 0
1, 211, 0
1, 185, 0
1, 732, 0
1, 128, 0
1, 809, 0
1, 245, 0
1, 81, 0
1, 523, 1
1, 314, 0
0, 66, 1
1, 1739, 0
1, 67, 0
1, 343, 0
0, 234, 0
1, 551, 0
1, 231, 0
1, 389, 0
1, 309, 0
1, 200, 1
0, 94, 0
1, 437, 0
0, 36, 0
0, 36, 0
0, 190, 0
1, 164, 0
1, 123, 1
1, 167, 0
1, 194, 0
1, 142, 0
1, 398, 0
1, 1555, 0
1, 433, 0
1, 443, 0
1, 304, 0
1, 196, 0
1, 168, 0
1, 396, 0
1, 121, 0
1, 192, 0
1, 373, 0
0, 239, 0
1, 93, 0
1, 112, 0
1, 31, 0
1, 69, 0
1, 129, 0
0, 201, 0
1, 338, 1
1, 93, 0
0, 50, 0
0, 54, 0
1, 517, 0
1, 353, 0
0, 203, 1
1, 326, 0
1, 416, 0
1, 818, 0
1, 396, 0
1, 400, 0
1, 242, 0
1, 20, 0
1, 48, 0
0, 140, 0
1, 216, 0
0, 209, 0
1, 199, 0
1, 574, 0
1, 213, 0
1, 186, 0
0, 65, 0
1, 312, 0
1, 251, 0
1, 200, 0
1, 441, 0
1, 158, 0
1, 357, 0
1, 569, 0
1, 319, 0
1, 166, 0
1, 527, 0
1, 153, 0
1, 315, 0
0, 63, 0
0, 63, 0
1, 129, 1
0, 45, 0
0, 47, 0
0, 40, 1
0, 40, 0
1, 416, 0
1, 458, 0
1, 195, 0
1, 340, 0
1, 199, 1
1, 134, 0
1, 439, 0
1, 89, 0
1, 102, 0
1, 392, 0
1, 109, 0
0, 177, 0
1, 456, 0
1, 416, 0
1, 54, 1
1, 284, 0
1, 104, 0
0, 5751, 1
1, 227, 0
1, 110, 0
1, 643, 1
1, 177, 0
1, 642, 0
1, 505, 0
0, 160, 0
1, 120, 1
1, 138, 0
0, 563, 0
1, 124, 0
1, 403, 0
1, 250, 0
0, 5948, 1
1, 135, 0
1, 181, 0
1, 283, 0
0, 2148, 1
1, 166, 0
1, 371, 0
1, 128, 0
0, 61, 1
1, 403, 0
1, 290, 0
1, 220, 0
1, 67, 0
0, 64, 1
1, 121, 0
1, 494, 0
1, 262, 0
1, 75, 0
1, 476, 1
1, 187, 1
0, 181, 1
1, 507, 0
1, 459, 0
1, 456, 0
1, 434, 0
1, 192, 0
1, 168, 0
1, 196, 0
1, 829, 0
0, 118, 0
0, 423, 0
1, 458, 0
1, 313, 0
1, 467, 0
0, 59, 0
1, 90, 0
1, 563, 0
1, 658, 0
1, 449, 0
1, 148, 1
1, 383, 0
1, 459, 0
1, 164, 0
1, 133, 0
1, 149, 0
1, 304, 0
1, 562, 0
1, 74, 1
1, 420, 0
1, 471, 0
1, 318, 0
1, 133, 0
1, 290, 0
1, 279, 0
1, 202, 0
1, 68, 0
1, 274, 0
1, 33, 0
0, 13668, 1
1, 104, 0
1, 124, 0
1, 455, 0
1, 102, 0
1, 235, 0
1, 73, 0
1, 551, 0
1, 107, 0
1, 514, 0
1, 501, 0
1, 201, 0
1, 169, 0
1, 196, 0
1, 193, 0
1, 2256, 0
1, 227, 0
1, 398, 0
1, 265, 0
1, 204, 0
1, 483, 0
1, 243, 0
1, 111, 0
0, 680, 0
1, 294, 0
1, 264, 0
1, 265, 0
1, 84, 0
1, 281, 0
0, 1813, 1
1, 467, 0
0, 6819, 1
1, 307, 0
0, 360, 0
0, 197, 0
1, 331, 0
1, 1295, 0
1, 534, 0
1, 388, 0
0, 170, 0
1, 154, 0
1, 153, 0
1, 510, 0
1, 189, 0
0, 168, 0
1, 119, 0
1, 318, 0
1, 380, 0
1, 346, 0
1, 193, 0
1, 117, 0
1, 362, 0
1, 272, 0
1, 319, 0
0, 1522, 1
1, 345, 0
1, 115, 0
0, 46, 0
1, 349, 0
1, 250, 0
1, 301, 0
1, 81, 0
1, 146, 0
1, 123, 0
1, 614, 0
1, 401, 0
1, 255, 0
1, 248, 0
1, 533, 0
1, 375, 0
1, 357, 0
1, 415, 0
0, 43, 0
1, 145, 0
1, 472, 0
1, 35, 0
1, 380, 0
1, 132, 0
1, 122, 0
1, 192, 0
1, 301, 0
1, 286, 0
1, 102, 0
1, 156, 0
1, 487, 0
1, 368, 0
1, 23, 0
1, 219, 0
1, 461, 0
1, 452, 0
1, 337, 0
1, 135, 1
0, 391, 0
1, 605, 0
1, 129, 0
1, 161, 0
1, 413, 0
1, 116, 0
1, 207, 0
1, 118, 0
1, 113, 0
1, 189, 0
1, 252, 1
1, 106, 0
1, 167, 0
1, 157, 1
0, 48, 1
1, 318, 0
1, 330, 0
1, 103, 1
1, 172, 0
1, 291, 0
1, 157, 0
1, 100, 0
1, 114, 0
1, 125, 0
1, 360, 0
1, 110, 0
0, 233, 0
0, 410, 1
1, 481, 0
1, 164, 0
1, 404, 1
0, 244, 0
1, 313, 1
1, 134, 0
1, 72, 0
1, 384, 1
1, 97, 0
1, 123, 0
1, 125, 0
1, 104, 0
1, 473, 0
1, 1, 0
1, 355, 0
0, 27, 0
0, 27, 0
0, 27, 1
0, 25, 0
1, 479, 0
1, 100, 0
1, 159, 0
1, 332, 0
1, 139, 0
1, 117, 0
0, 4, 0
0, 4, 0
0, 4, 0
0, 4, 0
0, 4, 0
0, 4, 0
0, 4, 0
0, 4, 0
0, 4, 0
0, 4, 0
0, 4, 0
0, 4, 0
0, 4, 0
0, 4, 0
1, 468, 0
0, 3, 0
0, 3, 0
0, 3, 0
0, 3, 0
0, 3, 0
0, 3, 0
1, 151, 0
1, 91, 0
0, 431, 0
1, 423, 0
1, 498, 0
1, 410, 0
1, 220, 0
1, 396, 0
1, 54, 0
1, 323, 0
1, 175, 0
1, 429, 0
1, 400, 0
1, 353, 0
1, 549, 0
1, 132, 0
1, 325, 0
0, 69, 0
1, 203, 0
0, 49, 0
0, 295, 0
0, 78, 0
0, 340, 0
0, 459, 0
0, 358, 0
0, 62, 0
1, 322, 0
0, 37, 0
0, 40, 0
1, 379, 0
0, 503, 0
1, 278, 0
1, 511, 0
1, 634, 0
1, 140, 0
1, 228, 0
1, 144, 0
1, 406, 1
1, 155, 0
0, 49, 0
0, 67, 0
0, 173, 0
1, 117, 0
1, 23, 0
1, 133, 0
1, 190, 0
1, 265, 0
0, 207, 0
1, 114, 0
1, 113, 1
1, 553, 0
1, 84, 0
1, 523, 0
1, 422, 0
1, 404, 0
0, 263, 1
1, 1091, 0
1, 163, 0
1, 369, 1
1, 177, 0
0, 951, 0
0, 433, 0
0, 1642, 1
1, 351, 0
1, 176, 0
0, 480, 0
0, 340, 0
1, 163, 0
0, 201, 0
1, 137, 0
1, 1037, 0
1, 172, 0
1, 164, 0
1, 382, 0
1, 436, 0
0, 1254, 1
1, 642, 0
1, 289, 0
0, 159, 0
1, 191, 0
1, 291, 0
1, 685, 0
0, 79, 0
1, 325, 0
0, 417, 0
0, 46, 0
0, 39, 0
1, 82, 0
0, 34, 0
1, 484, 0
0, 538, 0
1, 152, 0
1, 100, 0
1, 433, 0
0, 40, 1
0, 56, 0
1, 329, 0
1, 482, 0
1, 407, 0
1, 167, 1
1, 82, 0
1, 109, 0
1, 177, 0
1, 120, 0
1, 152, 0
1, 538, 0
1, 460, 0
1, 169, 0
1, 49, 0
1, 627, 0
1, 341, 0
1, 151, 0
0, 82, 0
0, 2, 0
0, 2, 0
0, 2, 0
0, 2, 0
0, 2, 0
0, 2, 0
0, 2, 0
0, 2, 0
0, 2, 0
0, 2, 0
0, 2, 0
1, 494, 0
0, 33, 0
0, 350, 0
1, 724, 0
0, 399, 0
0, 89, 0
1, 315, 0
1, 171, 0
1, 1595, 0
1, 87, 0
1, 399, 0
0, 1, 0
1, 136, 0
1, 106, 0
1, 514, 0
1, 52, 0
0, 14, 0
0, 14, 0
0, 14, 0
0, 14, 0
1, 300, 0
1, 407, 0
1, 115, 0
1, 137, 0
1, 124, 0
0, 58, 0
1, 316, 0
0, 52, 0
1, 490, 1
1, 316, 0
1, 147, 0
1, 153, 0
1, 156, 0
1, 316, 1
1, 426, 0
1, 3479, 1
1, 191, 0
1, 79, 0
0, 201, 0
1, 131, 0
0, 207, 0
0, 53, 0
1, 144, 0
1, 486, 0
1, 636, 0
1, 336, 0
1, 477, 0
0, 332, 1
1, 155, 0
1, 436, 1
1, 503, 0
1, 137, 0
1, 112, 0
1, 322, 0
0, 476, 0
1, 100, 0
1, 220, 0
1, 296, 0
1, 564, 0
1, 223, 0
1, 206, 0
1, 208, 0
0, 618, 0
0, 924, 0
1, 178, 0
1, 118, 0
1, 1726, 0
1, 105, 0
1, 251, 0
1, 1, 0
1, 557, 0
1, 499, 0
1, 716, 0
1, 429, 0
1, 213, 0
1, 80, 0
1, 326, 0
1, 549, 0
1, 115, 0
1, 70, 0
1, 416, 0
1, 361, 0
0, 272, 0
1, 84, 0
1, 452, 0
1, 102, 0
1, 504, 0
1, 461, 0
1, 168, 0
1, 514, 0
0, 241, 0
1, 189, 0
1, 187, 0
1, 162, 0
1, 467, 0
1, 203, 0
1, 443, 0
1, 297, 0
0, 2285, 0
0, 81, 0
0, 39, 0
1, 62, 0
0, 27, 0
0, 25, 0
0, 25, 0
0, 23, 0
0, 22, 0
0, 20, 0
0, 22, 0
0, 21, 0
1, 426, 0
0, 1, 0
0, 63, 0
1, 334, 0
1, 180, 0
1, 114, 0
1, 22, 0
1, 586, 0
1, 123, 0
1, 437, 1
1, 85, 1
1, 213, 0
0, 61, 0
1, 593, 0
1, 116, 0
1, 1, 0
1, 30, 0
1, 161, 0
1, 103, 0
0, 50, 0
1, 216, 0
0, 72, 0
0, 29, 0
1, 425, 0
1, 461, 0
1, 576, 0
1, 156, 0
0, 64, 0
0, 73, 0
0, 62, 0
1, 539, 0
1, 248, 0
1, 173, 0
0, 30, 0
0, 37, 0
0, 37, 0
0, 691, 0
1, 113, 0
1, 434, 0
1, 99, 0
0, 210, 0
1, 171, 1
1, 139, 0
0, 757, 0
1, 14, 0
1, 222, 1
1, 341, 0
0, 216, 1
1, 602, 0
0, 38, 1
0, 376, 0
1, 210, 0
1, 10, 1
1, 355, 0
1, 141, 0
1, 159, 0
1, 400, 0
1, 232, 1
1, 364, 0
0, 81, 0
1, 571, 0
1, 101, 0
1, 101, 0
0, 455, 0
0, 479, 0
1, 345, 0
1, 451, 0
1, 450, 0
1, 103, 0
0, 29, 0
1, 125, 0
0, 47, 0
1, 1023, 0
1, 206, 1
0, 54, 0
1, 364, 0
0, 21, 0
0, 22, 0
0, 15, 1
0, 15, 0
0, 15, 0
0, 15, 0
0, 15, 0
0, 15, 0
0, 16, 0
0, 16, 0
0, 16, 1
0, 16, 0
0, 9, 0
0, 461, 0
1, 453, 0
1, 442, 0
1, 358, 0
0, 1, 0
0, 68, 0
0, 49, 0
0, 78, 0
1, 492, 0
0, 176, 0
1, 437, 0
1, 660, 0
1, 448, 0
1, 190, 0
0, 61, 0
1, 434, 0
1, 176, 0
1, 428, 0
0, 311, 0
0, 421, 0
1, 554, 0
1, 438, 0
0, 1445, 1
1, 1194, 0
0, 1, 0
0, 55, 0
0, 49, 0
0, 50, 0
0, 52, 0
0, 58, 0
1, 216, 0
1, 122, 0
0, 60, 0
1, 288, 0
0, 50, 0
1, 463, 0
1, 479, 0
1, 95, 0
1, 304, 0
1, 240, 0
1, 497, 0
1, 87, 0
1, 213, 0
1, 174, 0
1, 482, 1
1, 201, 0
0, 167, 0
0, 61, 0
0, 47, 0
1, 215, 0
1, 1354, 1
0, 46, 0
1, 367, 0
1, 168, 0
1, 627, 1
1, 115, 0
0, 482, 0
1, 459, 0
1, 116, 0
0, 4677, 1
1, 258, 0
0, 47, 0
1, 1, 1
0, 47, 1
0, 253, 0
0, 37, 0
1, 538, 1
1, 367, 0
1, 133, 0
1, 143, 0
1, 145, 0
1, 283, 0
1, 304, 0
1, 386, 0
1, 134, 0
0, 182, 0
1, 145, 0
0, 214, 0
1, 595, 0
1, 331, 0
1, 24, 0
0, 123, 0
0, 138, 0
1, 748, 0
1, 294, 0
1, 304, 0
1, 504, 0
1, 460, 0
1, 357, 0
1, 144, 0
1, 237, 0
0, 67, 0
1, 138, 0
1, 505, 0
0, 20, 0
0, 18, 0
0, 14, 0
0, 13, 0
0, 13, 0
0, 13, 0
0, 13, 0
0, 3063, 1
0, 117, 1
1, 118, 1
1, 441, 0
1, 103, 0
1, 603, 0
0, 214, 0
1, 180, 0
1, 461, 0
1, 156, 1
1, 2104, 0
0, 76, 0
1, 153, 0
1, 419, 0
0, 242, 1
1, 541, 0
1, 274, 0
1, 355, 0
1, 610, 0
1, 21, 0
1, 54, 0
1, 162, 0
0, 160, 0
1, 525, 0
0, 219, 0
1, 262, 0
1, 188, 0
1, 166, 0
1, 439, 0
1, 442, 0
0, 87, 0
1, 354, 0
1, 1023, 0
0, 275, 0
1, 22, 0
1, 134, 0
1, 334, 0
1, 149, 0
1, 1124, 0
1, 471, 0
0, 501, 0
0, 1348, 1
1, 105, 0
1, 426, 0
1, 342, 0
0, 56, 0
1, 528, 0
1, 589, 0
1, 469, 0
0, 61, 0
1, 434, 0
1, 356, 0
1, 407, 0
1, 88, 0
1, 172, 0
1, 489, 0
0, 984, 1
1, 338, 0
1, 477, 0
1, 441, 0
1, 501, 0
1, 193, 0
1, 153, 0
1, 162, 0
1, 131, 0
1, 396, 0
1, 218, 0
0, 19, 0
0, 19, 0
0, 19, 0
1, 244, 0
0, 259, 0
1, 870, 0
1, 275, 0
1, 323, 0
1, 564, 0
1, 453, 0
1, 242, 0
1, 98, 0
0, 202, 0
0, 2693, 1
1, 377, 0
1, 335, 1
1, 296, 0
1, 203, 0
1, 320, 0
1, 1541, 1
1, 359, 0
1, 495, 0
1, 279, 0
0, 17, 0
0, 17, 0
1, 310, 0
0, 19, 0
1, 150, 0
1, 440, 0
1, 138, 0
1, 176, 0
1, 499, 1
1, 451, 0
1, 426, 0
0, 471, 0
1, 48, 0
1, 349, 0
1, 63, 1
1, 103, 0
0, 56, 1
1, 249, 0
1, 596, 0
1, 320, 0
0, 1, 0
0, 63, 0
1, 343, 0
1, 111, 0
1, 708, 0
1, 698, 0
1, 359, 0
1, 327, 0
1, 516, 0
1, 195, 0
1, 211, 0
1, 630, 0
1, 132, 0
1, 120, 0
0, 200, 0
0, 73, 0
1, 100, 0
1, 137, 0
0, 63, 0
1, 526, 0
1, 126, 0
1, 452, 0
0, 134, 0
1, 331, 0
1, 458, 0
0, 169, 0
1, 286, 0
0, 290, 0
1, 264, 0
1, 406, 0
1, 370, 0
0, 26, 0
1, 76, 0
0, 69, 0
0, 64, 0
1, 283, 0
1, 176, 0
1, 103, 0
1, 126, 0
1, 169, 0
1, 2219, 1
0, 455, 0
0, 336, 0
1, 113, 0
0, 414, 0
1, 1102, 0
1, 356, 0
1, 455, 0
1, 109, 0
1, 137, 0
1, 131, 0
1, 256, 0
1, 427, 1
1, 539, 0
1, 393, 0
1, 267, 0
1, 203, 1
0, 67, 0
1, 143, 0
0, 298, 0
1, 119, 0
1, 92, 1
0, 3426, 1
1, 1190, 1
1, 176, 0
1, 544, 0
1, 232, 0
1, 498, 0
1, 245, 0
1, 317, 1
1, 208, 0
1, 388, 0
1, 128, 0
1, 186, 0
1, 257, 0
0, 56, 0
0, 60, 0
0, 62, 0
0, 65, 0
0, 58, 0
0, 408, 0
1, 128, 0
0, 93, 0
1, 257, 0
1, 131, 0
1, 431, 0
1, 322, 0
1, 120, 0
1, 128, 0
1, 318, 0
1, 218, 0
1, 161, 1
1, 368, 0
0, 233, 0
1, 1094, 0
1, 284, 0
1, 184, 0
1, 356, 0
1, 1325, 0
1, 366, 0
0, 75, 0
0, 94, 0
1, 352, 0
1, 67, 0
0, 461, 1
0, 9, 0
0, 7, 0
0, 7, 0
0, 7, 0
0, 7, 0
0, 7, 0
0, 7, 0
0, 7, 0
0, 7, 0
1, 328, 0
1, 812, 0
1, 208, 0
1, 76, 0
1, 316, 0
1, 210, 0
1, 686, 0
1, 359, 0
1, 125, 0
1, 412, 0
1, 476, 0
1, 727, 0
1, 531, 0
0, 94, 0
0, 113, 0
1, 262, 0
1, 359, 0
1, 131, 0
1, 446, 0
1, 143, 0
1, 139, 0
1, 73, 0
1, 69, 0
1, 444, 0
1, 155, 1
1, 199, 0
1, 112, 0
1, 209, 0
1, 179, 0
1, 100, 0
0, 207, 0
0, 464, 0
0, 87, 0
0, 38, 0
0, 38, 0
1, 514, 0
1, 124, 0
1, 331, 0
1, 171, 0
0, 49, 0
1, 463, 0
0, 258, 0
1, 413, 0
1, 208, 0
1, 339, 0
1, 165, 0
0, 63, 0
1, 767, 0
0, 395, 0
0, 1, 0
0, 318, 0
0, 48, 0
1, 337, 1
1, 191, 0
1, 162, 0
1, 164, 0
1, 159, 0
1, 325, 0
1, 122, 0
1, 364, 0
1, 154, 0
1, 114, 0
0, 755, 0
1, 105, 0
1, 354, 1
1, 299, 0
1, 243, 0
1, 126, 0
1, 541, 0
1, 506, 0
0, 63, 0
1, 332, 0
0, 52, 0
0, 34, 0
0, 34, 0
0, 29, 0
0, 29, 0
0, 29, 0
1, 403, 0
1, 1061, 0
1, 470, 0
1, 494, 0
1, 46, 0
1, 341, 0
0, 24, 0
1, 502, 0
1, 422, 1
0, 247, 0
1, 248, 0
1, 366, 0
1, 394, 0
1, 214, 0
1, 134, 0
1, 22, 1
0, 303, 0
1, 303, 0
0, 243, 1
1, 180, 0
1, 532, 0
1, 159, 0
0, 545, 0
1, 487, 0
0, 169, 0
1, 313, 0
0, 478, 0
1, 460, 0
1, 161, 0
0, 206, 0
1, 457, 0
0, 477, 0
1, 158, 0
1, 63, 0
1, 86, 0
1, 163, 0
0, 46, 0
1, 421, 1
1, 493, 0
1, 209, 0
1, 538, 0
0, 713, 1
1, 271, 0
1, 95, 0
1, 373, 0
1, 169, 0
1, 119, 0
1, 85, 0
1, 120, 0
0, 442, 0
1, 113, 0
1, 153, 0
1, 99, 0
1, 498, 0
1, 163, 0
1, 208, 0
1, 262, 0
1, 325, 0
1, 69, 0
0, 226, 0
0, 202, 0
1, 202, 0
1, 82, 0
1, 158, 0
1, 259, 0
1, 32, 0
1, 137, 0
0, 203, 0
1, 95, 0
1, 578, 0
1, 77, 1
1, 495, 0
0, 465, 0
1, 154, 0
1, 176, 0
1, 471, 0
1, 629, 0
1, 105, 0
1, 116, 0
1, 166, 1
1, 461, 0
0, 409, 0
1, 91, 0
0, 94, 0
1, 134, 0
1, 75, 1
0, 2009, 1
1, 487, 0
1, 495, 0
0, 206, 0
0, 4815, 1
1, 871, 0
1, 126, 0
0, 77, 0
1, 60, 0
1, 148, 0
1, 531, 0
1, 364, 0
1, 130, 0
1, 505, 0
1, 438, 0
1, 231, 1
1, 208, 0
1, 418, 0
1, 293, 0
1, 176, 0
1, 130, 0
1, 3452, 0
0, 43, 0
0, 336, 0
1, 187, 0
1, 1, 0
0, 87, 1
1, 490, 0
1, 169, 0
1, 280, 0
1, 341, 0
1, 101, 0
0, 104, 1
1, 550, 0
1, 111, 1
1, 44, 0
1, 386, 0
1, 463, 0
1, 316, 0
1, 137, 0
1, 104, 0
1, 305, 0
0, 135, 0
1, 545, 0
0, 235, 0
0, 792, 1
1, 78, 0
1, 490, 0
0, 18, 0
1, 78, 1
0, 181, 0
1, 307, 0
1, 157, 0
1, 523, 0
1, 153, 1
1, 156, 1
0, 7, 0
1, 599, 0
1, 298, 0
1, 385, 0
1, 229, 0
1, 161, 0
1, 328, 0
1, 440, 0
1, 382, 1
1, 558, 0
1, 133, 0
1, 326, 0
1, 595, 0
0, 71, 0
1, 439, 0
1, 307, 0
1, 192, 0
1, 329, 1
1, 151, 0
1, 138, 0
1, 316, 0
1, 238, 0
1, 370, 0
1, 103, 0
1, 126, 0
1, 210, 0
1, 420, 1
1, 332, 0
1, 468, 0
1, 2085, 0
1, 164, 0
1, 212, 0
1, 54, 0
1, 533, 0
1, 517, 0
1, 298, 0
0, 7, 1
0, 7, 0
0, 7, 0
0, 7, 0
1, 212, 0
0, 90, 0
0, 244, 0
1, 461, 0
0, 909, 0
1, 419, 0
1, 315, 0
1, 206, 0
0, 66, 0
1, 282, 1
1, 1613, 0
1, 334, 0
1, 339, 0
0, 57, 1
1, 622, 0
1, 366, 0
0, 96, 0
1, 244, 0
1, 146, 0
1, 176, 0
1, 142, 0
0, 182, 0
0, 186, 1
0, 52, 0
1, 260, 0
1, 76, 0
1, 521, 0
1, 454, 0
1, 238, 0
1, 174, 0
1, 341, 0
1, 491, 0
1, 348, 0
1, 123, 0
1, 146, 0
0, 53, 1
1, 149, 0
1, 276, 0
0, 204, 0
1, 364, 0
0, 242, 0
0, 1192, 1
1, 254, 0
0, 61, 0
1, 390, 0
0, 44, 0
0, 44, 0
0, 37, 0
0, 37, 0
1, 379, 0
1, 911, 0
1, 127, 0
1, 420, 0
1, 450, 0
1, 543, 0
1, 2054, 0
1, 73, 0
1, 1103, 0
1, 347, 0
1, 331, 0
0, 9, 0
0, 4, 0
0, 4, 0
0, 4, 0
0, 4, 0
0, 4, 0
0, 4, 0
0, 4, 0
0, 4, 0
0, 4, 1
0, 4, 0
0, 4, 0
0, 4, 0
0, 4, 0
0, 4, 0
0, 4, 0
0, 4, 0
0, 45, 0
1, 149, 0
1, 385, 0
1, 87, 0
1, 131, 0
1, 970, 0
1, 184, 0
1, 66, 0
1, 628, 0
1, 485, 0
1, 469, 0
1, 359, 0
1, 184, 0
1, 771, 0
1, 393, 0
0, 133, 0
1, 516, 0
1, 471, 0
1, 751, 0
1, 111, 0
1, 125, 0
1, 701, 0
0, 47, 0
0, 48, 0
1, 120, 0
1, 157, 0
1, 398, 0
1, 100, 0
1, 318, 1
1, 431, 0
1, 327, 0
0, 1816, 0
0, 60, 0
0, 87, 0
1, 331, 0
1, 456, 0
0, 271, 0
0, 8, 0
0, 8, 0
0, 8, 0
0, 8, 1
0, 8, 0
0, 8, 0
0, 8, 0
0, 8, 0
1, 462, 1
1, 183, 0
1, 398, 0
1, 100, 0
0, 193, 0
1, 201, 0
1, 295, 0
0, 348, 0
1, 279, 0
0, 232, 0
1, 542, 0
0, 74, 1
1, 448, 0
1, 408, 0
1, 187, 0
1, 419, 1
0, 204, 0
1, 317, 1
1, 121, 0
0, 78, 0
1, 285, 0
1, 856, 0
1, 96, 0
1, 344, 0
1, 463, 0
0, 494, 0
1, 81, 0
1, 430, 0
1, 136, 0
1, 489, 0
1, 305, 0
1, 273, 0
0, 59, 0
0, 150, 0
1, 207, 0
1, 363, 0
1, 122, 0
1, 101, 1
1, 381, 0
1, 479, 0
1, 411, 0
1, 167, 0
1, 259, 0
0, 586, 0
1, 428, 0
0, 732, 0
0, 191, 0
0, 26, 0
0, 21, 0
0, 21, 0
0, 21, 0
0, 13, 0
0, 13, 0
0, 13, 0
0, 13, 0
0, 13, 0
0, 13, 0
0, 7, 0
0, 7, 0
0, 7, 0
0, 7, 0
0, 7, 0
0, 7, 0
0, 7, 0
0, 7, 0
1, 477, 0
0, 46, 0
1, 365, 0
1, 408, 0
1, 131, 0
0, 28, 0
1, 499, 0
1, 267, 0
1, 474, 0
1, 95, 0
1, 363, 0
0, 100, 0
1, 129, 0
1, 129, 0
1, 182, 1
1, 246, 0
1, 337, 0
0, 12, 1
0, 65, 0
1, 506, 0
1, 503, 0
1, 540, 0
1, 511, 0
0, 35, 0
0, 27, 0
1, 186, 0
1, 346, 0
1, 126, 1
1, 325, 0
1, 107, 0
1, 161, 0
1, 114, 0
0, 77, 0
1, 378, 0
1, 81, 0
1, 358, 0
0, 219, 0
1, 467, 0
1, 126, 0
1, 401, 0
1, 219, 1
1, 338, 0
1, 194, 0
1, 309, 0
0, 33, 0
0, 29, 0
1, 176, 0
1, 90, 1
1, 419, 0
1, 200, 0
1, 198, 0
1, 128, 0
1, 160, 0
1, 108, 0
1, 183, 0
1, 331, 0
1, 382, 0
0, 1843, 1
1, 118, 0
1, 166, 0
1, 200, 1
1, 74, 1
1, 509, 0
1, 338, 0
1, 542, 0
1, 431, 0
1, 663, 1
1, 452, 0
1, 520, 0
1, 539, 0
1, 458, 0
1, 220, 0
1, 163, 0
1, 514, 0
0, 48, 1
0, 33, 0
1, 75, 0
0, 27, 0
1, 167, 0
1, 34, 0
0, 808, 1
1, 169, 0
0, 87, 0
0, 295, 0
0, 46, 0
0, 46, 0
0, 46, 1
1, 558, 0
1, 406, 0
0, 94, 0
1, 1, 0
1, 219, 0
1, 47, 0
1, 634, 0
1, 226, 0
1, 465, 0
1, 467, 0
1, 415, 0
1, 448, 0
1, 282, 0
1, 382, 0
1, 776, 0
1, 155, 0
1, 334, 0
1, 104, 0
1, 497, 0
1, 317, 0
1, 851, 0
1, 470, 0
1, 429, 0
1, 463, 0
1, 197, 0
1, 472, 1
1, 350, 0
0, 1, 0
0, 1, 0
0, 1, 0
0, 1, 0
0, 1, 0
0, 1, 0
0, 1, 0
0, 1, 0
0, 1, 0
0, 1, 0
0, 381, 0
1, 80, 0
1, 391, 0
1, 526, 0
1, 143, 0
0, 46, 0
1, 357, 1
1, 397, 0
1, 107, 0
1, 145, 0
1, 521, 0
1, 72, 0
1, 1102, 0
1, 354, 0
1, 462, 0
1, 463, 0
1, 612, 0
1, 144, 0
1, 487, 0
1, 1003, 0
1, 192, 0
1, 404, 0
0, 51, 0
0, 83, 0
0, 52, 0
0, 248, 0
0, 1, 1
0, 35, 0
1, 157, 0
1, 368, 1
1, 493, 0
1, 370, 0
1, 172, 0
0, 46, 0
0, 30, 0
0, 32, 0
0, 32, 0
0, 39, 0
0, 39, 0
0, 39, 0
0, 56, 0
0, 39, 0
0, 52, 0
1, 165, 0
1, 132, 1
1, 508, 0
1, 169, 1
1, 159, 0
1, 538, 0
1, 572, 0
1, 255, 0
1, 57, 0
1, 438, 0
1, 450, 0
1, 196, 0
1, 119, 0
1, 496, 0
0, 354, 0
1, 739, 0
1, 486, 0
1, 143, 0
1, 64, 0
1, 145, 0
1, 77, 0
0, 29, 0
0, 48, 0
0, 46, 0
0, 61, 0
1, 168, 0
0, 510, 0
1, 415, 0
1, 111, 0
1, 346, 0
1, 324, 0
1, 454, 0
0, 63, 0
1, 233, 1
1, 1285, 0
0, 487, 1
0, 94, 0
1, 295, 0
0, 25, 0
1, 81, 0
1, 163, 0
0, 542, 0
1, 438, 0
1, 107, 0
1, 77, 0
1, 624, 0
1, 344, 0
1, 504, 0
1, 209, 0
1, 342, 0
1, 135, 0
1, 335, 0
1, 187, 0
1, 82, 0
1, 164, 0
0, 47, 0
1, 199, 0
1, 118, 0
0, 46, 0
1, 440, 0
1, 499, 0
0, 424, 1
1, 539, 0
1, 132, 0
1, 56, 0
1, 347, 0
1, 153, 0
1, 130, 1
1, 322, 0
1, 181, 0
1, 525, 0
1, 193, 0
1, 67, 0
1, 193, 0
0, 265, 0
1, 470, 0
0, 269, 0
1, 627, 0
1, 429, 0
1, 97, 1
1, 568, 0
1, 364, 0
1, 367, 0
1, 148, 0
1, 72, 0
1, 308, 0
1, 125, 1
1, 471, 0
1, 358, 0
1, 268, 1
1, 2665, 1
1, 443, 0
1, 704, 0
1, 460, 0
1, 184, 0
1, 566, 0
1, 464, 0
1, 423, 0
1, 170, 0
1, 114, 0
1, 176, 0
1, 119, 0
1, 226, 0
1, 130, 1
1, 250, 0
1, 115, 0
1, 175, 0
1, 755, 0
1, 142, 0
1, 528, 0
1, 168, 0
0, 304, 0
1, 206, 0
1, 121, 0
1, 1120, 0
1, 338, 0
1, 423, 0
0, 327, 0
1, 117, 0
1, 396, 0
1, 328, 0
1, 364, 0
1, 346, 0
1, 438, 0
1, 244, 0
1, 359, 0
0, 130, 0
1, 52, 0
1, 134, 0
1, 1695, 1
0, 461, 0
0, 55, 0
0, 55, 0
1, 137, 1
0, 41, 0
0, 41, 0
0, 35, 0
1, 213, 0
0, 276, 0
1, 87, 0
1, 1723, 1
1, 408, 0
0, 94, 0
1, 115, 0
1, 108, 0
1, 402, 1
1, 479, 0
1, 283, 1
1, 73, 0
1, 171, 0
1, 223, 0
1, 120, 0
1, 236, 0
1, 141, 0
1, 85, 0
1, 311, 0
1, 560, 0
1, 117, 0
1, 333, 1
1, 362, 0
1, 361, 1
0, 75, 0
1, 445, 0
1, 340, 0
1, 1216, 0
1, 103, 0
1, 250, 0
1, 546, 1
0, 50, 0
1, 580, 0
1, 165, 0
0, 50, 0
0, 50, 0
1, 101, 1
0, 477, 0
1, 333, 0
1, 147, 0
1, 334, 0
1, 605, 0
1, 487, 0
1, 106, 0
1, 568, 0
1, 214, 0
1, 999, 0
1, 323, 0
1, 191, 0
1, 209, 0
0, 36, 0
1, 69, 0
1, 120, 0
0, 204, 0
1, 375, 0
1, 343, 0
1, 101, 0
1, 203, 0
0, 206, 0
0, 207, 1
1, 429, 0
1, 158, 0
1, 400, 0
1, 557, 0
1, 307, 0
1, 121, 0
1, 320, 0
0, 322, 0
0, 345, 1
1, 148, 0
1, 366, 0
0, 36, 0
0, 56, 0
0, 43, 0
1, 151, 0
1, 146, 0
1, 98, 0
1, 119, 1
1, 109, 0
1, 416, 0
1, 1682, 0
0, 471, 0
1, 898, 0
0, 50, 0
1, 89, 0
0, 32, 0
0, 125, 0
1, 77, 0
0, 442, 0
1, 634, 0
0, 264, 0
1, 220, 0
1, 149, 0
1, 726, 0
1, 506, 0
1, 364, 0
0, 1, 0
0, 1, 0
0, 1, 0
0, 1, 0
0, 1, 0
0, 1, 0
0, 1, 0
0, 1, 0
0, 1, 0
0, 1, 0
1, 3895, 0
1, 538, 0
1, 440, 0
1, 75, 0
1, 377, 0
1, 182, 0
1, 267, 0
0, 54, 1
1, 135, 1
1, 355, 0
1, 365, 0
0, 63, 0
1, 58, 0
1, 64, 0
1, 431, 0
0, 149, 1
1, 213, 0
0, 64, 0
0, 270, 0
0, 232, 0
0, 80, 0
0, 37, 0
0, 37, 0
1, 191, 0
1, 173, 0
0, 1, 0
0, 26, 1
0, 627, 0
0, 91, 0
0, 94, 0
1, 465, 0
1, 341, 0
1, 143, 1
1, 583, 0
1, 150, 0
1, 62, 0
1, 411, 0
1, 392, 1
1, 79, 0
0, 64, 0
1, 216, 0
1, 325, 0
1, 831, 0
1, 473, 0
1, 230, 0
1, 74, 0
1, 221, 0
0, 37, 0
0, 53, 0
0, 32, 0
0, 32, 0
1, 366, 0
1, 59, 1
1, 270, 0
1, 87, 0
1, 202, 0
0, 135, 0
1, 196, 0
1, 1475, 1
1, 394, 0
1, 703, 0
1, 396, 1
1, 427, 0
1, 529, 0
1, 112, 1
0, 1, 0
1, 771, 0
1, 89, 0
1, 438, 0
1, 107, 0
1, 274, 0
0, 2839, 0
1, 248, 0
1, 103, 0
1, 491, 0
1, 95, 0
1, 268, 0
0, 33, 1
1, 342, 0
1, 398, 0
1, 86, 0
1, 115, 0
1, 216, 0
1, 536, 0
1, 872, 0
1, 430, 0
1, 180, 0
1, 439, 0
1, 291, 0
1, 467, 0
1, 197, 0
0, 53, 1
1, 342, 0
0, 66, 1
1, 415, 0
1, 85, 0
1, 197, 0
1, 407, 0
1, 23, 0
0, 65, 0
1, 321, 0
0, 220, 0
1, 578, 0
1, 53, 0
1, 29, 0
1, 86, 0
1, 416, 0
1, 432, 0
1, 66, 0
1, 142, 0
1, 122, 0
1, 275, 0
0, 49, 0
0, 35, 0
0, 35, 0
1, 363, 0
1, 1763, 1
1, 329, 0
0, 45, 0
0, 57, 0
0, 496, 0
1, 365, 0
0, 33, 0
1, 71, 0
1, 145, 0
0, 18, 0
0, 11, 0
0, 12, 0
0, 12, 0
0, 12, 0
0, 12, 0
1, 134, 0
0, 423, 0
1, 348, 0
1, 448, 0
1, 136, 0
1, 502, 0
1, 45, 0
1, 2693, 0
1, 1137, 0
1, 480, 0
1, 138, 0
0, 140, 0
1, 380, 0
1, 444, 0
1, 205, 0
1, 578, 0
1, 355, 0
1, 402, 0
1, 424, 1
1, 134, 0
1, 455, 0
1, 461, 0
1, 529, 0
1, 352, 0
1, 244, 0
1, 138, 0
1, 194, 0
0, 2693, 1
1, 240, 1
1, 176, 0
1, 471, 0
0, 244, 0
1, 429, 0
1, 906, 0
1, 598, 0
0, 56, 0
1, 462, 0
1, 169, 0
1, 381, 0
0, 94, 0
1, 235, 0
1, 203, 0
1, 271, 0
1, 181, 0
1, 509, 1
1, 339, 0
1, 425, 1
1, 133, 0
0, 391, 0
1, 160, 0
0, 1, 0
0, 1, 0
0, 1, 0
0, 1, 0
0, 1, 0
0, 1, 0
0, 1, 0
0, 1, 0
0, 1, 1
0, 1, 0
0, 1, 0
0, 1, 0
0, 1, 0
1, 413, 1
1, 429, 0
1, 141, 0
1, 408, 0
0, 36, 0
1, 190, 1
0, 94, 0
1, 108, 1
0, 46, 0
0, 45, 0
1, 196, 0
0, 58, 0
1, 397, 0
1, 702, 0
1, 405, 0
1, 334, 0
0, 2652, 1
1, 392, 0
1, 1797, 0
1, 244, 0
1, 516, 0
1, 380, 0
0, 245, 0
0, 86, 0
1, 333, 0
1, 147, 0
1, 143, 0
1, 524, 0
1, 218, 0
1, 355, 0
1, 381, 0
1, 289, 0
0, 471, 1
1, 499, 0
1, 768, 0
1, 116, 0
1, 502, 1
1, 448, 0
1, 327, 0
1, 685, 0
1, 1159, 0
1, 260, 0
1, 136, 0
1, 108, 0
1, 332, 0
1, 435, 0
1, 78, 0
1, 1180, 0
1, 363, 0
0, 193, 0
1, 356, 1
1, 375, 0
1, 475, 0
1, 513, 0
1, 360, 0
1, 206, 0
1, 554, 0
1, 175, 0
1, 550, 0
1, 218, 0
1, 454, 0
1, 596, 0
1, 459, 0
1, 321, 0
1, 256, 0
0, 42, 0
1, 224, 0
1, 150, 0
0, 69, 0
1, 211, 0
1, 244, 0
1, 163, 1
1, 77, 0
1, 165, 1
1, 129, 0
1, 170, 0
1, 431, 0
1, 242, 0
1, 103, 0
1, 403, 0
1, 434, 0
1, 436, 0
1, 432, 0
1, 160, 0
1, 457, 1
1, 219, 0
0, 298, 0
1, 433, 0
1, 604, 0
1, 222, 0
1, 500, 0
0, 8, 0
0, 144, 0
1, 299, 0
0, 681, 0
1, 714, 0
0, 46, 0
0, 46, 0
1, 406, 1
1, 420, 0
1, 117, 0
1, 599, 0
0, 8, 0
0, 9, 0
0, 8, 1
0, 8, 0
1, 271, 0
0, 40, 0
1, 551, 0
1, 798, 0
0, 149, 0
1, 557, 0
1, 110, 0
1, 435, 0
1, 515, 0
1, 458, 0
1, 217, 0
1, 436, 0
1, 719, 0
1, 106, 0
1, 183, 0
1, 187, 0
1, 389, 0
1, 434, 0
0, 206, 0
1, 438, 0
1, 356, 0
1, 68, 0
1, 284, 0
1, 135, 1
1, 149, 0
1, 158, 0
1, 110, 0
1, 112, 0
1, 323, 0
1, 482, 0
0, 251, 0
1, 111, 0
1, 543, 0
1, 445, 0
1, 532, 0
0, 374, 0
1, 348, 0
1, 84, 0
1, 565, 0
0, 14, 0
0, 14, 0
0, 16, 0
1, 720, 0
1, 77, 1
1, 91, 0
1, 105, 0
1, 98, 1
1, 433, 0
0, 533, 0
1, 437, 0
0, 41, 0
0, 386, 0
0, 24, 0
1, 616, 0
1, 174, 0
1, 36, 0
0, 1, 1
0, 1, 0
0, 1, 0
0, 1, 0
0, 1, 0
0, 1, 0
0, 1, 0
0, 1, 0
0, 1, 0
0, 1, 0
0, 1, 0
0, 1, 0
0, 1, 0
0, 1, 0
1, 184, 0
1, 344, 0
1, 331, 0
1, 108, 0
1, 135, 0
1, 414, 0
1, 268, 0
0, 2371, 0
1, 91, 0
1, 452, 0
1, 363, 0
0, 48, 0
0, 86, 0
0, 156, 0
1, 373, 0
1, 152, 0
1, 1198, 0
1, 398, 0
1, 98, 0
1, 1, 0
1, 161, 0
1, 316, 0
1, 306, 0
1, 461, 0
1, 133, 1
1, 163, 0
1, 194, 0
1, 218, 0
1, 580, 0
1, 144, 0
0, 200, 0
1, 1411, 1
1, 311, 1
0, 12, 0
0, 11, 0
0, 12, 1
0, 11, 0
1, 619, 0
1, 329, 0
1, 94, 1
1, 115, 0
1, 484, 0
1, 132, 0
0, 262, 0
1, 304, 0
1, 232, 1
1, 146, 0
1, 531, 0
1, 113, 0
1, 119, 0
1, 46, 0
1, 365, 0
1, 432, 0
1, 370, 0
1, 492, 0
1, 416, 0
1, 386, 0
1, 1899, 0
0, 49, 0
0, 43, 0
0, 42, 0
0, 36, 1
1, 162, 0
0, 21, 0
0, 21, 0
0, 21, 0
0, 17, 1
0, 17, 0
0, 17, 0
0, 17, 0
0, 22, 0
0, 22, 0
0, 22, 1
1, 347, 1
1, 124, 0
1, 795, 0
0, 25, 0
1, 424, 0
1, 434, 0
1, 429, 0
1, 74, 1
1, 369, 0
0, 102, 0
1, 31, 1
0, 211, 0
1, 110, 0
1, 115, 0
0, 457, 0
0, 60, 0
0, 60, 0
1, 384, 0
1, 281, 0
1, 174, 1
1, 889, 0
1, 63, 0
0, 143, 0
1, 375, 0
1, 217, 1
1, 1124, 0
1, 449, 0
1, 457, 0
1, 356, 0
1, 166, 0
1, 459, 0
1, 137, 0
1, 291, 0
0, 157, 0
1, 432, 0
1, 333, 0
0, 73, 0
1, 344, 0
1, 274, 0
1, 1208, 0
0, 140, 0
1, 452, 0
1, 378, 0
1, 114, 0
1, 386, 0
1, 246, 0
1, 465, 0
1, 401, 0
1, 121, 0
0, 55, 0
0, 63, 0
1, 101, 0
1, 294, 0
0, 140, 0
1, 93, 0
1, 365, 0
0, 216, 0
1, 393, 0
1, 137, 0
1, 375, 0
1, 346, 0
1, 485, 0
0, 57, 0
1, 709, 1
0, 53, 0
1, 238, 0
1, 478, 0
1, 437, 0
1, 99, 0
1, 629, 0
1, 287, 0
0, 39, 0
1, 362, 0
1, 150, 0
0, 156, 0
1, 304, 0
1, 1121, 0
1, 150, 0
1, 1083, 0
0, 1, 0
0, 1, 0
0, 1, 0
0, 1, 0
0, 1, 0
0, 1, 0
0, 1, 0
0, 1, 0
0, 1, 0
0, 1, 0
1, 196, 0
1, 314, 0
1, 27, 0
0, 62, 0
1, 318, 0
0, 331, 0
1, 211, 0
1, 132, 0
1, 617, 1
1, 479, 1
0, 57, 0
0, 56, 0
1, 287, 0
1, 841, 0
1, 248, 0
1, 485, 0
1, 325, 0
1, 138, 0
1, 216, 0
1, 127, 0
1, 599, 0
0, 112, 0
1, 472, 0
1, 312, 0
0, 393, 0
1, 442, 0
1, 263, 0
1, 172, 0
0, 122, 0
1, 210, 0
1, 294, 0
1, 182, 0
0, 121, 0
1, 597, 0
0, 52, 0
1, 598, 1
1, 110, 0
0, 60, 0
0, 234, 0
1, 214, 0
1, 134, 0
1, 642, 0
1, 228, 0
1, 699, 0
1, 106, 0
0, 7, 0
0, 7, 0
0, 7, 0
0, 7, 1
0, 8, 0
0, 7, 0
1, 461, 0
1, 328, 0
1, 459, 0
1, 161, 0
1, 202, 0
1, 80, 0
1, 27, 0
1, 105, 0
1, 341, 0
1, 420, 0
1, 113, 0
1, 345, 0
1, 406, 0
1, 222, 0
1, 96, 0
1, 407, 0
1, 293, 0
0, 26, 0
1, 474, 0
1, 396, 0
1, 503, 0
1, 422, 0
0, 50, 0
1, 461, 0
1, 661, 0
0, 17, 0
0, 17, 0
0, 61, 0
0, 50, 1
0, 55, 0
0, 49, 1
0, 39, 0
1, 154, 0
1, 666, 0
1, 619, 0
1, 342, 0
0, 3351, 1
1, 946, 0
0, 58, 0
1, 598, 0
1, 967, 1
1, 471, 0
0, 40, 0
1, 410, 0
1, 143, 0
1, 504, 0
0, 58, 0
1, 186, 0
0, 25, 0
1, 143, 0
0, 544, 0
1, 169, 0
1, 466, 0
1, 326, 0
1, 204, 0
1, 345, 0
1, 512, 0
1, 151, 0
1, 72, 0
1, 75, 0
1, 331, 0
0, 111, 0
1, 384, 0
1, 897, 0
1, 385, 0
1, 498, 0
1, 316, 0
0, 1, 0
0, 1, 0
0, 1, 0
0, 1, 0
0, 1, 0
0, 1, 1
0, 1, 0
0, 1, 0
0, 1, 0
0, 1, 0
0, 1, 1
0, 1, 0
0, 1, 0
0, 1, 0
0, 1, 0
0, 1, 0
0, 1, 0
0, 1, 0
0, 1, 0
0, 1, 0
0, 1, 0
0, 1, 0
0, 1, 0
0, 1, 0
0, 1, 0
0, 1, 0
0, 1, 0
0, 1, 0
0, 1, 0
0, 1, 0
0, 1, 0
0, 1, 1
0, 1, 0
0, 1, 0
0, 1, 0
0, 1, 0
0, 1, 1
0, 1, 0
0, 1, 0
0, 1, 1
0, 1, 0
0, 1, 0
0, 1, 0
0, 8, 0
0, 8, 0
0, 8, 0
0, 8, 0
0, 8, 0
0, 8, 0
0, 8, 0
1, 428, 1
0, 97, 0
0, 197, 0
0, 400, 0
1, 316, 0
1, 561, 0
1, 401, 0
1, 117, 0
0, 489, 0
1, 152, 0
1, 425, 0
1, 99, 0
1, 142, 0
1, 76, 0
1, 57, 0
0, 139, 0
1, 462, 0
1, 68, 0
1, 498, 0
1, 451, 0
1, 519, 0
0, 79, 0
0, 86, 0
0, 33, 0
0, 39, 0
0, 40, 0
0, 45, 0
1, 66, 0
1, 142, 0
1, 488, 0
1, 416, 0
0, 455, 0
1, 245, 0
0, 388, 0
1, 90, 1
1, 446, 0
1, 27, 0
0, 39, 1
0, 39, 0
0, 32, 1
1, 23, 0
0, 31, 0
0, 26, 0
0, 26, 0
1, 154, 0
0, 18, 0
0, 15, 0
0, 15, 0
0, 15, 0
0, 15, 0
0, 15, 0
0, 15, 0
0, 18, 0
0, 18, 0
0, 18, 0
0, 18, 0
1, 125, 0
1, 125, 0
1, 150, 0
1, 560, 0
1, 529, 0
1, 97, 0
1, 561, 0
1, 440, 0
1, 283, 0
1, 164, 0
1, 246, 0
1, 364, 0
0, 664, 0
1, 213, 0
1, 670, 0
1, 111, 0
1, 137, 0
1, 481, 0
1, 121, 0
1, 795, 0
0, 619, 0
1, 271, 0
1, 91, 0
1, 192, 0
1, 121, 0
1, 331, 0
1, 415, 1
1, 1199, 0
1, 92, 0
1, 552, 0
1, 541, 0
1, 548, 0
1, 1837, 0
0, 164, 0
1, 171, 0
1, 517, 0
1, 154, 0
1, 1263, 1
1, 317, 1
1, 111, 0
0, 5, 0
0, 5, 0
0, 5, 0
0, 5, 0
0, 5, 0
0, 5, 0
0, 5, 0
0, 5, 0
0, 5, 0
0, 5, 0
0, 5, 0
0, 5, 0
0, 5, 0
0, 5, 0
0, 5, 0
1, 2644, 0
1, 114, 0
1, 298, 0
1, 170, 0
0, 627, 0
1, 98, 0
1, 272, 0
1, 397, 0
1, 329, 0
0, 1014, 0
1, 85, 0
1, 181, 0
1, 75, 0
1, 783, 1
1, 116, 0
1, 333, 0
1, 381, 0
0, 60, 0
1, 396, 0
1, 204, 1
1, 1, 0
1, 118, 0
1, 136, 0
1, 457, 0
1, 100, 0
1, 397, 0
1, 109, 1
1, 412, 0
1, 194, 1
1, 567, 0
0, 224, 0
0, 197, 0
1, 114, 0
1, 819, 0
1, 139, 0
1, 255, 0
1, 257, 0
1, 185, 0
1, 159, 0
0, 1082, 1
1, 131, 0
1, 132, 0
1, 410, 0
0, 66, 0
0, 1082, 1
1, 517, 0
1, 396, 0
1, 138, 0
0, 84, 0
1, 202, 0
1, 328, 0
1, 418, 0
0, 81, 0
1, 456, 0
1, 320, 0
1, 308, 0
0, 94, 0
1, 203, 0
1, 1131, 0
1, 329, 0
0, 40, 0
1, 295, 0
0, 10, 0
0, 10, 0
0, 10, 0
0, 10, 0
0, 10, 0
0, 24, 0
0, 24, 0
0, 24, 0
0, 9, 0
0, 27, 0
0, 1, 0
1, 448, 0
1, 504, 1
1, 136, 0
1, 91, 0
0, 13, 0
1, 109, 0
1, 682, 0
0, 53, 0
0, 74, 0
1, 573, 0
0, 24, 0
1, 40, 0
1, 450, 0
1, 534, 0
1, 102, 0
1, 31, 1
1, 173, 0
1, 336, 0
1, 376, 0
0, 325, 0
1, 189, 0
1, 683, 0
1, 428, 0
1, 220, 0
0, 687, 0
1, 435, 0
0, 136, 0
1, 1223, 0
1, 162, 0
1, 560, 1
1, 432, 0
0, 117, 0
1, 1187, 0
1, 130, 0
1, 161, 0
1, 128, 0
1, 552, 0
1, 516, 0
1, 212, 0
0, 94, 0
1, 195, 0
1, 37, 1
1, 177, 0
1, 186, 0
0, 91, 0
1, 432, 0
1, 680, 0
1, 280, 0
1, 894, 0
1, 1175, 0
0, 71, 0
0, 74, 0
1, 272, 0
1, 470, 1
1, 75, 0
1, 1175, 0
1, 347, 0
1, 1, 0
0, 62, 0
1, 277, 0
1, 530, 0
0, 14, 0
0, 9, 0
0, 9, 0
0, 11, 0
0, 11, 0
0, 11, 0
0, 9, 0
1, 329, 0
1, 422, 1
1, 1038, 0
1, 345, 0
1, 72, 0
1, 271, 0
1, 377, 0
1, 158, 0
1, 147, 0
1, 165, 1
1, 119, 0
1, 128, 0
1, 372, 0
1, 321, 1
1, 238, 0
1, 441, 0
1, 521, 0
1, 117, 0
1, 434, 0
1, 77, 0
1, 404, 0
0, 64, 0
1, 751, 0
1, 551, 0
1, 258, 1
1, 683, 0
1, 163, 0
1, 205, 0
1, 202, 0
0, 502, 0
1, 373, 0
1, 548, 1
1, 1547, 1
1, 15, 0
1, 496, 0
0, 705, 0
1, 118, 0
1, 502, 0
1, 525, 0
1, 318, 0
1, 69, 0
0, 1538, 0
0, 478, 1
1, 127, 0
1, 341, 0
1, 523, 0
0, 192, 0
1, 374, 1
1, 437, 0
0, 57, 0
0, 22, 0
0, 22, 0
0, 21, 1
0, 17, 0
0, 17, 0
0, 17, 0
0, 16, 0
0, 23, 0
0, 26, 0
0, 22, 0
1, 198, 0
0, 70, 0
1, 102, 0
1, 461, 0
1, 1538, 0
1, 508, 0
1, 153, 0
1, 304, 0
1, 230, 1
1, 567, 1
1, 105, 0
0, 206, 0
0, 449, 0
1, 151, 0
1, 174, 1
1, 335, 0
1, 612, 1
1, 482, 0
1, 523, 0
1, 451, 0
1, 1788, 0
1, 436, 1
1, 367, 0
1, 277, 1
1, 213, 0
1, 251, 1
1, 161, 0
0, 86, 0
1, 152, 0
1, 130, 0
0, 20, 0
1, 332, 0
1, 458, 0
1, 138, 0
0, 28, 0
0, 28, 0
0, 70, 0
0, 67, 0
0, 56, 0
1, 76, 0
1, 510, 0
1, 605, 0
0, 77, 0
1, 95, 0
0, 1, 0
0, 1, 0
0, 1, 0
0, 1, 0
0, 1, 0
0, 1, 0
0, 1, 0
0, 97, 0
1, 131, 0
1, 67, 0
1, 806, 0
0, 38, 0
1, 482, 1
1, 169, 0
1, 424, 0
1, 548, 0
1, 282, 0
1, 129, 0
1, 381, 0
1, 233, 0
1, 566, 0
1, 436, 0
1, 661, 0
1, 119, 0
1, 114, 0
1, 446, 0
1, 171, 0
1, 195, 0
1, 376, 0
1, 676, 0
1, 137, 0
1, 398, 0
1, 504, 0
0, 308, 0
1, 775, 0
1, 166, 0
1, 505, 0
1, 185, 0
1, 108, 0
1, 822, 0
1, 98, 0
1, 146, 1
1, 219, 0
1, 286, 0
1, 82, 0
1, 497, 0
1, 490, 0
1, 335, 0
1, 191, 0
1, 190, 1
1, 558, 0
1, 359, 0
1, 1980, 0
1, 656, 0
1, 76, 0
1, 103, 0
1, 82, 0
1, 116, 0
1, 489, 0
1, 559, 0
1, 551, 0
1, 512, 0
0, 38, 0
0, 38, 0
0, 31, 0
0, 31, 0
0, 26, 0
0, 28, 0
0, 28, 0
1, 105, 0
1, 277, 1
0, 50, 0
1, 1637, 0
1, 260, 0
1, 183, 0
0, 6, 0
0, 6, 0
0, 6, 0
0, 6, 0
0, 6, 0
0, 6, 0
0, 6, 0
0, 6, 0
1, 310, 1
1, 510, 0
0, 31, 0
0, 31, 0
0, 31, 0
0, 31, 0
0, 31, 0
1, 403, 0
1, 69, 0
0, 252, 0
1, 456, 0
1, 310, 0
1, 156, 0
0, 1, 0
1, 174, 0
1, 170, 0
0, 72, 0
1, 101, 0
1, 379, 0
1, 430, 0
0, 35, 0
0, 39, 0
0, 33, 0
0, 33, 0
0, 26, 0
0, 50, 0
0, 50, 0
0, 16, 0
0, 16, 0
0, 16, 1
0, 12, 0
0, 12, 1
0, 12, 0
0, 12, 0
0, 13, 0
1, 412, 0
1, 173, 0
1, 250, 0
0, 22, 0
0, 22, 0
0, 22, 0
1, 209, 0
1, 104, 0
1, 606, 0
1, 105, 0
1, 145, 0
1, 499, 0
1, 276, 0
1, 25, 0
1, 1139, 1
1, 145, 1
1, 541, 0
1, 159, 0
0, 538, 0
1, 597, 0
1, 369, 0
1, 521, 0
1, 153, 0
0, 349, 0
1, 102, 0
1, 507, 0
1, 233, 0
1, 354, 0
0, 7, 0
0, 7, 0
0, 7, 0
0, 7, 0
0, 7, 0
1, 104, 0
1, 410, 0
1, 98, 0
1, 158, 0
0, 22, 0
0, 24, 0
1, 178, 0
0, 228, 0
1, 530, 1
0, 183, 0
1, 495, 0
1, 444, 1
1, 176, 0
0, 11, 0
0, 11, 0
0, 11, 0
0, 11, 0
0, 11, 0
0, 11, 0
0, 11, 0
0, 11, 0
0, 11, 0
0, 11, 0
0, 11, 1
0, 11, 0
0, 11, 0
0, 11, 0
0, 11, 0
0, 11, 0
0, 11, 0
0, 9, 0
0, 9, 0
0, 9, 0
0, 9, 0
0, 9, 0
0, 9, 0
0, 9, 0
0, 9, 0
1, 117, 0
1, 210, 0
1, 448, 0
1, 422, 0
1, 454, 0
1, 148, 0
1, 503, 0
1, 101, 0
0, 39, 0
0, 39, 0
1, 517, 0
1, 350, 0
1, 648, 0
1, 358, 0
0, 359, 0
1, 627, 0
1, 103, 0
1, 146, 0
1, 145, 0
1, 359, 0
1, 122, 1
1, 71, 0
0, 415, 1
1, 127, 1
1, 457, 0
1, 565, 0
1, 502, 0
1, 147, 0
0, 314, 0
0, 94, 0
1, 407, 0
1, 359, 0
1, 395, 0
1, 542, 0
1, 114, 0
1, 285, 1
1, 545, 0
1, 385, 0
1, 447, 0
1, 279, 0
1, 110, 0
1, 271, 0
1, 506, 0
1, 138, 0
1, 217, 0
1, 165, 0
1, 131, 0
1, 173, 0
1, 444, 0
1, 340, 0
1, 165, 0
1, 556, 0
0, 47, 0
0, 53, 0
1, 358, 0
1, 111, 0
0, 99, 0
1, 358, 0
1, 531, 0
1, 412, 0
1, 1145, 0
1, 429, 0
1, 477, 0
1, 596, 0
0, 250, 0
1, 178, 0
0, 131, 0
1, 337, 0
0, 239, 0
1, 735, 0
1, 494, 0
1, 112, 0
1, 356, 0
1, 406, 0
1, 144, 0
1, 68, 0
1, 197, 0
0, 346, 0
1, 328, 0
1, 810, 0
1, 438, 0
1, 575, 1
1, 105, 0
1, 514, 0
1, 515, 1
1, 480, 0
1, 476, 0
1, 445, 0
1, 148, 0
1, 161, 0
1, 230, 0
1, 177, 0
1, 495, 0
1, 115, 0
0, 94, 0
0, 94, 0
1, 492, 0
1, 394, 0
1, 189, 0
1, 484, 0
1, 371, 0
1, 219, 0
1, 244, 0
1, 1180, 0
1, 588, 0
0, 57, 0
1, 491, 0
1, 119, 0
1, 281, 1
1, 116, 0
1, 336, 0
1, 347, 0
1, 236, 0
1, 203, 0
1, 692, 0
1, 487, 0
1, 509, 1
1, 381, 0
1, 1802, 0
1, 393, 0
1, 397, 0
1, 66, 0
1, 627, 0
1, 253, 0
1, 452, 0
0, 56, 1
1, 396, 0
1, 321, 0
0, 608, 1
1, 161, 0
0, 231, 0
1, 420, 0
1, 215, 0
1, 503, 0
1, 537, 0
1, 672, 0
1, 177, 1
1, 130, 0
1, 458, 0
1, 109, 0
1, 507, 0
1, 409, 0
1, 511, 0
0, 33, 0
0, 35, 0
0, 35, 0
0, 34, 0
1, 595, 0
1, 84, 0
0, 1, 0
0, 68, 0
0, 1, 1
0, 284, 0
0, 16, 0
0, 16, 0
0, 23, 0
0, 23, 0
0, 23, 0
1, 99, 0
1, 316, 0
1, 225, 0
0, 73, 0
1, 366, 0
1, 80, 0
1, 130, 0
1, 395, 0
0, 1115, 0
1, 118, 0
1, 220, 0
1, 86, 1
1, 3498, 0
1, 204, 0
1, 1053, 0
1, 402, 0
0, 435, 0
1, 425, 0
1, 2513, 0
1, 193, 0
1, 144, 0
1, 80, 0
0, 732, 0
1, 297, 0
0, 1, 0
1, 167, 0
1, 226, 0
0, 28, 0
0, 35, 0
0, 35, 0
1, 500, 0
0, 50, 0
1, 210, 0
1, 462, 0
1, 189, 0
1, 144, 1
1, 147, 0
1, 103, 0
1, 314, 0
1, 328, 0
1, 124, 0
1, 392, 0
1, 476, 0
1, 377, 0
1, 1067, 0
1, 260, 0
1, 419, 1
1, 113, 0
1, 415, 0
1, 200, 0
1, 123, 0
0, 1939, 1
1, 477, 0
1, 187, 0
1, 179, 0
1, 110, 0
1, 274, 0
1, 126, 0
1, 163, 0
1, 228, 0
1, 155, 0
1, 77, 0
1, 418, 0
1, 163, 0
1, 342, 1
1, 152, 1
0, 1, 1
0, 482, 0
1, 593, 0
1, 409, 0
1, 375, 0
1, 132, 0
1, 179, 0
1, 526, 1
1, 517, 0
1, 364, 0
1, 486, 0
1, 466, 0
1, 507, 0
1, 169, 0
1, 428, 0
0, 62, 0
1, 556, 0
0, 265, 0
1, 447, 0
1, 152, 0
1, 496, 0
1, 367, 0
1, 1657, 1
0, 129, 0
1, 363, 0
1, 97, 0
0, 21, 0
0, 20, 0
0, 21, 0
1, 1076, 0
1, 342, 0
1, 120, 0
1, 185, 0
1, 159, 0
1, 40, 0
1, 116, 0
1, 444, 0
1, 550, 0
1, 527, 0
1, 182, 0
1, 211, 0
1, 298, 0
1, 450, 0
1, 518, 0
1, 413, 0
0, 1720, 0
0, 90, 0
1, 385, 0
1, 451, 0
1, 114, 0
1, 163, 0
1, 90, 0
1, 520, 0
1, 484, 0
1, 104, 0
1, 274, 0
1, 406, 0
1, 248, 0
1, 354, 0
1, 558, 0
1, 398, 0
1, 141, 1
1, 222, 0
1, 312, 0
0, 19, 0
0, 46, 0
0, 367, 0
1, 220, 0
1, 82, 0
1, 259, 0
0, 298, 0
0, 291, 0
1, 112, 0
1, 773, 0
0, 280, 0
1, 455, 0
1, 317, 0
1, 344, 0
1, 306, 0
0, 19, 0
0, 16, 0
0, 16, 0
0, 16, 0
0, 16, 0
0, 582, 1
1, 124, 0
1, 354, 1
0, 37, 0
0, 37, 0
1, 137, 0
0, 50, 0
1, 375, 0
0, 45, 0
0, 47, 0
1, 107, 1
1, 128, 0
1, 189, 1
0, 179, 0
1, 293, 0
1, 543, 0
1, 430, 0
1, 127, 0
1, 350, 0
1, 287, 0
1, 339, 1
0, 126, 0
1, 445, 0
0, 438, 0
0, 61, 0
1, 1604, 0
0, 25, 0
0, 25, 0
0, 25, 0
0, 25, 0
1, 566, 0
1, 440, 0
1, 109, 0
1, 292, 1
1, 550, 1
1, 118, 0
0, 83, 0
1, 466, 0
1, 195, 0
1, 507, 0
1, 126, 0
1, 121, 1
0, 98, 0
1, 64, 1
1, 383, 0
0, 215, 0
1, 380, 0
1, 150, 0
1, 353, 0
1, 131, 0
1, 212, 0
1, 294, 0
1, 490, 0
0, 61, 0
1, 531, 0
1, 415, 0
1, 448, 0
1, 550, 0
0, 38, 0
0, 38, 0
0, 33, 0
0, 33, 0
0, 33, 0
0, 34, 1
1, 397, 0
1, 365, 0
1, 28, 0
1, 193, 0
1, 168, 0
1, 589, 0
1, 564, 1
1, 99, 0
1, 265, 0
1, 217, 0
1, 852, 0
1, 190, 0
0, 87, 0
1, 28, 1
1, 106, 0
1, 231, 0
0, 33, 0
0, 34, 0
0, 35, 0
0, 34, 0
1, 258, 0
1, 493, 0
1, 2549, 0
1, 173, 0
1, 1218, 0
0, 76, 0
1, 406, 0
0, 7, 1
0, 7, 0
0, 7, 0
0, 7, 0
0, 7, 0
0, 7, 1
0, 7, 0
0, 7, 0
0, 7, 0
0, 7, 0
0, 7, 0
0, 7, 0
0, 7, 0
0, 7, 0
0, 45, 0
1, 189, 0
1, 99, 0
1, 261, 0
0, 34, 0
0, 34, 0
1, 439, 0
1, 64, 0
0, 414, 0
1, 2018, 0
1, 537, 0
1, 662, 0
1, 136, 1
1, 126, 0
1, 466, 0
1, 603, 0
0, 153, 0
1, 263, 0
1, 581, 0
1, 561, 0
1, 578, 0
0, 11, 0
0, 11, 0
1, 200, 0
0, 179, 0
0, 1, 0
0, 47, 0
1, 324, 0
1, 405, 0
0, 89, 0
1, 102, 0
1, 158, 0
1, 160, 0
1, 138, 0
1, 441, 0
0, 36, 0
0, 43, 0
0, 43, 1
1, 369, 0
1, 429, 0
1, 127, 0
1, 49, 0
1, 109, 0
1, 104, 0
1, 155, 1
1, 455, 0
1, 106, 0
1, 495, 0
1, 188, 0
1, 378, 0
1, 162, 0
1, 164, 0
1, 348, 1
1, 181, 0
1, 107, 0
1, 116, 0
1, 135, 0
1, 693, 0
1, 757, 0
1, 201, 0
1, 165, 0
0, 388, 0
1, 81, 0
1, 89, 1
1, 178, 0
1, 127, 0
1, 384, 0
1, 539, 0
1, 119, 1
1, 231, 0
0, 366, 0
1, 564, 0
1, 615, 0
1, 87, 0
1, 103, 0
1, 116, 0
1, 288, 1
1, 507, 0
1, 285, 0
1, 401, 0
1, 105, 0
1, 183, 0
1, 199, 0
1, 394, 0
1, 167, 0
1, 571, 1
1, 495, 0
1, 138, 0
0, 740, 0
0, 94, 0
1, 321, 0
0, 36, 0
1, 681, 0
1, 230, 0
1, 150, 0
1, 465, 1
1, 284, 0
1, 119, 0
1, 158, 0
0, 9, 0
0, 11, 0
0, 10, 1
0, 10, 0
0, 9, 0
0, 9, 0
0, 9, 0
0, 47, 0
1, 177, 0
0, 46, 0
0, 28, 0
0, 28, 0
0, 35, 0
1, 498, 0
1, 174, 0
1, 157, 0
1, 116, 0
1, 529, 0
0, 148, 0
1, 487, 0
1, 65, 0
0, 179, 0
1, 329, 0
1, 197, 0
1, 502, 0
1, 145, 0
1, 298, 0
1, 104, 0
1, 450, 1
1, 355, 0
1, 110, 0
1, 96, 0
1, 318, 0
1, 292, 0
1, 434, 0
1, 1715, 0
1, 576, 0
1, 188, 0
1, 212, 0
1, 372, 0
1, 465, 0
1, 389, 0
1, 434, 0
1, 330, 0
1, 294, 0
1, 533, 0
1, 313, 0
1, 107, 0
1, 134, 0
1, 264, 0
1, 502, 0
1, 211, 0
1, 629, 0
1, 144, 1
0, 206, 0
0, 64, 0
0, 64, 0
1, 1555, 1
1, 110, 0
1, 88, 0
1, 435, 0
1, 513, 0
1, 354, 0
1, 575, 0
1, 338, 0
1, 397, 0
1, 257, 0
1, 101, 0
1, 633, 1
1, 115, 0
1, 505, 0
1, 86, 0
1, 119, 1
1, 368, 0
0, 27, 0
0, 27, 0
0, 27, 0
0, 24, 0
0, 24, 0
0, 24, 0
1, 420, 0
1, 74, 0
1, 411, 1
1, 907, 0
1, 383, 0
1, 222, 0
1, 232, 0
1, 190, 0
1, 214, 0
1, 150, 0
0, 230, 0
0, 225, 0
1, 356, 0
0, 586, 0
1, 377, 0
1, 348, 1
1, 165, 0
1, 750, 0
1, 440, 1
1, 265, 0
0, 26, 0
1, 538, 0
1, 468, 0
0, 38, 0
0, 38, 0
1, 98, 0
1, 558, 0
1, 425, 1
1, 465, 0
0, 9, 0
0, 9, 0
0, 9, 0
0, 9, 0
1, 356, 0
0, 20, 1
0, 21, 0
0, 27, 0
0, 29, 0
0, 27, 0
0, 35, 0
1, 642, 0
1, 392, 0
1, 2111, 0
1, 427, 0
1, 258, 0
0, 12, 0
0, 12, 0
0, 12, 1
0, 16, 0
1, 345, 0
1, 524, 1
1, 398, 1
1, 492, 0
1, 283, 0
1, 424, 0
1, 504, 0
0, 5, 0
0, 5, 0
0, 5, 0
0, 5, 0
0, 5, 0
0, 5, 0
0, 5, 1
0, 5, 0
0, 5, 0
0, 5, 1
0, 5, 0
0, 5, 1
0, 5, 0
0, 5, 0
0, 5, 0
0, 5, 0
0, 3, 0
1, 107, 0
1, 170, 0
1, 239, 0
0, 360, 0
1, 167, 0
1, 223, 0
1, 305, 0
1, 141, 0
1, 248, 0
0, 177, 0
1, 477, 0
1, 546, 0
1, 431, 0
0, 61, 0
1, 489, 0
1, 166, 0
1, 102, 0
1, 50, 0
0, 1, 0
0, 1, 0
0, 1, 0
0, 1, 0
0, 1, 0
0, 1, 0
0, 1, 0
0, 1, 0
0, 1, 0
0, 1, 0
0, 1, 1
0, 1, 0
0, 1, 1
0, 1, 0
0, 1, 0
0, 1, 0
1, 360, 0
1, 117, 1
1, 118, 0
1, 474, 0
1, 465, 0
0, 58, 0
1, 444, 0
1, 460, 0
1, 559, 0
1, 347, 0
1, 92, 0
1, 170, 0
1, 290, 0
0, 31, 0
0, 31, 0
0, 31, 0
1, 568, 0
1, 151, 0
1, 563, 0
1, 307, 0
1, 236, 0
1, 137, 0
1, 116, 0
0, 15, 0
0, 15, 0
0, 14, 0
0, 14, 1
0, 15, 1
0, 10, 0
0, 12, 0
0, 13, 0
0, 13, 0
0, 13, 0
0, 13, 0
1, 143, 0
1, 288, 0
0, 3916, 0
1, 30, 0
1, 224, 0
0, 42, 0
0, 38, 0
0, 38, 0
0, 38, 0
1, 531, 1
1, 338, 0
1, 161, 0
0, 1032, 0
1, 283, 0
1, 205, 0
1, 216, 0
1, 253, 0
0, 1, 0
0, 1, 0
0, 1, 0
0, 1, 0
0, 1, 0
0, 1, 0
0, 1, 0
0, 1, 0
0, 1, 0
0, 1, 0
0, 1, 0
0, 1, 1
0, 1, 0
0, 1, 0
0, 1, 0
0, 1, 0
0, 1, 0
0, 1, 0
0, 1, 0
0, 1, 0
0, 1, 0
0, 1, 0
0, 1, 0
0, 1, 0
0, 1, 0
0, 1, 0
0, 1, 0
0, 1, 0
0, 1, 0
0, 1, 0
0, 1, 0
0, 1, 0
0, 1, 0
0, 1, 0
0, 1, 0
0, 1, 0
0, 1, 0
1, 85, 0
1, 372, 0
1, 240, 0
1, 144, 0
1, 224, 0
1, 398, 0
1, 481, 0
1, 557, 0
0, 139, 0
1, 287, 0
1, 224, 0
1, 131, 0
0, 166, 1
1, 213, 0
1, 214, 0
1, 538, 0
1, 125, 0
1, 194, 0
0, 201, 0
1, 106, 0
1, 458, 0
0, 63, 0
1, 502, 0
1, 163, 0
1, 346, 0
1, 63, 0
0, 504, 0
1, 662, 0
0, 89, 0
1, 107, 0
1, 337, 0
0, 99, 0
0, 472, 0
1, 178, 0
0, 283, 0
0, 143, 0
0, 164, 0
1, 451, 0
1, 252, 0
1, 132, 0
1, 145, 0
1, 143, 1
1, 366, 0
1, 135, 0
1, 307, 0
1, 1029, 0
1, 536, 0
1, 351, 0
1, 401, 1
1, 446, 0
0, 207, 1
1, 89, 0
1, 107, 0
1, 201, 0
1, 572, 0
1, 190, 0
1, 167, 0
1, 837, 0
1, 310, 0
1, 504, 0
1, 504, 0
1, 335, 0
1, 169, 0
1, 1081, 0
0, 187, 0
1, 254, 0
1, 315, 0
1, 241, 0
1, 242, 0
1, 415, 0
1, 154, 0
0, 36, 0
1, 14, 0
1, 322, 0
1, 406, 0
0, 50, 0
1, 344, 0
1, 403, 0
0, 94, 0
1, 328, 0
1, 282, 0
1, 531, 0
0, 73, 1
1, 568, 0
1, 344, 0
1, 117, 0
0, 697, 0
1, 516, 0
1, 660, 1
0, 232, 0
0, 64, 0
1, 346, 0
1, 137, 0
0, 657, 0
1, 507, 0
1, 381, 0
1, 75, 0
1, 958, 0
1, 225, 0
1, 134, 0
1, 123, 0
1, 148, 0
0, 470, 1
1, 327, 0
1, 704, 0
1, 471, 0
1, 151, 0
1, 314, 0
1, 142, 0
1, 351, 0
1, 577, 1
0, 94, 0
1, 534, 0
1, 884, 0
0, 570, 0
1, 543, 0
0, 197, 0
1, 425, 0
1, 354, 0
1, 409, 0
1, 72, 0
1, 440, 0
1, 417, 1
1, 165, 0
1, 972, 0
0, 187, 0
0, 459, 0
0, 736, 0
1, 361, 0
1, 547, 0
1, 521, 0
1, 302, 0
1, 203, 0
1, 541, 0
1, 440, 0
1, 145, 0
1, 200, 0
1, 754, 0
1, 239, 1
1, 454, 0
1, 373, 0
1, 302, 0
1, 224, 0
1, 1325, 1
1, 337, 0
1, 1209, 0
1, 185, 0
1, 162, 0
1, 104, 0
1, 151, 0
1, 571, 1
1, 396, 0
1, 545, 0
1, 344, 0
1, 87, 0
1, 205, 0
0, 258, 0
1, 568, 0
1, 452, 0
1, 455, 0
1, 396, 0
1, 65, 0
1, 552, 0
1, 181, 0
1, 153, 1
1, 133, 0
1, 498, 0
0, 1, 0
1, 103, 0
0, 1, 0
1, 91, 0
1, 142, 0
1, 490, 0
1, 152, 0
1, 349, 1
0, 1264, 0
1, 512, 0
1, 463, 1
1, 129, 0
1, 345, 0
1, 409, 0
1, 24, 0
1, 237, 0
1, 828, 1
1, 1325, 1
1, 147, 0
0, 261, 0
1, 465, 1
1, 1566, 0
1, 495, 1
1, 264, 0
0, 346, 0
1, 668, 0
1, 499, 0
1, 523, 1
1, 365, 0
1, 438, 0
1, 110, 0
1, 363, 0
1, 181, 0
1, 472, 0
1, 458, 0
1, 262, 0
1, 79, 0
1, 466, 0
1, 504, 0
1, 69, 0
1, 464, 0
1, 124, 0
0, 244, 0
1, 360, 0
1, 386, 0
1, 69, 0
1, 554, 0
1, 154, 0
0, 643, 0
1, 570, 0
1, 143, 0
1, 490, 0
1, 394, 0
1, 398, 0
1, 177, 0
1, 1, 0
0, 697, 0
1, 534, 0
0, 124, 0
1, 200, 0
1, 179, 0
1, 538, 0
1, 273, 0
0, 29, 0
1, 295, 0
1, 459, 0
0, 579, 0
1, 435, 0
1, 209, 0
1, 243, 0
1, 259, 0
0, 504, 0
1, 118, 0
1, 68, 0
1, 519, 0
1, 130, 0
0, 46, 0
0, 61, 0
0, 32, 0
1, 1, 0
0, 32, 0
0, 33, 0
1, 248, 0
1, 92, 0
1, 173, 0
1, 130, 0
1, 535, 0
1, 368, 0
1, 150, 0
1, 455, 0
1, 687, 0
1, 269, 0
1, 561, 0
0, 111, 0
0, 376, 0
1, 13, 0
1, 185, 0
1, 150, 0
1, 240, 0
1, 396, 0
1, 363, 0
1, 503, 0
1, 474, 0
1, 436, 0
1, 787, 0
1, 204, 0
1, 82, 0
1, 475, 0
1, 397, 0
1, 211, 0
1, 124, 0
1, 596, 0
1, 368, 0
1, 29, 0
1, 96, 0
1, 111, 0
0, 326, 0
1, 78, 0
1, 268, 0
1, 149, 0
1, 111, 0
1, 132, 1
1, 156, 0
1, 414, 0
1, 510, 0
1, 170, 0
1, 191, 0
1, 208, 0
1, 515, 0
1, 260, 0
1, 131, 0
1, 294, 0
1, 277, 0
0, 377, 0
1, 945, 0
1, 73, 0
1, 288, 0
1, 309, 0
1, 339, 0
0, 52, 0
1, 247, 0
1, 183, 0
0, 454, 0
1, 364, 1
1, 374, 0
1, 684, 0
1, 605, 0
0, 21, 0
0, 21, 0
0, 21, 0
1, 339, 0
0, 25, 0
1, 107, 0
1, 315, 0
1, 158, 0
1, 369, 0
1, 554, 0
0, 94, 0
1, 556, 0
1, 1848, 0
1, 90, 0
1, 111, 0
0, 447, 1
0, 283, 0
0, 94, 0
1, 441, 0
0, 419, 0
1, 328, 0
1, 528, 0
1, 119, 0
1, 691, 0
1, 471, 0
1, 1, 0
0, 226, 0
1, 377, 0
1, 64, 0
1, 238, 1
1, 79, 0
1, 633, 0
1, 38, 0
1, 1667, 0
1, 286, 0
1, 522, 0
1, 459, 0
1, 589, 0
0, 240, 0
1, 1148, 1
0, 1, 1
0, 1, 0
0, 1, 0
0, 1, 0
0, 1, 1
0, 1, 0
0, 1, 0
0, 1, 1
0, 1, 0
0, 1, 0
0, 1, 0
1, 501, 0
1, 279, 0
1, 405, 0
1, 411, 0
1, 273, 0
1, 448, 0
0, 153, 0
1, 462, 0
1, 147, 0
1, 298, 0
1, 555, 0
1, 419, 0
1, 1286, 1
1, 12, 0
1, 572, 1
1, 154, 1
1, 459, 0
1, 527, 0
1, 153, 0
0, 896, 1
1, 162, 0
0, 262, 0
1, 138, 0
1, 171, 0
1, 176, 0
1, 963, 0
0, 316, 0
0, 55, 0
1, 84, 0
1, 525, 0
1, 300, 1
1, 153, 0
0, 508, 0
1, 555, 0
1, 530, 0
1, 916, 0
1, 635, 0
1, 205, 0
1, 1468, 0
1, 367, 1
1, 564, 0
1, 180, 0
1, 220, 1
1, 414, 0
1, 251, 0
1, 236, 1
0, 63, 0
1, 456, 0
0, 52, 0
0, 35, 0
0, 31, 0
0, 29, 0
0, 29, 0
1, 199, 0
1, 104, 0
1, 578, 0
1, 586, 0
1, 766, 0
1, 373, 1
1, 123, 0
0, 10, 0
0, 10, 0
1, 246, 0
1, 53, 0
0, 486, 0
1, 250, 0
1, 166, 0
1, 370, 0
1, 427, 0
1, 109, 0
1, 85, 0
1, 526, 0
1, 225, 0
1, 236, 0
1, 628, 0
1, 348, 1
1, 164, 1
1, 38, 0
1, 409, 0
0, 396, 0
0, 1341, 1
1, 385, 0
1, 122, 0
1, 714, 0
1, 292, 0
1, 559, 0
1, 257, 0
1, 450, 0
1, 194, 0
1, 344, 0
1, 513, 0
1, 145, 0
1, 67, 0
1, 631, 0
1, 510, 0
1, 362, 0
1, 226, 0
1, 166, 0
1, 614, 0
0, 381, 0
1, 523, 0
1, 176, 0
0, 1, 0
0, 49, 0
1, 94, 0
1, 280, 0
0, 1, 0
0, 1, 0
0, 1, 0
0, 1, 0
0, 362, 0
1, 371, 1
1, 149, 1
1, 182, 0
1, 123, 0
1, 92, 0
0, 168, 0
1, 67, 0
1, 378, 0
1, 446, 0
0, 564, 0
1, 392, 0
1, 640, 0
1, 205, 0
0, 1934, 1
1, 663, 0
1, 299, 0
1, 194, 0
1, 70, 0
1, 127, 0
1, 442, 0
1, 136, 0
1, 207, 0
1, 1185, 0
1, 688, 0
1, 106, 0
1, 290, 0
1, 149, 0
1, 1482, 0
1, 149, 0
0, 499, 0
1, 151, 1
1, 530, 0
0, 196, 0
1, 460, 0
1, 122, 0
0, 279, 0
1, 131, 0
1, 239, 0
1, 195, 0
0, 186, 0
1, 536, 0
1, 570, 0
0, 390, 0
0, 517, 1
1, 492, 0
1, 506, 0
1, 2288, 0
1, 226, 0
1, 479, 0
0, 417, 0
1, 99, 0
1, 93, 0
1, 27, 0
1, 334, 0
1, 250, 0
1, 362, 0
1, 88, 0
1, 312, 0
1, 104, 0
1, 734, 0
1, 491, 0
1, 137, 0
1, 117, 0
1, 338, 1
0, 1, 0
0, 1, 0
0, 1, 0
0, 1, 0
0, 1, 0
0, 1, 0
0, 1, 0
0, 1, 0
0, 1, 0
1, 316, 0
1, 326, 0
1, 534, 0
1, 543, 0
1, 215, 0
1, 155, 0
0, 233, 0
1, 113, 0
1, 338, 0
1, 208, 0
0, 74, 0
1, 303, 0
1, 538, 0
1, 512, 0
1, 477, 0
1, 482, 0
1, 195, 1
1, 354, 0
1, 182, 0
1, 294, 0
1, 1607, 0
1, 102, 0
1, 118, 0
1, 93, 0
1, 595, 0
1, 203, 0
0, 295, 0
1, 138, 0
1, 332, 0
0, 94, 0
1, 393, 0
1, 475, 1
1, 417, 0
1, 534, 0
1, 165, 1
1, 137, 0
1, 398, 0
1, 376, 0
1, 69, 0
1, 169, 0
1, 488, 0
1, 102, 0
1, 72, 0
1, 1137, 0
0, 292, 0
1, 243, 0
0, 58, 0
0, 65, 0
1, 102, 0
1, 498, 0
1, 231, 0
1, 429, 1
1, 557, 0
1, 314, 0
1, 218, 0
1, 432, 0
1, 119, 0
1, 191, 0
0, 101, 0
0, 159, 0
0, 556, 0
1, 144, 1
1, 145, 0
1, 105, 0
1, 321, 0
1, 925, 0
0, 215, 1
1, 353, 1
1, 224, 0
1, 515, 0
1, 393, 0
1, 171, 0
1, 1373, 0
1, 626, 0
0, 741, 1
0, 195, 0
1, 99, 0
1, 215, 1
1, 484, 0
0, 94, 0
0, 364, 0
1, 561, 0
1, 259, 1
1, 483, 0
1, 195, 0
1, 221, 0
1, 360, 1
1, 143, 0
1, 209, 0
1, 609, 0
1, 191, 0
1, 251, 0
1, 472, 0
1, 552, 0
1, 117, 0
1, 193, 0
1, 120, 0
0, 37, 0
0, 169, 0
0, 27, 0
1, 2, 0
1, 102, 0
0, 52, 0
1, 102, 0
1, 192, 0
1, 194, 0
1, 120, 0
1, 206, 0
1, 152, 0
0, 172, 0
1, 358, 0
1, 180, 0
1, 215, 0
1, 423, 1
1, 127, 0
1, 119, 0
1, 462, 0
1, 160, 0
1, 112, 0
1, 107, 0
1, 143, 0
1, 1793, 0
1, 340, 0
1, 71, 0
1, 301, 0
1, 356, 0
1, 528, 0
1, 503, 1
0, 599, 0
0, 1, 0
0, 176, 0
1, 125, 0
1, 133, 1
1, 184, 0
1, 237, 0
1, 178, 0
1, 633, 0
1, 148, 0
1, 280, 0
1, 475, 0
1, 112, 0
0, 291, 0
1, 188, 0
0, 49, 0
0, 42, 0
1, 82, 0
1, 217, 0
1, 150, 0
1, 2168, 0
1, 193, 0
1, 570, 0
1, 478, 0
1, 1, 0
1, 633, 0
1, 503, 0
1, 181, 0
1, 69, 0
1, 209, 0
1, 136, 0
1, 458, 0
1, 2769, 0
1, 44, 0
1, 166, 0
1, 449, 0
1, 534, 0
1, 389, 0
0, 25, 0
0, 46, 0
0, 26, 0
0, 60, 1
1, 137, 0
1, 208, 0
1, 1398, 0
1, 444, 0
1, 125, 0
1, 86, 0
1, 599, 0
1, 441, 0
1, 117, 0
0, 94, 0
1, 224, 0
1, 244, 0
1, 575, 0
1, 295, 0
1, 528, 1
1, 226, 1
1, 513, 0
0, 270, 0
1, 585, 1
1, 132, 0
1, 235, 0
1, 158, 0
0, 159, 0
1, 765, 0
0, 613, 0
0, 1, 0
0, 1, 0
0, 1, 0
0, 1, 0
0, 1, 0
0, 1, 0
0, 1, 0
0, 1, 0
0, 1, 0
0, 1, 0
0, 1, 0
1, 524, 0
1, 359, 0
1, 454, 0
1, 575, 0
1, 133, 0
1, 80, 0
1, 387, 0
1, 502, 0
1, 425, 0
1, 527, 0
0, 191, 0
1, 536, 0
1, 185, 0
1, 141, 0
1, 104, 0
1, 296, 0
1, 416, 0
1, 514, 0
1, 115, 0
0, 134, 0
1, 595, 0
0, 46, 0
0, 84, 0
1, 100, 1
1, 518, 0
1, 507, 0
1, 426, 0
1, 95, 0
1, 34, 1
1, 447, 1
1, 203, 0
1, 513, 0
1, 517, 0
1, 69, 0
1, 140, 0
0, 366, 0
1, 298, 0
1, 496, 0
1, 323, 0
0, 524, 0
1, 1157, 0
1, 218, 0
1, 214, 0
1, 495, 0
1, 326, 0
1, 240, 0
1, 120, 1
1, 366, 0
1, 1910, 0
1, 152, 0
1, 549, 0
1, 220, 0
1, 143, 0
1, 147, 0
1, 429, 0
0, 828, 0
0, 208, 0
1, 121, 0
1, 442, 0
1, 163, 0
1, 169, 0
1, 511, 0
0, 367, 0
1, 600, 0
1, 530, 0
1, 520, 0
1, 1035, 0
1, 155, 0
1, 213, 0
1, 58, 0
1, 249, 0
1, 154, 0
1, 527, 1
1, 538, 0
1, 64, 0
1, 183, 0
1, 30, 0
1, 150, 0
1, 205, 0
1, 244, 0
1, 294, 0
1, 115, 0
0, 175, 0
1, 318, 0
1, 734, 0
1, 243, 0
1, 108, 0
1, 420, 0
1, 421, 0
1, 78, 0
1, 566, 0
1, 894, 0
1, 415, 0
1, 110, 0
1, 119, 0
1, 580, 0
1, 453, 0
1, 1191, 1
1, 127, 0
1, 447, 0
1, 85, 0
1, 245, 0
1, 707, 0
1, 429, 0
1, 390, 0
1, 194, 0
0, 140, 0
1, 152, 0
1, 1096, 0
1, 155, 0
1, 162, 0
1, 497, 0
1, 127, 0
1, 13, 0
0, 56, 0
0, 41, 0
1, 669, 0
1, 131, 0
1, 370, 0
1, 118, 0
1, 1046, 0
1, 95, 0
1, 582, 0
1, 353, 0
1, 460, 0
1, 479, 0
1, 151, 1
1, 347, 0
0, 24, 0
1, 400, 0
1, 385, 0
1, 787, 0
1, 238, 0
1, 1228, 0
1, 528, 0
1, 324, 0
0, 25, 0
1, 137, 0
0, 2728, 1
1, 192, 0
1, 338, 0
1, 424, 0
1, 143, 0
1, 428, 0
1, 385, 0
1, 461, 0
1, 101, 0
1, 238, 1
1, 151, 1
1, 364, 0
1, 391, 0
1, 491, 0
1, 438, 0
1, 412, 0
1, 440, 0
1, 447, 0
1, 121, 0
0, 592, 0
0, 440, 0
1, 461, 0
1, 438, 0
1, 372, 0
1, 357, 0
1, 683, 0
1, 105, 0
1, 180, 0
1, 122, 0
1, 562, 0
1, 570, 0
1, 501, 0
1, 155, 0
1, 502, 0
1, 101, 0
1, 879, 0
0, 446, 0
0, 76, 0
1, 505, 0
1, 412, 0
0, 47, 0
0, 31, 0
1, 410, 0
0, 24, 0
0, 25, 0
0, 25, 0
0, 20, 0
0, 20, 0
0, 20, 0
0, 20, 1
1, 393, 0
1, 202, 0
1, 72, 0
0, 18, 0
1, 511, 1
0, 37, 0
0, 35, 0
1, 519, 0
1, 506, 0
1, 549, 1
1, 99, 0
1, 604, 0
0, 1068, 1
1, 441, 1
1, 615, 1
1, 122, 1
1, 26, 0
1, 157, 0
1, 177, 0
1, 159, 0
1, 339, 0
1, 431, 0
1, 203, 0
1, 356, 0
1, 166, 0
0, 221, 0
1, 449, 0
1, 697, 0
0, 226, 0
1, 433, 0
1, 197, 0
1, 534, 0
1, 81, 1
1, 735, 0
1, 84, 0
1, 504, 0
1, 416, 0
1, 209, 0
1, 1012, 0
1, 200, 0
1, 533, 0
1, 408, 0
1, 122, 0
1, 199, 0
1, 1, 0
1, 245, 0
1, 95, 0
1, 875, 0
1, 358, 0
1, 294, 0
1, 316, 0
1, 95, 0
1, 340, 0
1, 35, 0
1, 261, 0
1, 301, 0
1, 394, 0
1, 416, 0
1, 488, 0
1, 149, 0
1, 374, 0
0, 94, 0
1, 138, 0
1, 166, 0
1, 707, 0
1, 367, 0
1, 286, 0
1, 529, 0
1, 296, 0
1, 435, 0
1, 54, 0
0, 483, 0
1, 203, 0
1, 338, 1
1, 62, 0
0, 15, 0
0, 16, 0
0, 17, 0
1, 128, 1
1, 110, 0
1, 144, 0
1, 1586, 0
1, 534, 1
1, 90, 0
1, 956, 0
1, 73, 0
1, 222, 0
1, 199, 0
1, 568, 0
1, 285, 1
1, 595, 0
1, 453, 0
1, 161, 0
1, 52, 0
1, 446, 0
1, 140, 0
1, 145, 0
1, 320, 0
1, 554, 0
1, 119, 0
1, 464, 0
1, 818, 0
1, 122, 1
1, 347, 0
1, 258, 0
1, 569, 1
1, 327, 0
1, 113, 0
0, 990, 1
1, 373, 0
1, 93, 0
1, 2650, 0
1, 1078, 0
0, 313, 0
1, 574, 0
1, 328, 0
0, 327, 0
1, 334, 0
1, 162, 1
0, 883, 0
1, 406, 0
1, 921, 1
1, 246, 0
0, 61, 0
0, 59, 0
1, 256, 0
1, 111, 0
1, 188, 0
1, 418, 0
0, 952, 0
1, 597, 0
1, 537, 0
1, 340, 0
1, 549, 0
1, 221, 0
1, 287, 0
0, 435, 0
0, 11, 0
0, 11, 0
0, 13, 0
0, 11, 1
0, 13, 1
1, 70, 0
0, 61, 0
1, 18, 0
0, 190, 0
1, 496, 0
1, 126, 0
1, 561, 0
1, 112, 0
1, 602, 0
1, 745, 0
0, 295, 1
1, 567, 0
1, 79, 1
0, 205, 0
1, 156, 0
1, 386, 0
1, 467, 0
1, 251, 0
1, 109, 0
1, 77, 1
1, 684, 0
1, 949, 0
1, 99, 0
1, 787, 1
1, 112, 0
1, 201, 0
1, 696, 0
0, 64, 0
1, 262, 0
1, 2838, 0
1, 65, 0
1, 187, 1
1, 358, 0
1, 555, 0
1, 212, 0
1, 396, 0
1, 124, 0
1, 529, 0
1, 150, 0
1, 504, 0
0, 94, 0
1, 156, 0
1, 150, 1
1, 567, 0
1, 460, 0
1, 331, 0
1, 1001, 1
1, 488, 0
1, 430, 0
1, 406, 0
1, 113, 0
1, 145, 0
1, 315, 0
1, 459, 0
1, 480, 0
0, 24, 0
1, 189, 0
1, 339, 1
1, 184, 0
1, 118, 0
0, 240, 0
1, 197, 0
1, 555, 0
0, 18, 0
1, 469, 0
1, 386, 0
1, 157, 0
1, 428, 0
0, 403, 0
0, 236, 0
1, 368, 0
1, 161, 0
1, 537, 0
1, 1142, 0
1, 426, 0
1, 463, 0
1, 571, 0
1, 274, 0
1, 1121, 0
1, 486, 0
1, 627, 0
1, 196, 0
1, 481, 1
1, 321, 0
0, 461, 0
0, 4, 0
0, 4, 0
0, 4, 0
0, 4, 0
0, 4, 0
0, 4, 0
0, 4, 0
0, 4, 0
0, 4, 0
1, 49, 0
1, 161, 0
1, 348, 0
1, 450, 0
1, 252, 0
1, 382, 0
1, 152, 0
1, 657, 0
1, 548, 0
1, 202, 0
1, 394, 0
1, 309, 0
1, 394, 1
1, 199, 0
1, 420, 0
1, 223, 0
1, 228, 0
1, 73, 0
1, 325, 0
1, 533, 0
1, 201, 1
1, 114, 0
1, 383, 0
1, 51, 0
1, 370, 0
1, 244, 0
1, 225, 0
1, 618, 0
1, 142, 0
1, 348, 0
1, 405, 1
1, 154, 0
0, 38, 0
0, 40, 0
1, 95, 1
1, 366, 0
0, 27, 0
0, 30, 0
0, 27, 0
0, 27, 0
0, 27, 0
0, 27, 0
0, 31, 0
0, 70, 0
0, 67, 0
1, 162, 0
1, 146, 0
1, 241, 0
1, 253, 0
1, 64, 0
1, 212, 0
1, 201, 0
1, 263, 0
1, 107, 0
1, 538, 0
1, 828, 1
1, 520, 0
1, 514, 0
1, 138, 0
1, 379, 0
1, 255, 0
1, 90, 0
1, 104, 0
1, 129, 0
1, 394, 0
1, 158, 0
1, 71, 0
1, 554, 1
1, 110, 0
1, 151, 0
1, 469, 0
1, 393, 0
1, 328, 0
1, 480, 0
1, 159, 0
1, 653, 0
1, 799, 0
1, 327, 0
1, 358, 0
1, 561, 0
0, 17, 0
0, 17, 0
0, 17, 0
0, 14, 0
0, 14, 0
0, 14, 0
0, 14, 0
0, 14, 0
0, 14, 0
1, 194, 0
1, 136, 0
1, 233, 0
1, 536, 0
1, 132, 0
1, 331, 0
1, 672, 0
1, 170, 0
1, 412, 0
1, 279, 0
1, 86, 0
1, 95, 0
1, 195, 0
1, 202, 0
1, 443, 0
1, 619, 0
1, 1094, 0
1, 1606, 0
1, 163, 0
1, 292, 0
1, 296, 0
1, 216, 1
1, 485, 0
1, 139, 0
1, 238, 0
1, 494, 0
1, 530, 0
1, 230, 0
1, 48, 0
1, 429, 1
1, 511, 0
1, 179, 0
1, 334, 1
1, 453, 0
1, 472, 0
1, 182, 0
1, 279, 0
1, 94, 0
1, 417, 0
1, 1625, 0
1, 196, 0
1, 595, 1
0, 572, 0
1, 269, 0
1, 1169, 0
1, 204, 0
1, 406, 0
1, 468, 0
1, 410, 0
1, 560, 0
1, 151, 0
1, 192, 0
1, 406, 0
1, 373, 0
1, 108, 0
1, 277, 0
1, 587, 1
1, 356, 0
1, 322, 1
1, 182, 0
1, 139, 0
1, 578, 0
1, 462, 0
1, 156, 0
1, 353, 0
1, 430, 0
1, 72, 0
1, 280, 0
1, 124, 0
1, 109, 0
1, 841, 0
1, 196, 0
1, 783, 0
1, 200, 0
0, 160, 0
1, 11, 0
1, 208, 0
1, 203, 0
0, 38, 0
0, 39, 0
0, 149, 0
0, 45, 0
0, 47, 0
1, 508, 0
1, 472, 0
0, 363, 1
1, 125, 0
1, 142, 0
0, 7, 0
0, 7, 0
0, 7, 0
0, 7, 0
0, 7, 0
0, 7, 0
0, 7, 0
0, 7, 0
0, 132, 0
1, 97, 0
0, 783, 0
0, 46, 0
1, 298, 0
1, 117, 0
1, 645, 0
0, 27, 0
0, 34, 0
0, 49, 0
1, 146, 0
1, 274, 0
1, 164, 0
1, 98, 1
1, 125, 0
1, 375, 0
0, 59, 0
1, 364, 0
0, 241, 0
1, 573, 0
0, 227, 0
1, 332, 0
1, 164, 0
1, 133, 0
0, 1358, 0
1, 132, 0
0, 798, 1
1, 190, 0
1, 165, 0
1, 474, 0
1, 345, 0
1, 290, 0
1, 146, 0
1, 423, 0
1, 548, 0
1, 209, 0
0, 857, 0
1, 713, 0
1, 395, 0
1, 129, 0
1, 506, 0
0, 91, 0
1, 80, 0
1, 298, 0
1, 146, 0
1, 350, 0
1, 110, 1
1, 340, 0
1, 160, 0
1, 239, 0
1, 295, 0
1, 2414, 0
1, 474, 0
1, 84, 0
1, 99, 0
1, 565, 0
1, 536, 0
1, 131, 0
0, 226, 0
1, 2708, 1
0, 404, 0
1, 571, 0
1, 2027, 0
1, 154, 0
1, 122, 0
1, 120, 0
1, 181, 0
0, 368, 0
1, 440, 0
1, 539, 0
1, 536, 1
1, 1019, 0
1, 187, 0
1, 108, 0
1, 179, 0
1, 501, 0
0, 2403, 1
1, 447, 0
1, 286, 0
1, 360, 0
1, 206, 0
1, 156, 0
1, 547, 1
1, 467, 0
0, 50, 1
1, 132, 0
1, 159, 0
0, 72, 0
1, 304, 1
0, 267, 0
1, 469, 0
1, 305, 0
1, 281, 0
1, 160, 0
1, 519, 0
1, 189, 0
1, 162, 0
1, 464, 0
1, 702, 1
1, 135, 0
1, 300, 0
1, 367, 0
0, 1, 0
1, 472, 0
1, 90, 0
1, 546, 0
0, 551, 0
0, 163, 0
1, 475, 0
1, 370, 0
1, 91, 0
1, 421, 0
1, 100, 0
1, 376, 0
1, 113, 0
1, 334, 0
1, 485, 0
1, 111, 0
1, 118, 1
1, 484, 0
0, 35, 0
0, 35, 0
1, 253, 0
1, 461, 0
1, 475, 0
0, 51, 0
0, 36, 0
1, 346, 0
1, 413, 0
1, 577, 0
1, 78, 1
1, 117, 0
1, 418, 0
1, 383, 1
1, 564, 0
0, 16, 0
0, 16, 0
1, 464, 0
1, 492, 0
1, 111, 0
1, 198, 0
1, 255, 1
1, 224, 0
1, 393, 0
1, 454, 0
1, 76, 0
1, 161, 0
1, 721, 0
1, 335, 0
0, 38, 1
0, 38, 0
1, 471, 0
1, 372, 0
1, 212, 0
1, 1303, 0
1, 391, 0
0, 11, 0
0, 11, 0
0, 11, 0
0, 11, 0
0, 11, 0
0, 11, 0
0, 17, 0
0, 18, 0
0, 18, 0
0, 18, 0
1, 201, 0
1, 514, 0
1, 147, 0
1, 528, 0
1, 65, 0
1, 117, 0
0, 408, 0
1, 295, 1
0, 1, 0
0, 1, 0
0, 1, 0
0, 1, 0
0, 1, 0
0, 1, 0
0, 1, 0
0, 1, 0
0, 1, 0
0, 1, 0
1, 589, 0
1, 396, 0
1, 385, 0
1, 136, 0
1, 434, 1
1, 680, 0
1, 421, 0
1, 509, 0
1, 491, 0
1, 369, 0
1, 641, 0
1, 718, 0
1, 381, 0
1, 910, 0
1, 116, 0
1, 614, 0
1, 141, 0
1, 71, 1
1, 633, 0
1, 520, 0
1, 609, 0
0, 262, 0
1, 350, 0
1, 110, 0
1, 126, 0
1, 165, 0
1, 404, 0
1, 401, 0
1, 318, 1
1, 233, 0
1, 110, 0
1, 299, 0
1, 222, 1
1, 381, 0
1, 165, 0
1, 222, 0
1, 431, 0
1, 180, 0
1, 177, 0
1, 122, 0
0, 437, 0
1, 210, 0
0, 29, 0
0, 50, 0
1, 42, 0
1, 532, 0
1, 448, 1
1, 408, 0
1, 333, 0
1, 539, 0
0, 1, 0
0, 1, 0
0, 1, 0
1, 428, 0
1, 527, 0
1, 199, 0
1, 334, 0
1, 983, 0
1, 402, 0
1, 483, 0
1, 182, 1
1, 76, 0
1, 115, 0
1, 423, 0
1, 254, 0
1, 201, 0
0, 374, 0
0, 181, 0
1, 277, 1
1, 126, 0
1, 526, 0
1, 149, 0
1, 361, 0
1, 95, 0
1, 102, 0
1, 1228, 0
1, 609, 0
1, 508, 0
0, 98, 0
1, 145, 0
1, 141, 0
1, 442, 0
1, 187, 1
0, 1, 0
0, 358, 0
0, 18, 0
1, 569, 0
1, 638, 0
1, 369, 1
1, 185, 1
1, 271, 0
1, 210, 0
1, 518, 0
1, 381, 0
1, 395, 1
1, 187, 0
1, 205, 0
1, 479, 0
0, 57, 0
1, 261, 0
1, 479, 0
1, 360, 0
1, 315, 1
1, 118, 0
0, 30, 0
1, 158, 0
0, 449, 0
1, 1073, 0
1, 497, 0
1, 49, 1
1, 395, 0
0, 245, 0
1, 373, 0
1, 815, 0
0, 43, 0
1, 468, 0
1, 135, 0
1, 309, 1
1, 81, 0
1, 263, 0
1, 511, 0
1, 91, 0
1, 314, 0
1, 147, 1
1, 466, 0
1, 502, 0
1, 415, 0
1, 507, 0
1, 731, 0
1, 100, 0
1, 485, 1
0, 218, 0
0, 386, 0
1, 403, 0
1, 154, 0
1, 9, 0
1, 325, 0
1, 87, 1
1, 487, 1
1, 1024, 0
1, 438, 0
1, 539, 0
1, 86, 0
1, 388, 0
1, 521, 0
0, 1127, 0
1, 496, 0
1, 212, 0
1, 511, 1
1, 414, 0
1, 140, 0
1, 421, 0
1, 202, 1
1, 183, 1
1, 285, 0
1, 272, 0
1, 52, 0
1, 109, 0
1, 388, 0
1, 453, 0
1, 74, 0
1, 473, 1
0, 373, 0
0, 204, 0
1, 220, 0
1, 521, 0
1, 710, 0
1, 497, 0
1, 131, 0
1, 68, 0
1, 148, 0
1, 251, 0
1, 77, 0
0, 468, 0
0, 368, 0
1, 164, 0
1, 188, 0
1, 204, 0
1, 464, 0
1, 332, 0
1, 1430, 0
1, 518, 1
0, 11, 0
0, 1, 0
0, 93, 0
1, 215, 0
1, 521, 0
1, 421, 0
1, 225, 0
1, 568, 0
1, 292, 0
1, 576, 0
1, 310, 0
0, 200, 0
1, 692, 1
1, 159, 0
1, 524, 0
1, 272, 0
1, 747, 0
0, 403, 0
1, 162, 0
1, 311, 0
1, 354, 0
1, 163, 0
1, 202, 0
1, 51, 1
0, 89, 0
1, 500, 0
1, 161, 0
1, 147, 0
1, 502, 0
1, 67, 0
1, 208, 0
1, 309, 0
1, 574, 0
1, 354, 0
1, 529, 0
0, 445, 0
1, 332, 0
1, 1, 0
1, 371, 0
1, 480, 0
1, 164, 0
1, 630, 0
1, 149, 0
0, 435, 0
1, 120, 0
1, 176, 0
1, 152, 0
1, 537, 0
1, 186, 0
1, 888, 0
1, 133, 0
0, 248, 1
1, 404, 0
1, 469, 0
0, 88, 0
1, 364, 0
1, 392, 0
1, 474, 0
1, 485, 0
1, 435, 0
0, 576, 1
1, 211, 0
0, 3, 0
0, 3, 0
0, 3, 0
0, 3, 0
1, 492, 0
1, 536, 0
1, 282, 0
1, 440, 0
1, 85, 0
1, 289, 0
0, 170, 0
1, 224, 0
1, 1, 0
1, 117, 0
1, 182, 0
1, 321, 1
1, 491, 0
1, 150, 0
0, 425, 0
1, 353, 0
1, 160, 1
1, 239, 0
1, 435, 0
1, 575, 0
0, 199, 0
1, 86, 0
1, 139, 0
0, 84, 0
1, 117, 0
1, 173, 0
1, 125, 0
1, 160, 0
1, 658, 0
1, 2724, 0
1, 192, 0
1, 813, 0
1, 169, 0
1, 574, 0
1, 278, 0
1, 505, 0
1, 234, 0
1, 121, 0
1, 378, 0
1, 382, 0
1, 485, 1
1, 377, 0
1, 158, 0
1, 156, 0
1, 185, 0
1, 166, 0
1, 596, 0
1, 328, 0
1, 466, 0
1, 88, 0
1, 422, 0
0, 1, 1
0, 1, 0
0, 45, 0
0, 1, 0
0, 45, 0
1, 519, 0
1, 378, 0
0, 213, 0
1, 124, 0
1, 102, 0
1, 83, 0
1, 702, 0
1, 1, 0
0, 1, 1
0, 81, 0
1, 165, 0
1, 152, 0
1, 223, 0
1, 288, 0
0, 84, 0
1, 438, 0
0, 1, 0
0, 47, 0
0, 1, 0
0, 47, 0
1, 449, 0
1, 411, 0
1, 470, 0
1, 136, 0
1, 111, 0
1, 149, 0
1, 396, 0
1, 119, 0
1, 446, 0
1, 245, 0
1, 418, 0
0, 65, 0
1, 192, 0
0, 36, 0
0, 35, 0
0, 35, 1
0, 35, 0
0, 35, 0
0, 35, 0
0, 35, 0
0, 35, 0
0, 35, 0
0, 56, 0
1, 314, 0
1, 411, 0
1, 137, 0
1, 555, 0
1, 762, 0
0, 89, 0
0, 218, 0
0, 441, 0
1, 459, 0
0, 45, 0
0, 46, 0
1, 227, 0
1, 385, 0
1, 241, 1
1, 106, 1
0, 142, 0
1, 132, 0
0, 277, 0
1, 654, 0
1, 338, 0
1, 105, 1
1, 331, 0
1, 744, 0
1, 144, 1
1, 373, 0
0, 46, 0
1, 158, 0
1, 1497, 0
1, 244, 0
1, 104, 0
1, 87, 0
0, 218, 0
1, 190, 0
1, 418, 0
1, 469, 1
1, 120, 0
1, 400, 0
1, 152, 0
1, 40, 0
1, 25, 0
1, 682, 0
0, 204, 0
1, 308, 0
1, 244, 0
1, 218, 0
1, 93, 0
1, 1, 0
0, 456, 0
1, 268, 0
1, 114, 0
1, 102, 0
1, 542, 0
1, 110, 0
1, 747, 0
1, 344, 0
1, 171, 0
1, 129, 0
1, 353, 0
1, 503, 0
1, 169, 0
1, 289, 1
1, 306, 0
0, 50, 0
1, 99, 0
1, 199, 1
1, 528, 1
1, 877, 0
1, 454, 0
1, 285, 0
1, 182, 0
1, 553, 0
1, 360, 0
1, 512, 0
1, 428, 0
1, 440, 0
1, 211, 0
1, 151, 0
0, 106, 0
1, 275, 0
1, 403, 0
1, 414, 0
1, 387, 0
0, 387, 0
1, 470, 0
0, 94, 0
0, 5, 0
0, 5, 0
0, 5, 0
1, 103, 0
1, 633, 0
1, 197, 0
1, 503, 1
1, 127, 0
1, 572, 0
1, 407, 0
1, 100, 0
1, 217, 0
0, 497, 1
0, 117, 0
1, 234, 0
1, 106, 1
1, 169, 0
1, 554, 0
1, 292, 0
1, 496, 0
0, 47, 0
1, 176, 0
1, 111, 0
1, 303, 0
1, 600, 0
1, 174, 0
1, 1480, 1
1, 1760, 0
1, 125, 1
0, 97, 0
1, 120, 0
0, 1, 0
0, 1, 0
0, 1, 0
0, 1, 0
0, 1, 1
0, 1, 1
0, 1, 0
0, 1, 0
0, 1, 0
1, 46, 0
1, 291, 0
0, 353, 0
1, 507, 1
0, 114, 0
0, 174, 0
1, 516, 0
0, 384, 0
1, 159, 0
1, 404, 0
1, 177, 0
1, 219, 1
1, 337, 0
1, 314, 0
1, 300, 0
1, 183, 1
1, 538, 0
0, 34, 0
1, 555, 0
1, 145, 0
1, 187, 0
0, 47, 0
0, 47, 0
1, 193, 0
1, 566, 0
0, 94, 0
1, 273, 0
1, 313, 0
1, 384, 0
1, 227, 1
1, 142, 0
1, 455, 0
1, 294, 0
1, 175, 0
1, 78, 0
1, 478, 0
1, 651, 1
0, 99, 0
0, 129, 0
1, 244, 0
1, 132, 0
1, 208, 0
1, 128, 0
1, 189, 0
1, 156, 0
1, 355, 0
0, 757, 0
1, 290, 0
1, 457, 0
1, 345, 0
1, 182, 0
0, 1685, 1
1, 190, 0
1, 317, 0
1, 484, 0
1, 169, 0
1, 405, 0
1, 190, 0
1, 300, 0
1, 543, 0
0, 507, 0
0, 434, 0
1, 491, 0
0, 457, 0
1, 845, 0
1, 383, 0
1, 56, 0
0, 457, 0
1, 76, 0
1, 214, 1
1, 217, 0
1, 623, 0
0, 62, 0
1, 120, 0
1, 128, 0
1, 625, 1
1, 546, 0
1, 695, 0
1, 410, 0
0, 1, 0
0, 1, 0
0, 1, 0
0, 1, 0
0, 1, 0
0, 1, 0
0, 1, 0
0, 1, 0
1, 345, 0
1, 115, 0
1, 116, 0
1, 149, 0
1, 364, 0
1, 69, 0
1, 533, 0
1, 205, 0
1, 192, 0
1, 535, 0
1, 196, 0
0, 49, 0
0, 52, 0
0, 61, 0
0, 253, 0
1, 109, 0
1, 360, 0
1, 623, 0
1, 112, 0
1, 97, 0
0, 15, 0
0, 15, 0
0, 16, 0
0, 16, 0
0, 16, 0
0, 3, 0
1, 1951, 0
0, 1, 0
0, 53, 0
1, 1487, 0
1, 521, 0
0, 496, 0
1, 332, 0
1, 818, 1
1, 364, 0
1, 226, 0
1, 208, 0
1, 572, 0
1, 87, 0
1, 444, 0
0, 1, 0
0, 77, 0
1, 487, 0
0, 763, 0
0, 258, 0
0, 5, 0
0, 5, 1
0, 5, 0
0, 5, 0
0, 5, 0
0, 5, 0
0, 5, 1
0, 5, 0
0, 5, 0
0, 11, 0
0, 12, 0
0, 11, 0
0, 12, 0
0, 11, 0
0, 46, 0
0, 19, 0
0, 19, 0
1, 188, 0
1, 298, 0
0, 455, 0
1, 138, 0
1, 485, 0
1, 177, 1
0, 48, 0
1, 580, 0
0, 64, 0
1, 448, 0
0, 134, 0
1, 172, 0
1, 384, 0
1, 228, 0
1, 118, 0
0, 532, 0
0, 340, 0
1, 2924, 0
1, 1041, 0
1, 503, 0
1, 93, 0
1, 337, 0
1, 523, 0
1, 169, 0
1, 234, 0
1, 499, 0
0, 223, 0
0, 36, 0
0, 47, 1
0, 248, 0
