0, 46, 0
0, 143, 0
0, 55, 1
0, 48, 0
0, 45, 0
0, 47, 0
0, 46, 0
0, 48, 0
0, 49, 0
0, 56, 1
0, 46, 0
0, 47, 0
0, 46, 0
0, 53, 0
0, 47, 0
0, 54, 0
0, 53, 0
0, 50, 0
0, 46, 0
0, 45, 0
0, 45, 0
0, 46, 0
0, 53, 0
0, 44, 0
0, 44, 0
0, 44, 0
0, 53, 0
0, 45, 1
0, 44, 0
0, 46, 0
0, 45, 0
0, 56, 0
0, 49, 0
0, 45, 0
0, 52, 1
0, 53, 0
0, 47, 0
0, 47, 0
0, 45, 0
0, 52, 0
0, 48, 1
0, 45, 0
0, 52, 0
0, 45, 0
0, 58, 0
0, 47, 0
0, 45, 0
0, 47, 0
0, 148, 0
0, 45, 0
0, 45, 0
0, 47, 0
0, 51, 0
0, 45, 0
0, 145, 0
0, 44, 1
0, 47, 0
1, 72, 0
0, 50, 0
0, 165, 0
0, 55, 0
0, 45, 0
0, 45, 0
0, 46, 0
0, 49, 0
0, 45, 0
0, 45, 0
0, 53, 0
0, 45, 0
1, 13, 0
0, 50, 0
0, 44, 0
0, 44, 0
0, 46, 0
0, 48, 0
0, 50, 0
0, 51, 0
0, 45, 0
0, 47, 0
0, 45, 0
0, 48, 1
0, 48, 0
0, 47, 0
0, 48, 0
0, 45, 0
0, 60, 0
1, 455, 0
0, 47, 0
0, 47, 0
0, 47, 0
0, 50, 0
0, 57, 0
0, 45, 0
0, 45, 0
0, 50, 0
0, 47, 0
0, 48, 0
0, 49, 0
0, 46, 0
0, 47, 0
0, 45, 0
0, 45, 0
0, 58, 0
0, 47, 0
0, 45, 0
0, 47, 1
0, 45, 0
0, 46, 0
0, 46, 0
0, 49, 0
0, 47, 0
0, 54, 0
0, 145, 0
0, 50, 0
0, 145, 0
0, 51, 0
0, 48, 0
0, 47, 0
0, 45, 0
0, 49, 0
0, 45, 0
0, 46, 0
0, 48, 0
0, 60, 0
0, 186, 0
0, 45, 0
0, 46, 0
0, 48, 0
0, 45, 0
0, 186, 0
0, 45, 0
0, 52, 0
1, 15, 0
0, 44, 1
0, 45, 0
0, 147, 0
0, 46, 0
0, 46, 0
0, 53, 0
0, 61, 0
0, 47, 1
0, 45, 1
0, 133, 0
0, 45, 0
0, 46, 1
0, 48, 0
0, 48, 0
1, 34, 0
0, 45, 0
0, 47, 1
0, 184, 0
0, 47, 0
0, 55, 0
0, 173, 0
0, 48, 0
0, 61, 0
0, 52, 0
0, 146, 0
0, 45, 0
0, 139, 0
0, 45, 1
0, 74, 0
0, 62, 0
0, 51, 1
0, 46, 0
0, 48, 0
0, 46, 0
0, 47, 0
0, 46, 0
0, 45, 0
0, 47, 0
0, 46, 0
0, 46, 0
0, 45, 0
0, 44, 0
0, 46, 0
0, 48, 0
0, 45, 0
0, 45, 0
0, 185, 0
0, 45, 0
0, 57, 0
1, 52, 0
0, 44, 0
0, 47, 0
0, 46, 0
0, 59, 0
0, 47, 0
0, 45, 0
0, 45, 0
0, 46, 0
0, 46, 0
0, 45, 0
0, 46, 0
0, 45, 0
0, 46, 0
0, 46, 0
0, 45, 0
0, 341, 0
0, 50, 0
0, 146, 0
0, 45, 0
0, 61, 0
0, 44, 0
0, 48, 1
0, 45, 0
0, 294, 0
0, 47, 0
0, 48, 0
0, 46, 0
0, 54, 1
0, 159, 0
0, 52, 0
0, 135, 0
0, 56, 0
0, 332, 0
0, 61, 0
0, 358, 0
0, 89, 0
0, 44, 0
0, 138, 0
0, 44, 0
0, 46, 0
0, 55, 0
0, 189, 0
0, 47, 0
1, 52, 0
0, 49, 0
0, 49, 0
0, 46, 0
0, 48, 0
0, 48, 1
0, 496, 0
0, 45, 0
0, 52, 0
0, 158, 0
0, 45, 0
0, 45, 0
0, 46, 0
0, 46, 0
0, 47, 0
0, 51, 1
0, 51, 0
0, 135, 0
0, 322, 0
0, 57, 0
0, 146, 0
0, 161, 0
0, 46, 1
0, 45, 0
0, 44, 0
0, 46, 0
0, 55, 0
1, 23, 0
0, 88, 0
0, 137, 0
0, 44, 1
0, 55, 0
0, 227, 0
0, 48, 0
0, 44, 0
0, 137, 0
0, 50, 0
0, 44, 0
0, 53, 0
0, 61, 0
0, 47, 0
0, 142, 0
0, 385, 0
0, 47, 0
0, 47, 0
0, 44, 0
0, 45, 0
0, 45, 0
0, 605, 0
0, 46, 0
0, 304, 0
0, 49, 0
0, 47, 0
0, 150, 0
0, 47, 1
0, 47, 0
0, 57, 0
0, 59, 0
0, 47, 0
0, 45, 0
0, 66, 0
0, 45, 0
0, 48, 0
0, 45, 0
0, 45, 0
0, 627, 0
0, 47, 0
0, 136, 0
0, 315, 0
0, 261, 0
0, 44, 0
0, 59, 0
0, 51, 0
0, 140, 0
0, 44, 1
0, 45, 0
0, 47, 0
0, 51, 0
0, 47, 0
0, 49, 0
0, 46, 0
0, 45, 0
0, 137, 0
0, 45, 0
0, 72, 0
0, 51, 0
0, 45, 0
0, 510, 0
0, 199, 0
0, 46, 0
0, 526, 0
0, 59, 0
0, 48, 1
0, 68, 0
0, 579, 0
0, 46, 0
0, 47, 0
0, 46, 0
0, 45, 0
0, 46, 0
0, 149, 0
0, 177, 0
0, 223, 0
1, 2355, 0
0, 219, 0
0, 49, 0
0, 429, 1
0, 56, 0
0, 692, 0
0, 420, 0
1, 171, 0
0, 46, 0
0, 47, 0
0, 46, 0
0, 257, 0
0, 47, 0
0, 135, 1
0, 132, 0
0, 45, 0
0, 45, 0
0, 45, 0
0, 46, 0
0, 311, 1
0, 46, 0
0, 583, 0
0, 48, 0
0, 1236, 0
0, 574, 1
0, 938, 0
0, 561, 0
0, 48, 0
0, 138, 0
0, 47, 0
0, 863, 0
0, 829, 0
0, 138, 0
0, 59, 1
0, 350, 0
0, 48, 0
0, 328, 0
1, 1284, 0
1, 360, 0
1, 258, 0
0, 479, 1
0, 57, 0
1, 256, 0
0, 47, 0
1, 373, 0
0, 54, 0
1, 306, 0
0, 47, 0
0, 1261, 1
0, 1457, 0
0, 1009, 1
0, 90, 0
0, 47, 0
1, 530, 0
0, 1981, 0
0, 1417, 0
1, 2448, 0
0, 47, 0
1, 1428, 0
1, 552, 0
1, 154, 0
0, 928, 0
0, 327, 0
1, 177, 0
0, 612, 0
0, 48, 0
0, 319, 0
1, 364, 0
0, 1224, 0
1, 608, 0
0, 2043, 0
0, 1241, 0
0, 1630, 0
1, 503, 0
0, 1108, 0
1, 599, 1
1, 1040, 1
1, 320, 0
0, 1219, 1
1, 227, 0
0, 378, 0
1, 1281, 0
1, 1325, 0
1, 150, 0
0, 695, 0
1, 287, 0
0, 47, 0
1, 3226, 0
0, 52, 1
1, 173, 0
1, 625, 0
1, 3527, 0
0, 1635, 0
1, 361, 0
1, 2952, 0
0, 1749, 1
1, 261, 0
1, 302, 0
1, 413, 0
1, 781, 0
1, 210, 0
0, 53, 0
1, 333, 0
1, 223, 1
1, 350, 0
1, 184, 0
0, 1319, 1
1, 268, 0
0, 557, 1
1, 241, 1
1, 628, 0
1, 112, 0
1, 185, 0
1, 195, 0
1, 108, 0
1, 1148, 0
1, 94, 0
1, 410, 0
1, 282, 0
1, 112, 1
0, 312, 0
0, 3882, 1
1, 274, 0
1, 310, 1
1, 342, 1
1, 1032, 0
0, 265, 0
1, 131, 1
0, 228, 0
1, 381, 0
0, 135, 0
1, 143, 0
0, 748, 0
1, 497, 0
1, 121, 0
1, 127, 0
1, 413, 0
1, 375, 0
1, 836, 0
0, 433, 1
1, 325, 0
1, 130, 0
0, 1644, 1
1, 322, 0
1, 966, 0
1, 130, 1
1, 349, 0
0, 61, 0
1, 221, 0
1, 1136, 0
1, 467, 0
0, 107, 0
1, 142, 0
1, 132, 0
1, 166, 0
1, 255, 0
1, 1041, 0
0, 420, 0
0, 1361, 0
0, 45, 0
1, 915, 0
1, 405, 0
1, 212, 0
1, 86, 0
1, 297, 0
1, 375, 1
1, 181, 0
1, 1571, 0
1, 713, 0
1, 340, 0
1, 365, 0
1, 106, 0
1, 981, 0
1, 614, 0
0, 2160, 1
1, 152, 1
1, 92, 0
1, 206, 0
1, 201, 0
1, 180, 0
1, 193, 0
1, 309, 0
1, 630, 0
1, 173, 0
1, 604, 0
1, 129, 0
1, 38, 1
1, 412, 0
1, 260, 0
1, 291, 0
1, 664, 1
1, 156, 0
1, 207, 1
1, 198, 0
1, 503, 0
1, 357, 0
1, 66, 0
1, 144, 0
1, 202, 0
1, 130, 0
1, 334, 1
1, 418, 0
1, 267, 0
0, 4241, 1
1, 241, 0
1, 282, 0
1, 207, 0
0, 224, 0
1, 1350, 0
1, 362, 0
1, 265, 0
1, 555, 0
1, 210, 0
1, 284, 0
1, 654, 0
1, 826, 1
1, 128, 0
1, 378, 0
1, 33, 0
1, 440, 0
1, 234, 0
0, 219, 0
1, 638, 0
0, 206, 0
0, 63, 0
0, 257, 0
1, 792, 0
1, 35, 0
0, 245, 1
1, 224, 0
0, 241, 0
1, 343, 0
0, 215, 0
1, 423, 0
1, 173, 0
1, 0, 0
1, 437, 0
0, 220, 1
1, 186, 0
0, 1320, 1
1, 384, 0
1, 79, 0
0, 230, 0
1, 147, 0
1, 392, 0
0, 202, 0
0, 205, 0
0, 422, 0
1, 171, 0
0, 706, 1
0, 229, 0
1, 451, 0
1, 241, 0
0, 233, 0
0, 211, 0
0, 176, 0
0, 649, 0
1, 217, 0
0, 478, 0
0, 954, 1
0, 51, 0
1, 1693, 0
1, 332, 0
1, 400, 0
0, 304, 0
1, 196, 0
1, 129, 0
1, 768, 0
0, 1147, 0
1, 277, 0
1, 2528, 0
1, 413, 0
1, 206, 0
1, 48, 0
1, 1266, 1
1, 160, 0
1, 291, 0
0, 223, 0
0, 2458, 1
1, 86, 0
0, 200, 0
1, 183, 0
1, 2359, 0
1, 119, 0
1, 360, 0
1, 417, 0
1, 371, 0
1, 160, 0
1, 159, 0
1, 287, 1
1, 76, 0
1, 105, 0
1, 247, 0
1, 59, 0
1, 214, 0
1, 122, 0
1, 574, 0
1, 483, 0
1, 474, 0
1, 424, 0
1, 240, 0
1, 452, 0
1, 135, 0
1, 72, 1
1, 704, 0
1, 292, 0
1, 234, 0
1, 215, 0
1, 489, 0
1, 2806, 0
1, 1199, 0
1, 501, 0
1, 169, 0
1, 434, 0
1, 64, 0
1, 258, 0
0, 2052, 0
0, 278, 0
0, 286, 0
1, 295, 0
0, 268, 0
0, 1084, 1
1, 120, 0
0, 420, 0
0, 725, 1
0, 253, 0
1, 150, 0
1, 268, 0
1, 149, 1
1, 213, 0
1, 156, 0
1, 241, 0
1, 9, 0
1, 355, 0
0, 1545, 0
1, 99, 0
1, 107, 0
1, 436, 1
1, 28, 0
1, 648, 0
0, 158, 0
1, 136, 0
1, 142, 0
1, 467, 0
1, 424, 0
0, 242, 0
1, 196, 0
1, 538, 0
1, 1410, 0
1, 376, 0
0, 184, 0
1, 349, 0
1, 137, 0
1, 177, 0
0, 284, 0
1, 302, 0
1, 394, 0
1, 165, 0
1, 185, 0
0, 197, 1
1, 161, 0
0, 1088, 0
1, 85, 0
1, 132, 0
1, 95, 0
0, 294, 0
1, 552, 0
1, 319, 0
1, 112, 0
1, 717, 0
1, 202, 0
1, 258, 0
1, 117, 0
1, 102, 0
1, 320, 0
0, 165, 0
1, 160, 0
1, 88, 0
1, 501, 0
1, 435, 0
1, 646, 0
1, 464, 0
1, 455, 0
1, 230, 0
1, 336, 0
1, 600, 0
1, 402, 0
1, 167, 0
1, 245, 0
1, 494, 0
1, 136, 0
1, 74, 0
0, 204, 0
1, 125, 0
1, 132, 0
1, 687, 0
1, 90, 0
0, 2832, 1
1, 2946, 0
1, 669, 0
1, 421, 0
1, 427, 0
0, 262, 0
1, 141, 0
1, 103, 0
1, 406, 0
1, 366, 0
1, 413, 0
1, 519, 0
1, 507, 0
1, 495, 0
1, 461, 0
1, 302, 0
0, 247, 0
1, 417, 0
1, 937, 0
1, 570, 0
1, 280, 0
1, 236, 0
1, 141, 0
1, 57, 0
1, 752, 0
1, 141, 1
0, 245, 0
1, 408, 0
1, 510, 1
0, 179, 0
1, 272, 0
1, 107, 0
1, 440, 0
1, 491, 0
1, 121, 0
1, 185, 0
1, 90, 0
1, 587, 0
1, 277, 1
1, 26, 0
1, 497, 0
0, 505, 1
1, 256, 0
1, 406, 0
1, 246, 0
1, 349, 1
1, 460, 1
0, 507, 1
1, 439, 0
1, 90, 1
0, 248, 0
1, 392, 0
1, 443, 0
1, 325, 0
1, 89, 1
1, 496, 0
1, 223, 0
1, 243, 0
1, 82, 0
1, 152, 0
0, 219, 0
1, 343, 0
0, 262, 0
1, 44, 0
0, 274, 0
1, 137, 0
1, 457, 0
1, 159, 0
1, 143, 0
1, 397, 0
1, 139, 0
1, 215, 0
1, 209, 0
1, 548, 0
1, 526, 0
1, 215, 0
1, 487, 0
1, 186, 0
1, 572, 0
1, 346, 0
1, 329, 0
1, 195, 0
1, 535, 0
1, 480, 0
1, 189, 0
0, 2110, 0
1, 191, 0
1, 488, 0
1, 871, 0
0, 204, 0
0, 375, 0
1, 561, 0
1, 194, 0
1, 189, 1
0, 201, 0
0, 483, 1
1, 208, 0
1, 431, 1
0, 221, 0
1, 103, 0
1, 417, 0
1, 137, 0
1, 537, 0
1, 291, 0
1, 380, 0
1, 216, 0
1, 355, 0
1, 509, 0
1, 161, 0
1, 305, 0
1, 516, 1
1, 3086, 0
1, 352, 0
1, 1360, 1
1, 565, 0
1, 357, 0
1, 457, 0
1, 333, 0
0, 171, 0
1, 422, 0
0, 176, 0
1, 346, 0
1, 238, 0
1, 634, 0
1, 316, 0
0, 1440, 1
1, 331, 0
1, 437, 0
1, 179, 0
1, 349, 0
1, 144, 0
1, 369, 0
1, 498, 0
1, 576, 0
1, 96, 0
1, 249, 0
1, 428, 0
1, 392, 0
1, 190, 0
1, 72, 0
1, 26, 1
1, 219, 0
1, 145, 0
1, 475, 0
1, 192, 0
1, 390, 0
0, 223, 0
0, 1634, 1
1, 161, 0
1, 105, 1
1, 775, 1
1, 514, 0
1, 502, 0
1, 438, 0
0, 204, 0
1, 400, 0
1, 310, 0
1, 454, 0
1, 143, 0
1, 346, 0
1, 655, 0
1, 316, 0
1, 169, 0
1, 470, 0
1, 205, 0
1, 401, 0
1, 458, 0
0, 487, 1
1, 348, 1
1, 219, 0
1, 175, 0
1, 94, 0
1, 430, 0
1, 474, 0
1, 456, 1
1, 340, 0
1, 738, 0
1, 399, 0
1, 158, 0
1, 154, 0
1, 263, 0
0, 4235, 1
1, 229, 0
1, 257, 1
1, 350, 0
1, 261, 0
0, 190, 0
1, 484, 0
1, 117, 0
1, 272, 0
1, 146, 0
1, 171, 0
1, 348, 0
1, 127, 0
1, 375, 0
1, 514, 0
1, 142, 0
1, 76, 0
1, 116, 0
1, 269, 1
1, 113, 0
1, 220, 1
1, 430, 0
1, 203, 0
1, 440, 0
1, 359, 0
1, 560, 0
1, 298, 0
1, 240, 0
1, 118, 0
1, 106, 0
1, 127, 0
1, 383, 0
1, 329, 0
1, 268, 0
1, 429, 0
1, 339, 0
1, 457, 0
1, 508, 0
0, 12, 0
0, 10, 0
0, 10, 0
0, 10, 0
0, 10, 0
0, 10, 0
0, 10, 0
0, 10, 0
0, 10, 0
0, 10, 0
0, 12, 0
0, 10, 0
1, 203, 0
1, 93, 0
1, 182, 1
1, 78, 0
1, 111, 0
1, 92, 0
1, 113, 0
1, 338, 0
0, 113, 0
0, 59, 0
1, 378, 0
0, 38, 0
0, 36, 1
0, 36, 0
0, 36, 0
0, 36, 0
0, 36, 0
0, 379, 0
1, 515, 0
1, 204, 0
0, 314, 1
1, 136, 0
0, 409, 0
1, 205, 0
1, 585, 0
0, 698, 1
0, 254, 1
1, 363, 0
0, 349, 0
1, 40, 0
1, 366, 0
1, 183, 0
0, 122, 0
0, 237, 0
1, 254, 0
0, 125, 0
1, 198, 0
1, 173, 0
1, 1122, 0
0, 490, 0
0, 342, 0
0, 133, 0
1, 290, 1
1, 348, 0
0, 410, 1
1, 327, 0
1, 503, 0
1, 295, 0
0, 96, 0
0, 419, 0
1, 196, 0
1, 151, 0
1, 214, 0
0, 400, 0
1, 449, 0
0, 15, 1
0, 15, 0
0, 15, 0
0, 25, 0
0, 24, 1
0, 24, 0
1, 175, 0
0, 43, 0
1, 107, 0
0, 481, 0
0, 144, 0
0, 498, 0
0, 172, 1
1, 386, 0
1, 66, 0
1, 385, 0
0, 109, 0
0, 133, 0
0, 166, 0
1, 270, 0
0, 225, 0
1, 147, 0
0, 1022, 1
1, 384, 0
1, 472, 0
0, 411, 0
0, 304, 0
1, 71, 0
0, 377, 1
1, 77, 0
1, 220, 0
1, 254, 0
0, 1479, 1
1, 580, 0
1, 182, 0
1, 276, 0
1, 1, 0
1, 230, 0
1, 380, 0
0, 234, 0
1, 107, 0
1, 123, 0
1, 212, 0
0, 584, 0
1, 465, 0
0, 483, 0
1, 896, 0
1, 153, 0
1, 352, 1
0, 170, 0
1, 321, 0
1, 252, 0
1, 372, 0
1, 248, 0
0, 91, 1
1, 358, 0
1, 188, 0
1, 22, 0
0, 54, 0
0, 47, 0
1, 310, 1
1, 401, 0
1, 335, 0
0, 506, 0
1, 922, 0
1, 183, 0
1, 418, 0
1, 134, 0
1, 105, 0
1, 132, 0
0, 157, 0
0, 0, 0
0, 42, 0
0, 53, 0
0, 1089, 0
0, 441, 1
1, 511, 0
0, 72, 0
0, 67, 0
0, 62, 0
0, 409, 0
0, 277, 0
1, 379, 0
1, 335, 0
1, 115, 0
0, 159, 0
1, 385, 0
1, 148, 0
1, 158, 0
1, 1120, 0
1, 497, 0
1, 73, 0
1, 2, 0
1, 386, 0
1, 465, 0
1, 227, 0
1, 206, 0
1, 515, 0
1, 175, 0
1, 1035, 1
1, 509, 0
1, 160, 0
1, 132, 0
1, 85, 1
0, 741, 0
1, 305, 0
1, 87, 0
1, 464, 0
1, 496, 0
1, 149, 0
1, 161, 0
0, 145, 0
1, 386, 0
1, 113, 0
1, 121, 1
0, 413, 0
0, 430, 1
1, 236, 0
1, 116, 0
1, 118, 0
0, 101, 0
0, 93, 0
1, 34, 0
1, 65, 0
1, 178, 0
1, 561, 0
1, 329, 0
1, 895, 0
0, 49, 0
1, 482, 0
1, 260, 0
0, 182, 0
1, 518, 0
0, 90, 0
1, 444, 0
0, 34, 0
1, 127, 0
0, 122, 0
1, 527, 0
1, 217, 0
1, 166, 0
0, 95, 0
0, 93, 0
1, 144, 0
0, 91, 0
1, 201, 0
0, 817, 0
0, 601, 0
1, 70, 0
0, 135, 0
0, 103, 0
0, 268, 0
1, 453, 0
0, 43, 0
1, 358, 0
1, 108, 0
1, 312, 0
0, 82, 0
0, 88, 1
1, 38, 0
1, 358, 0
1, 201, 0
0, 156, 0
0, 116, 0
0, 111, 0
1, 143, 0
1, 556, 0
0, 122, 0
1, 745, 0
1, 135, 1
1, 506, 0
1, 148, 0
1, 106, 0
1, 505, 0
1, 98, 0
1, 143, 0
1, 677, 0
1, 411, 0
1, 180, 0
1, 57, 0
1, 201, 0
0, 1409, 1
0, 54, 0
1, 180, 0
0, 213, 0
0, 24, 0
0, 24, 0
0, 24, 0
0, 14, 1
1, 288, 0
0, 295, 0
1, 96, 0
1, 170, 0
1, 31, 0
1, 167, 0
1, 35, 1
1, 622, 0
1, 108, 0
1, 355, 0
1, 509, 0
0, 701, 1
1, 215, 0
0, 71, 0
0, 85, 0
1, 231, 0
0, 90, 0
1, 1058, 0
0, 549, 0
1, 224, 0
1, 101, 0
1, 187, 0
0, 30, 0
0, 30, 0
0, 34, 0
0, 34, 0
0, 216, 0
0, 2833, 1
0, 86, 0
1, 335, 0
1, 282, 0
1, 453, 0
1, 483, 0
1, 196, 0
1, 145, 0
1, 358, 0
1, 691, 0
1, 160, 0
1, 422, 0
1, 120, 0
1, 94, 0
1, 88, 0
0, 313, 1
1, 370, 0
0, 82, 0
0, 79, 0
1, 211, 0
0, 62, 0
1, 137, 0
0, 53, 0
0, 48, 0
1, 348, 0
0, 15, 0
1, 331, 0
1, 189, 0
1, 480, 0
1, 420, 1
1, 89, 0
0, 236, 0
0, 250, 0
0, 260, 0
1, 350, 0
1, 121, 0
1, 287, 0
1, 271, 0
1, 530, 0
0, 159, 1
1, 376, 1
1, 137, 0
0, 1238, 1
1, 234, 0
1, 138, 0
1, 271, 0
1, 32, 0
1, 864, 0
1, 792, 1
0, 509, 1
1, 176, 0
1, 150, 0
1, 350, 0
1, 128, 0
0, 208, 0
1, 88, 0
1, 199, 0
1, 315, 0
0, 27, 0
0, 267, 0
0, 7, 0
0, 10, 0
0, 7, 0
0, 10, 1
0, 7, 0
0, 7, 0
0, 10, 0
1, 128, 0
1, 487, 0
0, 399, 0
1, 425, 1
1, 392, 0
1, 480, 0
1, 557, 0
1, 155, 0
0, 209, 0
1, 370, 0
1, 532, 0
0, 154, 0
1, 105, 0
1, 274, 0
1, 97, 0
0, 216, 0
1, 185, 0
0, 280, 0
1, 733, 0
1, 316, 0
1, 217, 0
1, 147, 0
1, 101, 0
1, 317, 0
1, 409, 0
1, 397, 0
1, 243, 0
1, 214, 0
1, 98, 0
1, 459, 0
1, 121, 0
1, 342, 0
1, 114, 0
0, 515, 0
0, 305, 0
0, 94, 1
0, 251, 0
0, 213, 0
1, 152, 0
1, 530, 0
1, 222, 0
1, 679, 0
0, 47, 0
1, 395, 0
1, 314, 0
0, 28, 0
0, 33, 0
0, 33, 0
0, 33, 0
1, 159, 0
1, 110, 0
0, 8104, 1
1, 1470, 0
1, 306, 0
1, 150, 0
1, 128, 0
1, 468, 0
1, 197, 1
0, 144, 0
1, 292, 0
1, 315, 0
1, 159, 0
0, 115, 1
1, 322, 1
1, 112, 0
1, 199, 0
1, 407, 0
0, 197, 0
0, 8, 0
1, 450, 0
0, 59, 0
1, 191, 1
1, 200, 0
0, 226, 0
1, 433, 0
1, 185, 0
1, 486, 1
1, 384, 0
1, 243, 0
0, 74, 0
1, 4199, 1
1, 368, 0
1, 413, 0
1, 133, 0
1, 73, 1
1, 187, 0
1, 208, 1
1, 332, 0
1, 356, 0
1, 219, 0
0, 205, 0
1, 237, 0
1, 172, 0
1, 117, 0
1, 126, 0
1, 287, 0
1, 203, 0
1, 368, 0
1, 453, 0
0, 2287, 1
1, 477, 0
0, 52, 0
0, 124, 0
1, 407, 0
1, 105, 0
1, 352, 0
1, 188, 0
1, 475, 0
1, 126, 0
0, 416, 0
1, 570, 0
0, 29, 0
0, 29, 0
0, 29, 1
0, 29, 0
0, 29, 0
0, 153, 0
1, 462, 1
1, 343, 0
1, 638, 0
1, 285, 1
1, 179, 0
1, 348, 0
0, 406, 0
1, 319, 0
0, 589, 1
0, 60, 0
0, 62, 0
0, 62, 0
1, 286, 0
1, 149, 0
1, 326, 0
1, 455, 0
1, 360, 0
1, 161, 0
1, 69, 0
1, 81, 0
0, 1268, 0
1, 382, 0
1, 127, 0
1, 106, 0
1, 118, 1
1, 381, 0
0, 73, 0
0, 72, 0
1, 342, 1
1, 77, 0
0, 67, 0
0, 76, 0
1, 376, 0
1, 115, 0
0, 90, 0
1, 453, 0
1, 114, 0
1, 113, 0
0, 179, 0
1, 439, 0
0, 202, 0
0, 150, 0
0, 4, 0
0, 4, 0
0, 4, 0
0, 4, 0
0, 4, 0
0, 4, 0
0, 4, 0
0, 4, 0
0, 4, 1
0, 4, 0
0, 4, 0
0, 4, 0
0, 4, 0
0, 4, 0
1, 373, 0
0, 43, 1
1, 42, 0
0, 48, 0
0, 48, 0
1, 204, 0
1, 553, 0
1, 461, 1
1, 371, 0
1, 104, 0
1, 430, 0
1, 832, 0
1, 423, 0
1, 268, 1
0, 418, 0
1, 570, 0
1, 114, 0
0, 277, 0
1, 164, 0
1, 453, 0
0, 360, 0
1, 229, 0
1, 84, 0
1, 84, 0
1, 124, 0
0, 410, 0
1, 313, 0
1, 512, 0
1, 281, 0
1, 689, 0
1, 602, 0
0, 736, 0
1, 491, 0
0, 303, 0
1, 396, 0
0, 191, 0
1, 256, 1
0, 162, 0
1, 271, 0
1, 555, 0
1, 561, 0
1, 195, 1
1, 384, 0
1, 376, 0
1, 342, 0
1, 581, 0
1, 179, 0
1, 149, 0
0, 1298, 1
1, 204, 0
0, 372, 0
1, 333, 0
1, 165, 0
1, 157, 0
1, 222, 0
1, 446, 0
0, 170, 0
0, 505, 1
1, 358, 0
1, 189, 0
1, 70, 0
1, 989, 1
1, 300, 0
0, 1423, 1
1, 515, 0
1, 210, 0
1, 263, 1
1, 117, 0
1, 136, 0
1, 200, 0
1, 262, 0
1, 641, 0
0, 90, 0
1, 91, 0
1, 89, 1
1, 272, 0
0, 376, 0
1, 242, 0
0, 149, 0
1, 70, 0
1, 238, 0
1, 289, 0
1, 85, 0
1, 109, 0
1, 445, 0
0, 184, 0
0, 152, 0
1, 457, 0
1, 162, 0
1, 100, 0
1, 312, 0
1, 494, 0
1, 463, 0
1, 472, 0
1, 412, 0
1, 195, 0
1, 470, 0
1, 346, 0
0, 19, 0
0, 19, 0
0, 19, 0
1, 266, 0
0, 127, 0
1, 67, 0
1, 160, 0
1, 857, 0
1, 157, 0
1, 365, 0
0, 7, 0
0, 8, 0
0, 7, 0
0, 7, 0
0, 7, 0
0, 7, 0
1, 1305, 1
0, 360, 1
1, 362, 0
1, 482, 1
1, 691, 0
1, 140, 0
1, 368, 0
0, 355, 0
1, 165, 0
0, 0, 0
1, 256, 0
1, 108, 0
1, 444, 0
1, 675, 0
1, 412, 0
1, 618, 0
1, 371, 0
1, 223, 0
1, 135, 0
1, 308, 0
1, 409, 0
1, 202, 0
1, 91, 0
1, 155, 0
1, 341, 0
1, 935, 0
1, 143, 0
1, 118, 0
1, 207, 0
1, 208, 0
1, 353, 0
1, 61, 0
1, 84, 0
1, 762, 1
1, 360, 0
1, 462, 0
0, 244, 0
1, 374, 0
1, 278, 0
1, 324, 0
1, 343, 0
1, 90, 0
1, 158, 0
1, 502, 0
0, 716, 1
0, 90, 0
1, 402, 0
0, 222, 0
1, 179, 0
1, 162, 1
1, 446, 0
0, 111, 0
1, 408, 0
1, 363, 0
1, 271, 0
0, 54, 0
0, 127, 0
0, 43, 0
1, 401, 0
1, 415, 0
1, 199, 0
0, 48, 0
1, 146, 0
1, 128, 0
0, 2518, 1
1, 294, 1
1, 386, 0
1, 323, 0
1, 207, 0
0, 52, 0
0, 4592, 0
1, 230, 0
1, 292, 0
0, 66, 0
0, 53, 0
1, 419, 0
1, 193, 0
1, 575, 0
0, 90, 0
1, 321, 0
0, 65, 0
1, 379, 0
0, 237, 0
1, 200, 0
1, 525, 0
1, 76, 0
1, 128, 0
1, 601, 0
1, 895, 0
1, 249, 0
1, 268, 0
1, 237, 0
1, 420, 0
0, 252, 0
1, 541, 0
0, 1347, 0
1, 497, 0
1, 499, 0
1, 590, 0
1, 592, 1
1, 140, 0
1, 467, 0
1, 116, 0
1, 216, 0
1, 361, 0
1, 503, 0
1, 460, 0
1, 193, 0
1, 98, 1
1, 289, 0
1, 216, 0
0, 390, 1
1, 793, 0
1, 636, 1
0, 192, 1
0, 1948, 1
0, 8, 0
1, 152, 0
1, 109, 0
0, 240, 0
1, 365, 0
0, 63, 0
0, 59, 0
1, 374, 1
1, 571, 0
1, 411, 0
0, 141, 0
0, 137, 0
1, 358, 0
1, 112, 0
1, 187, 0
1, 453, 0
0, 174, 0
0, 212, 1
1, 519, 0
1, 284, 0
0, 89, 0
0, 90, 0
1, 371, 0
1, 464, 0
1, 99, 0
1, 453, 0
1, 1017, 1
1, 157, 0
1, 3391, 0
1, 178, 0
1, 9, 0
1, 252, 0
1, 380, 0
1, 417, 0
1, 170, 0
1, 85, 0
0, 87, 0
1, 190, 0
1, 437, 0
1, 338, 0
1, 1182, 0
1, 1234, 0
1, 122, 0
1, 308, 0
1, 328, 0
1, 90, 0
0, 445, 0
1, 716, 0
0, 18, 0
0, 16, 0
1, 159, 0
0, 25, 1
0, 25, 0
0, 33, 0
1, 108, 0
0, 277, 1
1, 353, 0
0, 333, 0
1, 0, 0
1, 196, 0
1, 67, 0
1, 384, 0
1, 255, 0
1, 99, 0
0, 63, 0
0, 885, 1
1, 143, 0
1, 154, 0
1, 343, 0
1, 172, 0
1, 219, 1
1, 475, 0
0, 200, 0
0, 23, 0
0, 225, 0
1, 115, 0
1, 222, 0
1, 553, 0
1, 194, 0
1, 129, 0
1, 446, 0
1, 373, 0
1, 384, 0
1, 160, 0
1, 112, 0
1, 842, 1
1, 931, 0
1, 118, 0
0, 92, 0
1, 373, 1
0, 110, 0
1, 532, 0
1, 530, 0
1, 2408, 0
1, 553, 0
1, 40, 0
0, 696, 0
1, 333, 0
1, 150, 0
1, 194, 0
1, 537, 0
1, 161, 0
1, 371, 0
1, 133, 0
0, 141, 0
1, 131, 1
1, 370, 0
1, 178, 0
1, 348, 0
1, 185, 0
1, 178, 0
1, 169, 0
0, 213, 1
1, 323, 0
1, 1279, 0
0, 192, 0
0, 5, 0
0, 5, 0
0, 5, 1
0, 5, 0
0, 5, 0
0, 5, 0
0, 5, 0
1, 434, 0
1, 116, 0
1, 452, 1
1, 448, 0
1, 239, 0
0, 59, 0
0, 52, 0
0, 64, 0
1, 343, 0
1, 113, 0
0, 176, 0
1, 110, 0
1, 193, 0
1, 139, 0
1, 369, 0
1, 122, 0
1, 184, 0
1, 306, 0
0, 415, 0
1, 844, 0
0, 622, 0
1, 354, 0
1, 1091, 0
1, 354, 0
1, 92, 0
1, 328, 0
1, 330, 0
0, 3132, 0
0, 5, 0
0, 5, 0
0, 5, 0
1, 444, 0
1, 189, 0
1, 283, 0
1, 343, 0
1, 360, 0
1, 282, 0
1, 113, 0
1, 430, 0
1, 568, 0
0, 167, 0
0, 56, 0
0, 297, 1
1, 128, 1
0, 60, 1
1, 2313, 1
1, 344, 0
1, 343, 0
1, 156, 0
1, 187, 0
1, 203, 0
1, 133, 0
1, 197, 0
1, 359, 0
1, 262, 0
1, 359, 0
1, 357, 0
0, 83, 0
1, 368, 0
1, 71, 0
1, 1730, 0
1, 106, 0
1, 145, 0
1, 385, 0
1, 558, 1
1, 511, 0
0, 1678, 1
1, 189, 0
1, 438, 0
1, 347, 0
0, 267, 1
1, 341, 0
1, 1365, 0
1, 217, 0
1, 289, 0
0, 125, 0
1, 101, 0
1, 156, 0
1, 291, 0
1, 99, 0
0, 156, 0
1, 141, 0
1, 178, 0
1, 427, 1
1, 1747, 0
1, 23, 1
0, 698, 0
1, 146, 0
1, 393, 0
1, 455, 1
1, 709, 1
1, 438, 0
1, 347, 0
1, 124, 0
1, 156, 0
1, 161, 0
0, 191, 0
1, 142, 0
1, 291, 1
1, 260, 0
1, 294, 0
0, 90, 0
1, 270, 0
1, 176, 0
1, 314, 0
1, 1959, 0
1, 261, 0
1, 86, 0
1, 46, 0
1, 208, 0
1, 342, 0
1, 111, 0
1, 370, 0
1, 478, 0
1, 464, 0
1, 20, 0
1, 387, 0
1, 290, 0
1, 696, 0
1, 138, 0
0, 3063, 1
1, 117, 0
1, 414, 0
0, 63, 0
1, 317, 0
1, 488, 0
1, 431, 0
1, 242, 0
1, 352, 1
1, 393, 1
1, 172, 0
0, 1045, 1
1, 459, 0
1, 161, 0
1, 334, 0
1, 128, 0
1, 192, 0
1, 120, 0
1, 250, 0
1, 124, 0
1, 1642, 0
0, 179, 0
1, 218, 0
0, 272, 0
0, 3164, 1
1, 247, 0
1, 152, 0
1, 322, 0
1, 85, 0
1, 332, 0
1, 264, 0
1, 66, 0
1, 182, 0
1, 555, 0
1, 501, 0
1, 88, 0
1, 46, 0
1, 1180, 0
1, 235, 1
1, 199, 0
1, 593, 0
1, 84, 0
1, 129, 0
1, 446, 0
1, 467, 0
1, 954, 0
1, 229, 0
1, 522, 0
1, 533, 0
0, 3494, 1
0, 156, 0
1, 251, 0
1, 129, 1
1, 119, 1
1, 97, 1
1, 139, 0
0, 1726, 1
0, 180, 0
1, 502, 0
1, 679, 0
1, 87, 0
1, 613, 0
0, 170, 0
1, 499, 0
1, 2315, 0
1, 180, 0
1, 131, 0
1, 391, 0
1, 505, 0
1, 212, 0
1, 100, 0
1, 544, 0
1, 464, 0
1, 105, 0
0, 206, 0
1, 157, 1
1, 4020, 0
1, 458, 0
1, 557, 0
1, 411, 0
1, 594, 0
1, 122, 0
1, 525, 0
1, 499, 0
1, 753, 0
1, 135, 0
1, 102, 0
1, 192, 1
1, 367, 0
1, 239, 0
1, 504, 0
0, 12, 0
0, 12, 0
1, 405, 0
0, 49, 0
0, 90, 0
1, 166, 0
1, 65, 0
1, 140, 1
1, 199, 1
1, 339, 0
1, 43, 0
0, 173, 0
1, 183, 1
1, 593, 0
1, 377, 0
1, 103, 0
1, 176, 0
1, 117, 0
1, 224, 0
1, 368, 0
1, 141, 0
1, 158, 0
1, 315, 0
1, 144, 0
1, 148, 0
1, 320, 0
1, 222, 0
1, 299, 0
1, 36, 0
1, 415, 0
0, 39, 0
1, 479, 0
0, 23, 0
0, 21, 1
1, 314, 0
0, 0, 0
0, 0, 0
0, 0, 0
0, 0, 0
0, 0, 0
0, 0, 0
1, 192, 0
1, 1032, 0
1, 78, 0
1, 145, 0
1, 639, 0
1, 189, 0
1, 515, 0
1, 451, 0
1, 433, 0
1, 34, 0
1, 31, 1
1, 606, 0
1, 332, 0
1, 198, 0
1, 447, 0
1, 378, 0
1, 120, 0
1, 343, 0
1, 202, 0
1, 204, 0
1, 290, 0
0, 328, 0
0, 21, 0
0, 21, 0
1, 600, 0
1, 559, 0
1, 31, 0
1, 289, 0
0, 2899, 1
1, 0, 0
0, 656, 0
1, 298, 0
1, 449, 1
1, 51, 0
1, 280, 0
1, 102, 0
1, 137, 1
1, 82, 0
1, 575, 0
1, 294, 0
1, 159, 0
1, 168, 0
0, 191, 0
1, 316, 0
1, 292, 0
1, 329, 0
1, 507, 0
1, 109, 0
0, 276, 0
1, 265, 0
1, 497, 0
1, 532, 0
1, 506, 0
1, 108, 1
0, 262, 0
0, 460, 0
0, 3516, 1
0, 767, 1
0, 1584, 1
1, 581, 0
1, 219, 0
0, 241, 0
0, 1192, 1
0, 119, 0
1, 152, 0
1, 510, 0
1, 361, 0
1, 58, 0
1, 596, 0
0, 225, 0
1, 116, 0
1, 109, 0
1, 460, 0
1, 87, 0
1, 466, 0
1, 504, 0
1, 323, 0
1, 439, 0
1, 198, 0
0, 266, 0
1, 121, 0
1, 3323, 1
1, 462, 0
1, 112, 0
1, 446, 0
0, 83, 0
1, 258, 0
1, 385, 0
1, 132, 0
1, 155, 0
1, 318, 0
1, 329, 0
1, 783, 0
1, 392, 0
1, 396, 0
1, 22, 0
1, 122, 0
1, 155, 0
1, 326, 0
1, 317, 0
0, 9, 0
0, 9, 0
0, 9, 0
0, 9, 0
0, 12, 0
0, 11, 0
0, 12, 0
0, 12, 0
0, 12, 0
0, 12, 0
1, 189, 0
1, 227, 0
1, 317, 1
1, 176, 0
1, 409, 0
1, 232, 0
1, 227, 0
1, 473, 1
1, 316, 0
1, 388, 0
1, 591, 0
1, 119, 0
0, 48, 0
0, 1479, 1
1, 248, 0
1, 427, 0
1, 580, 1
1, 553, 0
0, 1084, 0
0, 374, 0
1, 350, 0
1, 389, 0
1, 189, 0
1, 190, 0
1, 267, 0
0, 90, 0
1, 272, 0
1, 315, 0
1, 468, 0
0, 90, 0
1, 488, 0
1, 67, 0
1, 1083, 0
1, 115, 0
1, 637, 0
1, 103, 0
1, 165, 0
1, 620, 0
1, 101, 0
1, 123, 0
1, 108, 0
1, 448, 0
1, 190, 0
1, 309, 1
1, 366, 1
1, 154, 0
1, 461, 0
1, 157, 0
1, 282, 0
1, 3647, 0
1, 141, 0
1, 205, 0
1, 350, 0
1, 104, 0
1, 222, 0
0, 114, 0
0, 259, 0
1, 217, 0
1, 500, 0
1, 183, 0
1, 407, 0
1, 386, 0
1, 413, 0
1, 35, 0
1, 434, 0
1, 174, 1
1, 112, 0
1, 418, 0
1, 162, 0
1, 399, 0
1, 345, 0
1, 457, 0
0, 59, 0
1, 414, 0
1, 322, 0
1, 143, 0
1, 175, 0
0, 13, 0
0, 4, 0
0, 5, 0
0, 4, 0
0, 5, 0
0, 4, 0
0, 4, 0
0, 4, 0
0, 5, 0
0, 5, 0
0, 4, 0
0, 5, 0
0, 9, 0
0, 11, 0
0, 9, 0
1, 500, 0
0, 61, 0
1, 98, 0
0, 307, 0
1, 151, 0
1, 102, 0
0, 6485, 1
1, 394, 0
1, 148, 0
1, 511, 0
1, 255, 0
1, 329, 0
1, 318, 0
1, 472, 0
1, 395, 1
0, 396, 0
1, 121, 0
1, 357, 0
1, 183, 0
1, 191, 0
1, 225, 0
1, 456, 0
1, 397, 0
1, 1159, 0
1, 83, 0
1, 328, 0
0, 570, 0
1, 482, 1
1, 433, 0
1, 359, 0
0, 554, 0
1, 214, 0
1, 88, 0
1, 187, 0
1, 95, 0
0, 743, 1
1, 166, 1
1, 145, 0
0, 586, 0
1, 182, 0
1, 338, 0
1, 355, 0
1, 156, 0
1, 149, 0
1, 91, 0
1, 233, 1
1, 853, 0
1, 61, 0
0, 204, 1
1, 1182, 1
0, 176, 0
0, 2056, 1
1, 140, 0
1, 401, 0
1, 222, 0
1, 373, 1
1, 530, 0
1, 916, 0
0, 1135, 1
0, 131, 0
1, 442, 0
1, 595, 0
1, 455, 0
1, 126, 0
1, 87, 0
1, 113, 0
0, 0, 0
0, 100, 0
1, 435, 1
1, 235, 0
1, 228, 0
1, 320, 0
1, 3893, 1
1, 172, 0
1, 440, 0
1, 112, 1
0, 216, 0
1, 172, 0
1, 1163, 0
1, 239, 0
1, 218, 0
1, 342, 0
0, 0, 0
0, 0, 0
0, 0, 0
0, 0, 0
0, 0, 0
0, 0, 0
0, 0, 0
0, 0, 0
0, 0, 0
0, 0, 0
0, 0, 0
0, 0, 0
0, 0, 0
0, 0, 0
1, 152, 0
1, 179, 0
1, 125, 0
1, 1186, 0
1, 396, 0
1, 133, 0
1, 686, 0
1, 87, 0
0, 153, 0
1, 494, 0
1, 346, 0
0, 11, 0
0, 11, 0
0, 11, 0
0, 11, 0
0, 11, 0
0, 11, 0
1, 211, 0
0, 5, 1
0, 5, 0
0, 5, 0
0, 274, 0
1, 537, 0
1, 373, 1
1, 114, 1
1, 149, 1
1, 388, 0
0, 37, 0
0, 37, 0
1, 206, 0
1, 80, 0
1, 361, 0
0, 22, 0
0, 21, 1
0, 22, 0
0, 18, 0
1, 451, 0
1, 384, 0
0, 251, 0
1, 568, 1
0, 87, 0
1, 131, 0
1, 302, 0
1, 227, 0
0, 834, 0
0, 242, 0
0, 279, 0
0, 199, 0
0, 62, 0
0, 59, 0
1, 529, 0
1, 476, 0
0, 1295, 1
0, 204, 0
1, 700, 0
1, 398, 0
1, 5, 0
1, 137, 0
1, 254, 1
1, 64, 0
1, 1536, 0
0, 205, 0
1, 235, 0
1, 188, 0
1, 392, 0
1, 479, 0
1, 205, 0
0, 207, 0
1, 375, 1
1, 478, 0
0, 791, 0
0, 122, 0
0, 109, 0
0, 630, 0
1, 531, 0
1, 165, 0
1, 367, 0
1, 422, 0
0, 719, 1
0, 494, 0
1, 175, 0
1, 235, 0
1, 1063, 0
1, 4250, 0
1, 117, 0
1, 568, 0
1, 371, 0
0, 297, 0
0, 5990, 1
1, 318, 0
1, 363, 0
0, 288, 0
1, 414, 0
1, 243, 0
1, 501, 0
1, 461, 0
1, 591, 0
0, 2537, 0
1, 104, 0
1, 173, 0
1, 374, 0
0, 298, 0
0, 69, 0
1, 411, 0
1, 164, 0
1, 1390, 0
1, 345, 0
0, 452, 0
1, 106, 1
1, 465, 0
1, 35, 0
1, 77, 0
1, 71, 0
1, 541, 0
1, 119, 0
1, 436, 0
0, 447, 0
1, 140, 0
1, 374, 0
1, 447, 1
1, 771, 0
1, 102, 0
0, 215, 0
1, 329, 0
1, 400, 1
1, 542, 1
0, 218, 0
1, 112, 0
1, 542, 1
1, 355, 0
0, 289, 0
1, 425, 0
1, 187, 1
0, 5948, 1
1, 1364, 0
1, 379, 0
1, 491, 0
0, 219, 0
1, 548, 0
0, 234, 0
0, 61, 0
0, 60, 0
0, 204, 0
1, 102, 1
1, 359, 0
1, 98, 0
1, 103, 0
1, 430, 0
1, 382, 0
1, 62, 0
1, 447, 0
1, 126, 0
1, 361, 0
1, 107, 0
0, 214, 0
1, 567, 0
1, 585, 0
0, 226, 1
1, 114, 0
1, 244, 0
1, 154, 1
1, 365, 0
1, 474, 0
1, 242, 0
0, 68, 0
0, 68, 0
1, 243, 0
1, 1850, 0
1, 186, 0
0, 158, 0
1, 547, 0
1, 2946, 0
1, 173, 0
1, 77, 0
1, 70, 0
1, 427, 0
1, 138, 0
1, 0, 0
1, 431, 0
1, 431, 1
1, 84, 0
1, 120, 0
1, 338, 0
1, 203, 0
1, 526, 0
0, 39, 0
1, 449, 0
0, 49, 0
0, 49, 0
1, 493, 0
1, 424, 0
1, 181, 0
1, 432, 1
1, 250, 0
1, 415, 0
1, 147, 0
1, 184, 0
1, 426, 0
0, 74, 0
1, 452, 0
1, 175, 0
1, 608, 0
0, 55, 0
1, 308, 0
1, 94, 0
1, 645, 0
1, 241, 1
0, 367, 0
0, 2880, 1
1, 144, 0
0, 90, 0
1, 734, 0
0, 435, 0
1, 109, 0
1, 282, 0
1, 467, 0
0, 648, 1
0, 411, 0
1, 327, 0
1, 468, 0
1, 431, 0
1, 299, 0
0, 480, 0
0, 333, 0
1, 211, 0
1, 223, 0
1, 223, 0
1, 282, 0
1, 100, 0
0, 489, 0
1, 374, 0
1, 58, 0
0, 56, 0
1, 179, 0
1, 439, 1
1, 460, 0
0, 322, 0
1, 357, 0
0, 59, 0
1, 88, 0
0, 49, 0
0, 51, 1
0, 51, 1
0, 55, 1
1, 942, 0
0, 115, 0
1, 114, 0
1, 79, 0
1, 32, 0
1, 408, 0
1, 270, 0
1, 130, 0
1, 134, 0
0, 149, 0
1, 475, 0
1, 360, 0
1, 157, 0
1, 534, 0
1, 480, 0
1, 127, 0
1, 186, 0
1, 365, 0
1, 365, 0
0, 209, 0
1, 106, 0
1, 446, 0
1, 519, 0
1, 160, 0
1, 232, 0
1, 60, 0
1, 110, 0
1, 366, 0
0, 327, 0
1, 110, 0
1, 184, 0
1, 162, 0
1, 99, 0
1, 237, 0
1, 324, 0
1, 209, 0
1, 179, 0
0, 435, 0
1, 435, 0
1, 283, 0
1, 130, 0
1, 526, 0
1, 118, 0
1, 115, 0
1, 308, 0
1, 312, 0
1, 473, 0
1, 165, 0
1, 465, 0
1, 334, 0
1, 151, 0
1, 155, 0
0, 198, 0
1, 591, 0
1, 256, 0
1, 318, 0
1, 0, 0
1, 488, 0
1, 984, 0
1, 104, 0
1, 395, 1
1, 468, 0
1, 238, 0
1, 302, 0
1, 209, 0
1, 577, 0
1, 426, 0
1, 133, 0
1, 149, 0
0, 29, 0
0, 27, 0
1, 553, 0
1, 158, 0
1, 180, 0
1, 326, 0
1, 146, 1
1, 96, 0
0, 52, 0
1, 101, 0
1, 477, 0
1, 487, 0
0, 60, 0
1, 309, 0
1, 209, 0
1, 259, 0
1, 467, 0
1, 179, 0
1, 358, 0
1, 938, 0
1, 196, 1
1, 569, 0
1, 220, 0
0, 221, 0
1, 76, 0
1, 323, 0
1, 376, 1
1, 372, 0
1, 370, 0
1, 568, 0
1, 344, 0
1, 424, 0
1, 661, 0
1, 232, 0
1, 178, 0
0, 440, 0
1, 456, 0
1, 582, 0
1, 87, 0
1, 237, 0
0, 170, 0
1, 153, 0
1, 345, 0
0, 35, 0
0, 163, 0
1, 192, 0
1, 152, 0
1, 391, 0
1, 425, 0
0, 1203, 1
1, 149, 0
1, 274, 1
1, 162, 0
1, 506, 0
1, 136, 0
1, 154, 0
0, 69, 0
1, 112, 1
1, 444, 1
1, 159, 0
1, 28, 0
1, 85, 0
1, 198, 0
1, 383, 0
1, 551, 0
1, 144, 0
1, 326, 0
1, 671, 1
1, 104, 0
0, 1255, 0
1, 241, 0
0, 16, 1
1, 591, 1
0, 6208, 0
0, 203, 0
1, 525, 0
1, 395, 0
1, 208, 0
1, 327, 0
1, 237, 1
1, 115, 0
0, 522, 0
0, 229, 1
1, 236, 0
1, 97, 0
1, 161, 0
0, 189, 0
1, 183, 0
1, 90, 0
1, 547, 0
1, 124, 0
1, 169, 0
1, 2002, 1
1, 476, 1
1, 251, 0
1, 331, 0
1, 3213, 0
1, 272, 0
1, 102, 0
0, 518, 0
1, 203, 0
0, 57, 0
0, 118, 0
0, 53, 0
1, 243, 0
1, 188, 0
0, 45, 0
1, 166, 0
0, 56, 0
1, 143, 0
0, 59, 0
1, 180, 0
0, 63, 0
0, 57, 0
1, 302, 1
1, 126, 0
1, 124, 0
1, 337, 0
1, 74, 1
1, 2695, 0
1, 138, 0
1, 172, 0
1, 303, 0
1, 95, 0
1, 145, 0
0, 1283, 1
1, 475, 0
1, 386, 0
1, 444, 0
1, 439, 0
1, 440, 0
1, 1031, 0
1, 554, 0
1, 334, 0
1, 405, 0
1, 109, 0
1, 503, 0
1, 247, 0
1, 238, 0
1, 369, 0
1, 112, 0
0, 147, 0
1, 178, 0
1, 144, 0
1, 661, 0
1, 175, 0
0, 309, 0
1, 224, 0
1, 481, 0
1, 375, 0
1, 190, 0
1, 547, 0
1, 406, 1
1, 210, 0
1, 681, 0
1, 3270, 0
1, 878, 1
0, 21, 0
0, 20, 0
1, 498, 0
1, 505, 0
1, 173, 1
1, 212, 0
1, 150, 0
0, 0, 0
1, 274, 0
1, 411, 1
1, 1080, 0
1, 287, 0
1, 323, 0
1, 182, 0
1, 190, 0
1, 466, 0
1, 639, 0
1, 475, 0
1, 48, 0
1, 66, 0
0, 0, 0
0, 185, 0
1, 144, 0
1, 131, 0
1, 227, 1
1, 414, 0
1, 140, 1
1, 74, 0
1, 153, 0
1, 97, 0
0, 0, 1
0, 0, 0
0, 0, 0
0, 0, 0
1, 1, 0
0, 0, 1
0, 0, 0
0, 0, 0
1, 94, 0
1, 338, 0
0, 629, 0
1, 144, 0
1, 495, 0
1, 137, 1
0, 185, 0
0, 477, 0
1, 618, 0
1, 280, 0
0, 523, 1
1, 476, 0
1, 345, 0
1, 137, 0
1, 552, 0
1, 91, 0
0, 19, 0
1, 60, 0
1, 564, 0
0, 29, 0
0, 29, 0
1, 430, 0
1, 363, 0
1, 191, 0
0, 37, 0
1, 104, 0
0, 2411, 1
1, 546, 0
1, 290, 0
1, 636, 1
1, 489, 0
1, 104, 0
0, 185, 0
1, 267, 0
1, 102, 0
1, 70, 0
1, 499, 1
1, 107, 0
1, 397, 0
1, 476, 0
1, 360, 0
1, 147, 0
1, 124, 0
0, 64, 0
0, 298, 1
1, 220, 0
1, 922, 0
1, 287, 0
1, 761, 0
1, 209, 0
1, 340, 1
1, 103, 0
1, 123, 0
1, 274, 0
1, 142, 0
1, 288, 1
1, 115, 0
1, 469, 0
1, 308, 1
1, 100, 0
1, 290, 0
1, 95, 0
0, 384, 0
1, 34, 0
0, 265, 0
1, 213, 0
1, 171, 0
1, 156, 0
1, 370, 0
1, 362, 0
1, 524, 0
1, 273, 0
1, 120, 0
1, 227, 0
1, 523, 0
1, 261, 0
1, 775, 0
1, 277, 1
1, 310, 0
0, 460, 0
1, 557, 0
1, 335, 0
1, 289, 1
1, 381, 0
1, 70, 0
1, 250, 0
1, 167, 0
1, 62, 0
1, 98, 0
1, 473, 0
1, 201, 0
1, 537, 0
1, 155, 0
1, 297, 0
1, 456, 0
1, 148, 0
0, 477, 0
1, 61, 0
1, 104, 0
0, 47, 0
1, 117, 1
1, 257, 0
1, 76, 0
1, 207, 0
0, 207, 0
1, 107, 0
1, 146, 0
1, 162, 0
1, 880, 1
1, 125, 0
1, 151, 0
1, 111, 0
0, 1764, 1
1, 466, 0
1, 192, 0
1, 53, 0
1, 333, 0
1, 213, 0
1, 64, 0
0, 213, 0
1, 208, 0
1, 153, 0
1, 455, 0
1, 516, 0
1, 171, 0
1, 629, 0
1, 393, 0
1, 184, 0
1, 441, 0
0, 972, 0
0, 0, 0
1, 188, 0
1, 184, 0
1, 79, 0
1, 366, 0
1, 108, 0
1, 431, 0
1, 534, 0
1, 609, 0
1, 164, 0
1, 501, 0
0, 35, 0
1, 184, 0
1, 485, 0
1, 200, 0
1, 154, 0
1, 179, 0
1, 71, 0
0, 277, 0
1, 228, 0
1, 711, 0
1, 501, 0
1, 355, 0
1, 398, 0
1, 428, 0
1, 523, 0
1, 115, 0
1, 157, 0
1, 325, 0
1, 566, 0
1, 315, 0
1, 339, 0
1, 114, 0
1, 255, 0
0, 945, 0
1, 298, 0
0, 432, 0
1, 202, 0
1, 118, 0
0, 53, 1
1, 524, 0
1, 204, 0
1, 112, 0
1, 462, 0
1, 514, 0
1, 609, 1
1, 122, 0
1, 344, 0
1, 217, 1
1, 81, 0
1, 331, 0
1, 190, 0
1, 315, 0
1, 160, 0
1, 217, 0
1, 91, 0
0, 378, 0
1, 122, 0
1, 826, 0
1, 123, 0
1, 406, 0
1, 148, 0
1, 99, 0
1, 531, 0
1, 248, 0
1, 340, 0
1, 186, 0
1, 324, 1
1, 110, 0
0, 57, 0
1, 309, 0
1, 479, 0
0, 20, 0
1, 432, 0
1, 166, 0
1, 514, 0
1, 199, 0
1, 42, 0
1, 529, 0
1, 216, 0
1, 628, 0
1, 342, 0
1, 170, 1
1, 156, 0
1, 401, 0
1, 296, 1
1, 413, 0
1, 513, 0
1, 107, 0
0, 53, 0
0, 284, 1
1, 153, 0
1, 410, 0
1, 115, 0
1, 601, 0
1, 77, 0
1, 189, 0
1, 186, 1
0, 170, 0
1, 103, 0
1, 424, 0
0, 80, 0
0, 90, 1
1, 59, 0
1, 137, 0
1, 362, 0
1, 442, 1
1, 215, 1
1, 134, 0
1, 93, 0
1, 106, 1
1, 606, 0
1, 489, 1
0, 632, 0
0, 32, 0
0, 55, 0
0, 39, 0
1, 202, 0
1, 511, 0
1, 76, 0
1, 375, 0
1, 278, 0
1, 2509, 0
0, 31, 0
1, 233, 0
1, 132, 0
1, 241, 0
1, 925, 0
0, 59, 0
1, 163, 1
1, 291, 0
1, 481, 0
0, 33, 0
1, 1, 0
1, 196, 0
1, 185, 0
0, 981, 0
1, 536, 1
0, 2653, 0
0, 330, 0
0, 592, 1
1, 213, 0
1, 341, 0
0, 344, 0
1, 312, 0
1, 218, 0
1, 281, 0
1, 169, 0
0, 303, 0
1, 391, 0
1, 19, 0
0, 218, 0
1, 344, 0
1, 196, 1
1, 162, 0
1, 222, 0
1, 321, 0
0, 0, 0
0, 0, 0
0, 0, 0
0, 0, 0
0, 0, 0
0, 0, 1
0, 0, 0
0, 0, 0
0, 0, 0
0, 0, 0
0, 0, 0
0, 0, 0
1, 573, 0
0, 428, 0
1, 600, 0
1, 300, 1
1, 175, 0
1, 165, 0
0, 338, 0
1, 389, 0
1, 544, 0
1, 35, 0
0, 140, 0
0, 90, 0
1, 128, 0
1, 493, 0
1, 272, 0
1, 109, 0
1, 410, 0
1, 416, 0
1, 823, 1
1, 162, 0
1, 363, 1
1, 356, 1
0, 61, 0
1, 481, 1
0, 49, 0
0, 39, 0
0, 39, 0
1, 508, 0
1, 460, 0
1, 512, 1
1, 309, 0
0, 63, 0
1, 476, 0
1, 278, 1
1, 582, 0
0, 121, 0
1, 934, 0
0, 17, 0
0, 17, 0
0, 17, 0
0, 17, 0
0, 23, 0
0, 23, 0
0, 23, 0
0, 30, 0
0, 48, 0
0, 52, 0
0, 50, 0
1, 470, 0
1, 481, 0
0, 44, 0
1, 475, 0
1, 532, 0
1, 501, 0
1, 362, 0
1, 353, 0
0, 11, 1
0, 11, 0
0, 11, 0
0, 11, 0
0, 11, 0
1, 182, 0
0, 90, 0
1, 525, 0
0, 60, 0
0, 59, 0
1, 542, 1
1, 360, 0
1, 322, 0
1, 348, 0
1, 350, 0
1, 177, 0
1, 396, 0
1, 477, 0
1, 57, 0
1, 385, 0
1, 221, 0
0, 337, 0
0, 90, 0
1, 237, 0
1, 335, 0
1, 464, 0
1, 582, 0
1, 481, 0
1, 112, 1
1, 75, 0
1, 68, 0
1, 195, 0
1, 167, 0
0, 108, 0
1, 314, 0
1, 210, 0
1, 480, 0
1, 453, 0
0, 135, 0
1, 207, 0
0, 111, 0
1, 168, 0
1, 435, 0
1, 415, 0
0, 157, 0
1, 1012, 0
1, 190, 0
1, 351, 0
1, 391, 0
1, 202, 0
1, 156, 0
1, 737, 0
1, 522, 1
1, 417, 0
1, 408, 0
1, 490, 0
1, 273, 0
1, 224, 0
1, 494, 0
1, 483, 0
1, 355, 0
1, 522, 0
1, 74, 0
1, 214, 0
1, 115, 0
1, 115, 0
1, 257, 0
0, 0, 0
0, 79, 0
1, 422, 0
0, 52, 0
1, 205, 0
1, 75, 1
1, 401, 0
1, 158, 0
0, 246, 0
1, 432, 0
1, 112, 0
1, 333, 0
1, 420, 0
1, 1209, 0
1, 288, 0
1, 393, 0
1, 85, 0
1, 43, 0
1, 348, 0
1, 299, 0
1, 465, 0
1, 118, 0
1, 520, 0
1, 84, 1
1, 115, 0
1, 109, 0
0, 62, 0
1, 1374, 1
1, 477, 0
1, 457, 0
1, 410, 0
1, 457, 0
1, 123, 0
1, 115, 0
1, 524, 0
1, 489, 0
1, 477, 0
1, 528, 0
0, 725, 0
1, 310, 0
0, 51, 0
1, 1157, 0
1, 81, 0
1, 360, 0
0, 35, 0
1, 312, 0
0, 437, 0
1, 526, 0
1, 148, 0
1, 99, 0
1, 256, 0
1, 259, 0
1, 586, 0
0, 272, 0
1, 204, 0
1, 66, 0
1, 74, 0
1, 194, 0
0, 37, 0
0, 38, 0
0, 38, 0
1, 209, 0
1, 70, 0
1, 52, 0
1, 327, 0
1, 29, 0
1, 570, 1
1, 65, 0
1, 446, 0
1, 45, 1
0, 133, 0
0, 90, 0
1, 227, 0
1, 396, 1
1, 138, 0
0, 241, 0
1, 1428, 0
1, 109, 0
1, 323, 0
1, 1099, 0
1, 472, 0
1, 315, 0
1, 119, 0
1, 269, 0
1, 431, 0
1, 531, 0
1, 89, 0
1, 130, 0
0, 124, 0
1, 434, 0
1, 50, 1
0, 769, 0
1, 144, 0
1, 451, 0
0, 452, 1
1, 112, 0
1, 363, 0
0, 364, 0
0, 169, 0
1, 96, 0
1, 283, 0
0, 260, 1
1, 133, 0
0, 54, 0
1, 334, 0
1, 225, 0
1, 603, 0
0, 6, 0
0, 6, 0
0, 6, 0
0, 13, 0
0, 13, 0
1, 528, 0
1, 93, 0
1, 111, 0
1, 340, 0
1, 368, 0
1, 191, 0
1, 693, 0
0, 57, 0
1, 524, 0
1, 187, 0
1, 427, 0
1, 480, 0
1, 560, 0
1, 228, 0
1, 51, 0
1, 182, 0
1, 197, 0
1, 216, 0
1, 68, 0
1, 117, 0
1, 289, 0
0, 126, 0
1, 495, 0
0, 357, 0
1, 119, 0
1, 215, 0
1, 454, 0
1, 158, 0
1, 262, 0
1, 525, 0
1, 546, 0
1, 449, 0
1, 462, 0
1, 225, 0
1, 599, 0
1, 193, 0
1, 910, 1
1, 517, 0
1, 184, 0
1, 109, 0
1, 52, 0
1, 322, 1
1, 106, 0
0, 335, 0
1, 532, 0
1, 559, 0
1, 104, 0
1, 469, 0
1, 170, 0
1, 193, 1
1, 486, 1
0, 275, 0
1, 217, 1
1, 159, 0
1, 200, 0
1, 497, 0
1, 248, 0
1, 93, 0
1, 230, 0
1, 204, 0
1, 578, 0
1, 411, 0
1, 455, 0
1, 723, 0
0, 273, 0
1, 160, 0
1, 435, 0
1, 112, 0
1, 486, 1
0, 712, 1
1, 126, 0
1, 480, 0
1, 58, 0
0, 492, 1
1, 386, 0
0, 483, 0
0, 1469, 0
1, 553, 0
0, 3, 0
1, 162, 0
1, 90, 0
1, 105, 0
1, 526, 0
1, 1023, 0
1, 538, 0
1, 623, 0
1, 361, 0
1, 562, 0
1, 126, 0
1, 531, 0
1, 154, 0
1, 401, 0
0, 437, 0
1, 10, 0
0, 180, 0
1, 159, 0
1, 194, 0
1, 347, 0
1, 452, 0
1, 269, 0
1, 155, 0
1, 324, 0
1, 189, 1
1, 246, 0
1, 163, 0
1, 180, 0
1, 487, 0
1, 546, 1
1, 514, 0
1, 623, 0
1, 284, 0
1, 207, 0
1, 340, 0
0, 53, 0
0, 61, 0
0, 99, 0
0, 18, 0
0, 18, 0
0, 18, 0
0, 18, 0
0, 12, 0
0, 12, 0
0, 12, 0
0, 12, 0
0, 12, 0
0, 12, 0
0, 77, 0
1, 213, 0
1, 140, 0
1, 650, 0
1, 273, 0
1, 16, 0
1, 179, 0
1, 226, 0
1, 384, 0
1, 125, 0
1, 351, 0
1, 73, 0
1, 306, 0
1, 79, 1
1, 106, 0
1, 428, 1
1, 182, 1
1, 131, 0
0, 114, 0
1, 122, 0
1, 216, 0
1, 688, 0
1, 371, 0
1, 2106, 0
1, 111, 0
1, 485, 0
1, 627, 0
1, 636, 1
0, 965, 1
1, 121, 0
1, 96, 0
1, 162, 1
0, 264, 0
1, 105, 0
1, 297, 1
0, 47, 1
1, 623, 0
1, 254, 0
1, 114, 0
1, 342, 0
1, 499, 0
1, 378, 0
1, 378, 0
1, 479, 0
0, 14, 0
0, 14, 1
0, 14, 0
0, 14, 0
0, 14, 0
1, 340, 0
1, 398, 0
1, 683, 0
1, 123, 0
1, 74, 0
1, 75, 0
1, 114, 0
1, 517, 0
0, 392, 0
0, 112, 0
1, 473, 0
1, 87, 0
1, 225, 0
0, 212, 1
1, 149, 0
1, 361, 0
1, 164, 0
1, 285, 0
1, 326, 1
1, 745, 0
0, 90, 0
1, 194, 1
1, 181, 0
1, 54, 0
0, 3, 0
1, 462, 0
0, 14, 0
0, 47, 0
0, 14, 0
1, 424, 0
0, 226, 0
1, 383, 1
1, 1099, 0
1, 577, 0
1, 57, 0
0, 83, 0
1, 397, 0
1, 697, 1
0, 264, 0
1, 386, 0
1, 302, 0
1, 449, 1
1, 235, 0
1, 419, 0
1, 600, 1
1, 465, 0
1, 7, 0
1, 312, 0
1, 425, 0
1, 160, 0
1, 99, 0
1, 281, 0
1, 369, 0
1, 81, 0
1, 563, 0
1, 436, 0
1, 164, 0
1, 468, 0
1, 513, 0
1, 1091, 0
1, 93, 0
1, 435, 0
0, 781, 1
1, 204, 0
1, 2141, 1
1, 512, 0
1, 447, 0
1, 174, 1
1, 178, 0
1, 81, 0
1, 2384, 0
1, 693, 0
1, 324, 0
1, 463, 0
0, 59, 0
1, 194, 0
1, 624, 1
1, 107, 0
1, 198, 0
1, 194, 0
1, 462, 0
1, 470, 0
1, 565, 0
0, 170, 0
1, 84, 0
1, 1402, 1
0, 60, 0
0, 58, 0
0, 49, 0
0, 33, 0
0, 33, 0
0, 36, 0
0, 15, 0
0, 8, 0
0, 8, 0
0, 8, 0
0, 8, 0
0, 8, 0
0, 8, 0
0, 8, 0
1, 150, 0
1, 404, 0
0, 47, 0
1, 359, 0
1, 887, 1
1, 105, 0
1, 439, 0
1, 558, 0
1, 82, 0
1, 54, 0
0, 100, 0
1, 350, 0
0, 362, 0
1, 81, 0
1, 323, 0
1, 544, 0
1, 498, 0
1, 167, 0
1, 159, 0
1, 340, 0
1, 1187, 0
1, 143, 0
0, 108, 0
1, 214, 1
1, 293, 0
0, 142, 0
1, 434, 0
1, 522, 0
1, 64, 0
1, 430, 0
1, 326, 0
1, 195, 0
1, 439, 0
0, 172, 0
1, 368, 0
1, 250, 0
1, 184, 0
0, 818, 1
1, 203, 1
1, 156, 0
1, 107, 0
1, 1216, 1
1, 225, 0
1, 1772, 1
0, 175, 0
1, 469, 0
1, 365, 0
0, 443, 0
1, 960, 1
1, 96, 0
1, 532, 0
1, 420, 0
0, 2, 1
1, 174, 0
1, 105, 0
1, 93, 0
0, 47, 0
1, 576, 1
1, 577, 0
0, 31, 0
0, 61, 0
0, 24, 1
0, 24, 0
1, 180, 1
1, 117, 0
1, 96, 0
0, 18, 0
1, 480, 0
1, 139, 0
1, 391, 0
1, 162, 0
1, 364, 0
1, 149, 0
0, 142, 0
1, 613, 0
1, 417, 0
1, 482, 0
1, 131, 1
1, 475, 0
1, 85, 0
1, 569, 0
0, 508, 0
1, 541, 0
1, 115, 0
1, 151, 1
1, 638, 1
1, 556, 0
1, 1023, 0
1, 358, 0
0, 90, 0
1, 486, 0
1, 146, 0
0, 968, 1
1, 655, 0
1, 299, 0
1, 774, 0
1, 311, 0
1, 152, 0
1, 393, 0
1, 788, 0
1, 613, 1
0, 31, 0
0, 31, 0
0, 25, 0
0, 47, 0
1, 186, 0
1, 206, 0
1, 166, 0
1, 457, 0
1, 459, 0
0, 203, 0
1, 434, 0
1, 333, 0
1, 493, 0
1, 162, 0
1, 228, 0
1, 512, 0
1, 155, 0
1, 200, 0
1, 133, 0
1, 266, 0
1, 233, 0
1, 70, 0
1, 120, 1
0, 8, 0
1, 204, 0
1, 806, 0
1, 391, 0
1, 507, 0
0, 525, 0
1, 1173, 0
1, 372, 0
1, 355, 0
1, 236, 0
1, 54, 0
1, 481, 0
1, 196, 0
1, 645, 0
1, 438, 0
1, 219, 0
1, 92, 0
1, 491, 0
1, 603, 0
1, 382, 0
1, 214, 0
1, 170, 0
0, 884, 0
0, 207, 0
1, 133, 0
1, 147, 1
1, 429, 0
1, 188, 0
1, 445, 0
1, 237, 0
1, 543, 0
1, 90, 0
1, 369, 0
1, 516, 0
1, 154, 0
1, 85, 0
1, 340, 0
1, 174, 0
1, 408, 0
1, 545, 0
1, 544, 0
1, 187, 0
1, 466, 0
1, 390, 0
1, 686, 0
1, 142, 0
1, 358, 0
1, 224, 0
1, 351, 0
1, 199, 0
1, 286, 0
1, 420, 0
1, 1415, 0
1, 134, 0
1, 529, 0
0, 390, 0
1, 602, 0
1, 110, 0
0, 225, 0
1, 386, 0
1, 193, 0
1, 811, 0
1, 393, 1
1, 717, 0
1, 62, 0
1, 157, 0
0, 235, 0
1, 2277, 0
1, 580, 0
1, 557, 0
1, 479, 0
1, 243, 0
1, 414, 0
1, 154, 0
1, 166, 0
1, 190, 0
0, 815, 1
1, 482, 0
1, 376, 0
1, 622, 0
1, 464, 0
1, 500, 0
1, 153, 1
0, 21, 0
0, 21, 0
1, 94, 1
1, 424, 0
1, 618, 0
0, 0, 0
0, 37, 0
1, 896, 0
1, 477, 0
1, 486, 1
1, 215, 0
1, 1031, 0
1, 109, 0
1, 594, 0
1, 164, 0
1, 422, 1
0, 1061, 1
1, 38, 0
1, 0, 0
1, 206, 0
1, 163, 0
1, 235, 0
1, 225, 0
1, 649, 0
1, 349, 0
1, 124, 1
1, 107, 0
0, 139, 0
1, 473, 0
1, 351, 0
1, 216, 0
1, 453, 0
0, 67, 0
1, 488, 0
0, 51, 0
1, 142, 0
1, 218, 0
1, 353, 1
1, 633, 0
1, 695, 0
1, 486, 0
1, 94, 0
1, 471, 0
1, 152, 0
1, 449, 0
1, 480, 0
1, 525, 0
1, 232, 1
0, 0, 0
0, 63, 0
1, 335, 0
1, 32, 0
1, 450, 1
0, 67, 0
0, 70, 0
1, 521, 1
1, 127, 0
1, 130, 0
1, 130, 0
1, 547, 0
1, 443, 0
0, 640, 1
1, 201, 0
1, 103, 0
0, 214, 0
1, 264, 0
1, 329, 1
1, 444, 0
0, 162, 0
1, 115, 0
1, 103, 0
1, 459, 0
1, 1346, 0
1, 132, 0
1, 461, 0
0, 89, 0
1, 152, 0
1, 397, 0
1, 156, 0
0, 206, 0
1, 328, 0
1, 744, 0
1, 580, 0
1, 289, 0
1, 344, 0
1, 527, 0
1, 140, 0
1, 105, 1
1, 372, 0
1, 575, 0
1, 1051, 0
0, 30, 0
1, 227, 0
1, 458, 0
1, 300, 0
1, 333, 1
1, 80, 0
0, 49, 0
1, 264, 0
1, 333, 0
1, 135, 0
1, 121, 0
0, 27, 0
0, 50, 0
0, 25, 0
0, 23, 0
0, 23, 0
0, 23, 0
1, 18, 0
1, 139, 0
1, 368, 0
1, 298, 0
1, 173, 0
1, 148, 0
1, 140, 0
0, 453, 0
1, 144, 0
0, 408, 0
1, 375, 0
1, 877, 0
1, 210, 0
1, 316, 1
1, 91, 0
1, 15, 0
1, 386, 0
1, 85, 0
1, 519, 0
1, 135, 1
1, 111, 0
0, 45, 0
1, 83, 0
1, 409, 0
1, 483, 0
1, 243, 0
1, 114, 0
0, 484, 0
1, 72, 0
1, 718, 0
1, 365, 1
0, 122, 0
1, 193, 0
1, 38, 0
1, 1351, 0
1, 160, 0
1, 497, 1
1, 177, 0
0, 12, 0
0, 9, 0
0, 9, 0
0, 9, 0
0, 9, 0
0, 10, 0
1, 211, 0
0, 30, 1
0, 36, 1
0, 36, 0
1, 341, 0
1, 387, 1
1, 166, 0
1, 160, 0
1, 747, 0
1, 48, 0
1, 222, 0
1, 666, 0
1, 175, 0
1, 529, 0
1, 420, 0
1, 72, 0
1, 52, 1
1, 286, 0
1, 320, 1
1, 168, 0
1, 331, 0
1, 213, 0
1, 157, 0
1, 501, 1
0, 524, 0
1, 614, 0
1, 385, 0
1, 527, 1
1, 157, 0
1, 382, 0
1, 315, 0
1, 337, 0
1, 202, 0
1, 31, 0
1, 610, 0
1, 471, 0
1, 248, 0
1, 445, 0
1, 393, 0
1, 143, 0
1, 148, 0
1, 339, 0
1, 235, 0
1, 201, 0
1, 478, 0
0, 90, 0
1, 460, 0
1, 182, 0
1, 174, 0
1, 199, 0
1, 591, 0
1, 323, 1
1, 74, 0
1, 180, 1
1, 95, 0
1, 664, 0
1, 318, 0
1, 180, 0
1, 97, 0
1, 495, 0
1, 316, 0
1, 174, 0
1, 268, 0
1, 74, 0
1, 283, 0
1, 292, 0
0, 581, 1
0, 87, 0
1, 383, 0
0, 773, 0
1, 523, 0
1, 30, 0
1, 196, 0
1, 450, 0
1, 119, 0
1, 193, 0
1, 129, 0
1, 490, 0
1, 215, 0
1, 212, 0
1, 46, 0
1, 415, 0
1, 413, 1
1, 597, 0
1, 260, 0
0, 449, 0
0, 16, 0
1, 918, 0
1, 76, 0
1, 365, 0
1, 215, 0
1, 117, 0
0, 914, 0
1, 518, 0
1, 118, 0
1, 463, 0
1, 86, 1
0, 199, 0
0, 193, 1
0, 47, 1
1, 469, 0
1, 375, 0
1, 324, 0
1, 178, 0
1, 383, 0
1, 195, 0
1, 365, 0
1, 1052, 0
1, 540, 0
1, 75, 0
1, 139, 0
1, 479, 0
1, 214, 0
1, 378, 0
1, 242, 0
1, 343, 0
1, 685, 0
1, 465, 0
1, 122, 0
0, 90, 0
1, 127, 0
1, 103, 0
0, 5, 0
0, 171, 0
0, 72, 1
1, 188, 0
1, 269, 0
0, 38, 0
0, 39, 0
0, 56, 0
1, 136, 0
1, 68, 0
0, 18, 0
0, 9, 0
0, 9, 0
0, 9, 0
0, 9, 0
0, 9, 0
0, 9, 0
0, 10, 0
1, 568, 0
1, 412, 0
1, 235, 0
1, 483, 0
1, 448, 0
1, 477, 0
1, 330, 0
1, 325, 0
1, 112, 0
1, 513, 0
1, 192, 0
1, 139, 0
1, 187, 1
1, 433, 0
1, 238, 0
1, 451, 0
1, 89, 0
0, 299, 0
1, 109, 0
1, 546, 0
1, 224, 0
1, 516, 0
1, 481, 1
1, 445, 1
1, 345, 0
1, 175, 0
1, 156, 0
1, 519, 0
1, 310, 0
1, 395, 0
1, 386, 0
1, 2480, 0
0, 237, 0
0, 407, 0
1, 112, 0
1, 58, 0
1, 124, 0
1, 481, 0
1, 251, 1
1, 499, 0
0, 178, 0
1, 765, 1
1, 397, 0
1, 578, 0
1, 560, 0
1, 343, 0
1, 190, 0
0, 41, 0
1, 380, 0
1, 124, 0
1, 164, 1
1, 304, 0
0, 53, 0
1, 350, 0
0, 415, 0
0, 60, 0
1, 216, 0
1, 380, 0
1, 179, 0
0, 513, 0
1, 98, 0
1, 159, 0
1, 180, 0
0, 116, 0
1, 737, 0
1, 657, 1
1, 162, 1
1, 336, 0
1, 275, 1
1, 237, 0
1, 133, 0
1, 130, 0
1, 172, 0
1, 0, 0
1, 525, 0
1, 187, 0
1, 134, 0
1, 517, 0
1, 230, 0
1, 176, 0
1, 859, 0
1, 135, 0
1, 309, 0
1, 487, 0
1, 114, 0
1, 514, 0
1, 190, 0
1, 133, 0
1, 404, 0
1, 91, 0
1, 382, 0
1, 341, 0
1, 1754, 0
1, 493, 0
1, 544, 0
1, 357, 0
1, 118, 1
1, 86, 0
1, 1211, 1
1, 204, 0
1, 304, 1
1, 131, 1
1, 541, 0
1, 181, 0
1, 332, 0
1, 94, 0
1, 367, 0
1, 160, 0
1, 806, 0
1, 219, 0
1, 106, 0
1, 124, 0
0, 22, 0
0, 13, 0
0, 13, 0
0, 13, 0
0, 13, 0
0, 13, 0
0, 13, 0
0, 5, 0
0, 216, 0
1, 156, 0
1, 199, 0
1, 89, 1
1, 103, 0
1, 497, 0
1, 145, 0
0, 1158, 0
1, 964, 1
0, 0, 0
1, 83, 0
0, 0, 1
0, 35, 0
1, 787, 0
1, 533, 0
1, 136, 1
1, 403, 0
0, 0, 0
0, 66, 0
0, 15, 0
1, 655, 0
1, 0, 0
1, 528, 0
1, 438, 1
1, 425, 0
0, 167, 0
0, 52, 0
0, 55, 0
1, 1128, 1
1, 427, 0
1, 151, 0
0, 158, 0
1, 559, 0
0, 90, 0
0, 48, 1
1, 377, 0
1, 330, 0
1, 344, 0
1, 543, 0
1, 534, 0
1, 43, 0
1, 330, 0
1, 205, 0
1, 692, 0
1, 317, 0
0, 389, 0
1, 581, 0
0, 80, 0
1, 1283, 0
1, 435, 0
1, 120, 1
1, 703, 0
1, 186, 1
1, 524, 0
0, 61, 0
1, 410, 0
1, 98, 1
1, 138, 0
1, 438, 0
1, 372, 0
1, 190, 0
1, 434, 0
0, 66, 0
1, 436, 0
1, 171, 0
0, 160, 1
1, 612, 0
1, 141, 0
1, 495, 0
0, 139, 0
0, 226, 0
1, 423, 0
1, 490, 0
1, 377, 0
0, 3199, 0
0, 569, 0
1, 340, 0
1, 663, 0
1, 82, 0
1, 452, 0
1, 293, 0
1, 342, 0
1, 620, 0
1, 1591, 0
1, 334, 0
1, 544, 0
1, 520, 0
1, 464, 0
1, 80, 0
1, 331, 0
1, 118, 0
1, 260, 0
1, 86, 0
1, 474, 0
1, 134, 0
1, 533, 0
1, 587, 0
0, 31, 0
1, 106, 0
1, 261, 0
1, 280, 1
1, 594, 1
1, 461, 0
1, 412, 0
0, 83, 0
1, 102, 0
1, 347, 0
1, 566, 0
0, 20, 0
0, 21, 0
0, 20, 1
1, 700, 0
1, 555, 0
0, 190, 0
1, 411, 0
1, 629, 0
0, 123, 0
1, 324, 0
1, 148, 0
1, 357, 0
0, 32, 0
1, 502, 0
1, 166, 1
1, 249, 1
0, 18, 0
0, 13, 0
0, 13, 0
0, 13, 0
0, 13, 0
0, 13, 0
1, 187, 0
1, 129, 0
1, 636, 0
1, 449, 0
1, 198, 0
1, 418, 0
0, 285, 0
1, 386, 0
1, 471, 0
1, 229, 0
1, 211, 0
1, 142, 1
0, 0, 0
0, 0, 1
0, 0, 0
0, 0, 0
0, 0, 0
0, 0, 0
0, 0, 0
0, 0, 0
0, 0, 0
0, 0, 0
0, 0, 0
0, 0, 0
0, 0, 0
1, 0, 0
1, 294, 0
0, 0, 0
0, 7, 0
0, 0, 0
0, 13, 1
0, 0, 0
1, 122, 0
0, 49, 0
0, 25, 0
1, 577, 1
1, 588, 0
1, 369, 0
0, 167, 0
1, 108, 0
1, 186, 0
1, 164, 0
1, 468, 0
1, 410, 0
1, 258, 0
1, 100, 1
1, 69, 0
1, 332, 0
1, 681, 0
0, 439, 0
0, 97, 0
1, 531, 0
1, 291, 0
1, 176, 0
1, 637, 1
0, 766, 1
1, 506, 1
1, 412, 0
1, 115, 0
1, 388, 0
1, 869, 0
1, 131, 0
1, 109, 0
1, 353, 0
1, 644, 0
1, 466, 1
1, 473, 0
1, 251, 0
1, 1419, 1
1, 1187, 0
1, 674, 0
1, 476, 0
1, 213, 0
0, 90, 0
1, 161, 1
1, 107, 0
1, 74, 0
1, 346, 0
1, 367, 0
1, 12, 0
0, 35, 0
0, 45, 0
1, 648, 0
0, 231, 0
1, 159, 0
1, 706, 0
1, 375, 0
1, 146, 1
1, 398, 0
1, 0, 0
1, 146, 0
1, 257, 0
1, 458, 0
1, 338, 0
1, 152, 0
0, 44, 0
0, 44, 0
1, 653, 0
1, 431, 0
1, 307, 0
1, 138, 1
1, 668, 0
1, 289, 0
1, 572, 0
0, 30, 0
0, 29, 0
1, 121, 0
1, 134, 1
1, 203, 0
1, 53, 0
1, 303, 0
1, 467, 1
1, 185, 0
0, 44, 0
0, 43, 0
1, 447, 0
1, 435, 0
1, 71, 0
1, 404, 0
1, 600, 0
1, 137, 0
1, 360, 0
1, 205, 1
0, 13, 0
1, 473, 0
1, 1, 1
1, 410, 0
1, 363, 0
1, 186, 0
0, 949, 1
0, 196, 0
1, 490, 0
1, 119, 0
0, 1060, 0
1, 24, 0
1, 516, 0
1, 178, 0
1, 410, 0
1, 350, 0
1, 405, 0
1, 235, 0
1, 592, 1
1, 296, 0
1, 1172, 0
1, 423, 0
1, 491, 0
1, 414, 0
1, 111, 1
1, 141, 0
1, 107, 0
1, 178, 0
1, 320, 0
1, 112, 0
1, 463, 1
1, 140, 0
1, 1216, 0
1, 317, 0
1, 73, 0
1, 328, 0
0, 0, 0
0, 0, 0
0, 0, 0
1, 439, 0
1, 1038, 0
1, 390, 0
1, 174, 0
1, 436, 0
1, 274, 0
1, 118, 0
1, 556, 0
0, 165, 0
1, 527, 0
1, 585, 0
1, 445, 0
1, 119, 0
1, 104, 0
1, 197, 0
1, 202, 0
1, 542, 0
1, 228, 0
1, 181, 0
1, 547, 1
1, 179, 0
0, 0, 0
0, 84, 0
1, 352, 0
1, 329, 0
1, 322, 0
1, 125, 0
1, 66, 0
1, 507, 0
1, 87, 0
0, 144, 0
1, 391, 0
1, 192, 0
1, 238, 1
0, 545, 0
0, 420, 0
1, 406, 0
0, 32, 0
0, 56, 0
0, 24, 0
0, 24, 0
0, 24, 0
0, 18, 0
0, 18, 0
0, 18, 1
0, 18, 0
1, 171, 0
0, 431, 0
0, 52, 0
1, 37, 0
0, 38, 0
1, 95, 1
0, 51, 0
0, 50, 0
1, 123, 0
1, 84, 0
1, 926, 0
1, 532, 0
0, 90, 0
1, 168, 0
1, 210, 0
1, 473, 1
1, 171, 0
0, 389, 0
1, 208, 0
1, 352, 0
1, 333, 0
1, 511, 0
1, 346, 0
1, 221, 0
0, 416, 1
1, 352, 1
1, 204, 0
1, 602, 0
1, 86, 0
1, 319, 1
0, 106, 0
1, 497, 0
1, 386, 0
1, 497, 0
1, 260, 0
0, 47, 1
1, 440, 0
0, 189, 0
1, 345, 0
1, 1172, 0
1, 101, 0
1, 127, 0
1, 754, 0
1, 672, 0
1, 198, 1
0, 104, 0
0, 803, 0
1, 387, 0
1, 0, 0
1, 115, 0
1, 63, 0
1, 452, 0
1, 87, 1
1, 647, 0
1, 609, 0
1, 159, 0
1, 879, 0
1, 465, 1
1, 505, 0
1, 208, 0
1, 1006, 0
1, 312, 0
1, 850, 0
0, 132, 0
1, 117, 0
1, 563, 0
0, 89, 0
1, 398, 0
0, 2653, 0
1, 115, 0
1, 364, 0
1, 119, 0
1, 204, 0
1, 189, 0
1, 545, 0
1, 438, 0
0, 59, 0
1, 92, 0
0, 61, 0
1, 61, 0
0, 219, 0
1, 212, 0
1, 388, 1
0, 255, 0
0, 174, 0
1, 373, 0
1, 369, 0
1, 696, 0
1, 862, 0
1, 95, 0
1, 347, 0
1, 466, 0
1, 378, 0
1, 30, 0
0, 210, 0
1, 224, 0
1, 447, 0
0, 79, 0
0, 94, 0
0, 70, 0
0, 142, 0
1, 314, 0
0, 200, 0
1, 357, 0
1, 120, 0
1, 584, 0
1, 206, 0
1, 374, 0
1, 380, 0
1, 206, 0
0, 0, 1
1, 403, 0
0, 236, 0
1, 95, 0
1, 2, 0
1, 438, 0
1, 460, 0
0, 54, 0
0, 35, 0
0, 42, 0
0, 46, 0
1, 380, 0
1, 128, 0
1, 34, 1
1, 502, 0
1, 455, 0
1, 121, 0
1, 172, 0
1, 906, 0
1, 300, 1
0, 36, 0
0, 30, 0
0, 30, 0
0, 24, 0
0, 26, 0
0, 26, 0
1, 1077, 0
1, 60, 0
1, 238, 0
1, 364, 0
0, 90, 0
1, 23, 0
1, 237, 0
1, 553, 0
1, 481, 0
1, 264, 0
0, 579, 0
1, 139, 0
1, 206, 0
1, 506, 0
0, 474, 0
1, 66, 0
0, 56, 0
0, 61, 0
1, 584, 0
1, 18, 0
1, 158, 0
0, 46, 0
1, 442, 0
0, 135, 0
1, 705, 0
1, 105, 0
1, 60, 0
1, 513, 0
0, 439, 0
1, 481, 0
1, 377, 0
0, 90, 0
1, 351, 1
0, 90, 0
1, 166, 0
1, 91, 0
1, 54, 0
1, 228, 0
1, 398, 1
1, 76, 0
1, 570, 0
1, 32, 0
1, 174, 0
1, 394, 0
0, 142, 0
1, 398, 0
1, 369, 0
1, 476, 0
1, 158, 0
1, 220, 0
1, 271, 0
0, 72, 0
0, 1091, 0
1, 103, 0
1, 242, 0
1, 413, 0
1, 131, 0
1, 477, 0
1, 476, 0
1, 526, 0
1, 231, 0
1, 241, 0
1, 385, 0
1, 526, 0
0, 401, 0
1, 627, 0
1, 349, 0
1, 491, 0
1, 351, 0
1, 535, 0
1, 1187, 0
1, 146, 0
1, 221, 1
1, 165, 0
1, 268, 0
1, 313, 0
1, 232, 0
1, 549, 0
1, 559, 0
1, 476, 0
1, 106, 0
1, 2454, 0
1, 155, 0
1, 105, 0
1, 97, 0
0, 297, 0
1, 327, 0
1, 281, 0
1, 208, 0
1, 635, 0
1, 396, 0
1, 126, 0
1, 272, 0
1, 443, 0
1, 107, 0
1, 147, 0
1, 1028, 0
1, 667, 0
1, 676, 0
1, 127, 0
1, 514, 0
0, 58, 1
1, 86, 0
1, 443, 0
0, 339, 0
0, 89, 0
1, 504, 0
1, 391, 0
0, 9, 0
0, 9, 0
0, 9, 1
1, 29, 1
1, 522, 0
1, 144, 0
1, 823, 0
1, 75, 0
1, 29, 0
1, 293, 0
1, 480, 0
1, 187, 0
1, 133, 0
1, 381, 0
1, 270, 0
1, 118, 0
1, 414, 0
1, 544, 0
1, 222, 0
1, 282, 0
1, 592, 0
1, 215, 0
1, 146, 0
1, 162, 0
1, 118, 0
1, 422, 0
1, 242, 0
0, 0, 0
0, 0, 0
1, 207, 0
1, 531, 0
1, 248, 0
1, 202, 0
0, 62, 0
1, 129, 1
1, 164, 0
1, 250, 1
1, 197, 0
1, 1718, 0
1, 178, 0
1, 475, 0
1, 473, 0
1, 194, 0
0, 534, 0
0, 167, 0
1, 437, 0
1, 626, 1
1, 159, 0
1, 103, 0
1, 686, 0
1, 135, 0
1, 194, 0
1, 123, 1
1, 195, 0
1, 169, 0
1, 175, 0
0, 47, 0
1, 216, 0
1, 226, 0
1, 67, 0
1, 375, 0
1, 101, 0
1, 468, 1
0, 62, 0
1, 425, 0
0, 94, 0
1, 252, 1
0, 116, 0
1, 218, 0
0, 16, 1
0, 16, 0
0, 16, 0
1, 697, 0
1, 317, 0
1, 406, 0
1, 210, 0
1, 33, 0
1, 207, 0
1, 382, 1
1, 200, 0
1, 108, 0
1, 266, 0
1, 145, 0
1, 646, 0
1, 507, 0
1, 500, 0
1, 80, 0
1, 1202, 0
1, 392, 0
1, 115, 0
1, 931, 0
1, 224, 0
1, 413, 0
1, 570, 0
1, 541, 0
1, 378, 0
0, 429, 0
1, 342, 0
0, 347, 0
0, 24, 0
0, 24, 0
0, 25, 0
1, 154, 0
1, 311, 0
1, 80, 0
1, 466, 0
1, 147, 0
1, 486, 0
0, 12, 0
0, 67, 0
1, 737, 0
1, 1478, 0
1, 151, 0
0, 0, 1
0, 0, 0
0, 0, 0
0, 0, 0
0, 0, 0
0, 0, 0
0, 0, 0
0, 0, 0
1, 154, 0
1, 114, 0
0, 101, 0
1, 588, 0
1, 622, 0
1, 437, 0
1, 438, 0
1, 386, 0
1, 359, 0
1, 171, 0
0, 594, 0
1, 1458, 1
1, 269, 0
1, 351, 0
1, 608, 0
0, 151, 0
1, 146, 0
1, 180, 0
1, 509, 0
0, 79, 0
1, 430, 0
1, 201, 0
0, 62, 0
1, 136, 0
1, 434, 0
1, 222, 0
1, 252, 0
1, 735, 0
1, 380, 0
1, 627, 1
1, 236, 1
0, 237, 0
0, 15, 0
1, 175, 0
0, 66, 0
1, 446, 0
0, 27, 0
1, 575, 0
1, 584, 0
1, 80, 0
1, 117, 0
1, 308, 0
1, 329, 1
1, 113, 0
1, 193, 0
0, 47, 0
0, 399, 1
0, 1383, 1
1, 457, 0
0, 1567, 1
1, 135, 0
0, 54, 0
1, 506, 1
1, 514, 0
1, 106, 0
1, 346, 0
0, 0, 0
1, 201, 0
1, 670, 0
1, 85, 0
1, 577, 0
1, 441, 0
1, 1175, 0
0, 54, 0
0, 83, 0
1, 107, 0
1, 416, 0
1, 541, 0
0, 59, 0
1, 403, 0
1, 312, 0
1, 1044, 0
1, 169, 0
1, 1322, 0
1, 66, 0
0, 204, 0
1, 273, 0
1, 448, 0
1, 790, 0
1, 438, 0
1, 578, 0
1, 1, 0
1, 162, 0
1, 193, 0
1, 405, 0
1, 154, 0
1, 570, 0
1, 102, 0
1, 215, 0
1, 134, 0
1, 432, 1
1, 169, 1
1, 588, 0
1, 220, 0
1, 456, 0
1, 254, 0
0, 575, 0
1, 324, 0
1, 422, 0
1, 297, 0
1, 136, 0
1, 183, 0
1, 629, 0
1, 196, 1
1, 554, 0
1, 585, 1
1, 113, 0
1, 417, 0
0, 276, 1
1, 509, 0
1, 96, 0
1, 594, 0
0, 231, 0
1, 323, 0
1, 300, 0
1, 472, 0
1, 745, 0
1, 167, 0
1, 421, 0
1, 137, 1
1, 466, 0
1, 588, 0
1, 410, 0
1, 230, 0
1, 365, 0
1, 104, 0
1, 115, 0
1, 395, 0
1, 373, 0
1, 199, 0
0, 27, 0
1, 306, 0
1, 571, 0
0, 13, 0
0, 87, 0
0, 25, 0
0, 25, 0
0, 32, 0
0, 32, 0
1, 163, 0
1, 350, 0
1, 104, 0
1, 627, 0
1, 364, 0
1, 126, 0
1, 500, 0
1, 197, 0
1, 1759, 0
1, 389, 0
0, 46, 0
1, 498, 0
1, 130, 0
1, 359, 0
1, 81, 1
1, 92, 1
1, 461, 1
1, 92, 1
1, 516, 0
0, 35, 0
0, 32, 0
0, 32, 0
1, 451, 0
1, 101, 0
1, 341, 0
1, 428, 0
1, 139, 0
1, 229, 0
1, 106, 0
1, 351, 0
0, 94, 0
0, 90, 0
1, 659, 0
1, 464, 0
1, 220, 0
1, 169, 0
1, 165, 0
1, 500, 0
1, 573, 0
1, 166, 0
1, 223, 0
1, 155, 0
1, 230, 0
1, 19, 1
1, 518, 0
1, 470, 0
1, 730, 0
1, 82, 1
1, 57, 0
1, 1015, 0
1, 383, 0
1, 350, 0
1, 434, 0
1, 749, 0
1, 474, 0
1, 140, 0
1, 577, 0
1, 100, 0
1, 326, 0
1, 574, 0
1, 121, 0
1, 600, 0
0, 600, 0
1, 448, 0
1, 401, 0
1, 142, 0
1, 695, 0
1, 500, 0
1, 563, 0
1, 344, 1
1, 791, 0
1, 202, 0
1, 130, 0
1, 385, 0
1, 557, 0
1, 542, 0
1, 585, 0
1, 341, 0
1, 430, 0
1, 491, 0
1, 688, 1
1, 255, 1
0, 258, 0
1, 700, 0
1, 123, 0
1, 117, 0
1, 454, 0
1, 487, 0
1, 68, 0
1, 118, 0
1, 587, 0
1, 56, 0
1, 110, 0
1, 229, 0
1, 134, 0
1, 164, 0
1, 563, 0
1, 179, 0
0, 0, 0
0, 0, 0
0, 0, 1
0, 0, 0
0, 0, 0
0, 0, 0
0, 0, 0
0, 0, 0
1, 134, 1
1, 285, 0
1, 506, 0
1, 549, 0
1, 687, 0
1, 365, 1
0, 12, 0
0, 10, 0
0, 8, 0
0, 6, 0
0, 6, 0
0, 6, 0
0, 6, 0
0, 6, 0
0, 6, 0
0, 6, 0
0, 6, 0
1, 496, 0
0, 585, 0
1, 540, 0
1, 480, 0
1, 362, 1
1, 182, 0
1, 395, 0
1, 298, 0
1, 517, 0
1, 390, 0
0, 105, 0
1, 447, 0
1, 1267, 0
1, 251, 0
1, 1479, 0
1, 265, 1
1, 135, 1
0, 367, 0
1, 636, 0
1, 28, 0
1, 397, 0
1, 240, 0
0, 205, 0
1, 596, 0
1, 31, 1
1, 420, 0
1, 62, 0
1, 186, 0
1, 473, 1
1, 375, 0
1, 696, 0
1, 364, 0
1, 178, 0
1, 208, 0
1, 405, 0
1, 241, 0
0, 459, 0
1, 76, 0
1, 293, 0
1, 448, 0
1, 563, 0
1, 609, 0
0, 66, 0
1, 569, 0
1, 140, 0
1, 713, 0
1, 256, 0
1, 568, 0
1, 287, 0
1, 212, 0
1, 13, 0
1, 164, 0
1, 162, 0
1, 1222, 0
1, 144, 1
1, 403, 0
1, 272, 0
1, 108, 0
1, 308, 0
1, 78, 1
1, 61, 0
1, 290, 1
1, 132, 0
1, 464, 1
1, 537, 0
1, 602, 1
1, 381, 0
1, 464, 0
1, 499, 0
1, 505, 0
1, 198, 0
1, 518, 0
1, 520, 0
1, 133, 0
0, 716, 0
0, 10643, 0
1, 443, 0
1, 1110, 0
1, 89, 0
1, 104, 0
1, 82, 0
1, 324, 0
1, 462, 0
1, 603, 0
1, 412, 0
1, 649, 0
1, 122, 0
1, 150, 0
1, 113, 1
1, 557, 0
1, 561, 1
1, 343, 0
1, 165, 0
1, 293, 0
1, 143, 0
1, 210, 0
1, 626, 1
0, 11, 1
0, 11, 0
0, 11, 0
1, 166, 1
0, 345, 0
1, 345, 0
1, 465, 0
0, 0, 0
0, 0, 0
1, 136, 0
1, 538, 0
1, 104, 0
1, 457, 0
0, 430, 0
1, 377, 0
1, 543, 0
1, 282, 1
1, 430, 0
1, 449, 0
1, 440, 0
1, 673, 0
1, 592, 0
1, 232, 0
1, 596, 0
1, 389, 0
1, 454, 0
1, 575, 0
1, 142, 0
1, 132, 0
1, 319, 0
1, 380, 0
1, 347, 0
1, 411, 0
1, 272, 0
1, 564, 0
1, 1810, 1
1, 100, 0
1, 510, 1
1, 540, 0
1, 505, 1
1, 99, 0
0, 24, 0
1, 136, 0
0, 138, 0
0, 17, 0
1, 133, 0
0, 55, 0
0, 90, 0
1, 197, 1
1, 284, 0
0, 45, 0
1, 80, 0
1, 351, 0
1, 33, 0
0, 619, 0
1, 209, 0
1, 510, 0
1, 107, 0
1, 109, 0
1, 114, 0
1, 206, 0
1, 274, 0
1, 584, 0
1, 148, 0
0, 1614, 0
1, 91, 0
0, 274, 0
1, 154, 0
1, 158, 0
1, 214, 0
1, 217, 1
0, 9, 0
0, 255, 0
1, 601, 0
1, 517, 0
1, 591, 1
1, 376, 1
1, 223, 0
1, 330, 0
0, 0, 0
0, 0, 0
0, 0, 0
0, 0, 1
0, 0, 0
0, 2, 0
1, 303, 0
1, 1791, 0
1, 70, 0
1, 113, 0
1, 544, 0
1, 452, 0
1, 127, 0
1, 74, 0
1, 126, 0
0, 4, 0
0, 4, 0
0, 4, 0
0, 4, 1
0, 4, 0
0, 4, 0
0, 4, 0
1, 451, 0
1, 407, 0
1, 273, 0
0, 81, 0
1, 1145, 0
1, 33, 0
1, 481, 0
1, 226, 1
1, 468, 0
1, 398, 0
1, 127, 0
1, 46, 0
1, 143, 0
1, 200, 0
1, 367, 0
1, 480, 1
1, 548, 0
1, 95, 0
1, 402, 0
1, 531, 0
0, 68, 0
1, 175, 1
1, 1265, 0
1, 472, 0
1, 1157, 0
1, 712, 0
0, 356, 0
1, 222, 0
1, 373, 0
1, 280, 0
0, 231, 0
1, 576, 0
1, 597, 0
1, 309, 0
1, 112, 0
1, 371, 0
1, 179, 0
1, 506, 0
1, 463, 0
0, 1038, 1
1, 323, 0
1, 106, 0
1, 666, 0
1, 26, 0
1, 199, 0
1, 213, 0
1, 475, 0
1, 332, 0
1, 366, 0
1, 466, 0
1, 136, 0
1, 496, 0
1, 167, 0
1, 555, 0
1, 127, 0
1, 78, 0
1, 0, 0
1, 557, 0
1, 380, 0
1, 642, 1
0, 804, 0
1, 892, 0
1, 96, 0
1, 585, 0
1, 241, 0
1, 164, 0
1, 84, 0
1, 154, 0
1, 70, 0
1, 108, 0
1, 341, 0
1, 343, 0
1, 365, 1
1, 119, 0
1, 112, 0
1, 496, 0
1, 124, 0
1, 157, 1
1, 376, 0
1, 197, 0
1, 125, 0
1, 326, 0
1, 291, 0
1, 146, 0
1, 395, 0
1, 366, 0
1, 416, 0
1, 366, 0
1, 208, 0
1, 240, 1
1, 236, 0
0, 407, 0
1, 70, 0
0, 190, 0
1, 267, 0
1, 164, 0
1, 157, 0
1, 400, 0
1, 195, 0
0, 831, 0
1, 406, 0
1, 399, 1
0, 53, 0
1, 433, 0
1, 175, 0
0, 24, 1
0, 25, 0
0, 30, 0
0, 30, 0
0, 25, 0
0, 48, 1
0, 23, 0
1, 124, 0
0, 18, 0
0, 18, 0
0, 22, 0
0, 22, 0
0, 22, 1
1, 194, 0
0, 22, 0
1, 73, 0
0, 46, 0
1, 407, 0
1, 165, 1
1, 31, 0
1, 376, 0
0, 35, 0
0, 35, 0
0, 42, 0
0, 42, 0
1, 435, 0
1, 403, 0
1, 166, 0
1, 256, 0
1, 755, 0
0, 60, 0
0, 1078, 0
1, 459, 0
1, 88, 0
1, 138, 0
1, 360, 0
1, 540, 1
0, 59, 0
1, 118, 0
1, 405, 0
0, 36, 0
1, 359, 0
0, 21, 0
1, 304, 0
1, 332, 0
0, 90, 0
0, 41, 0
0, 34, 0
1, 81, 0
0, 27, 0
0, 27, 0
0, 21, 0
0, 21, 0
1, 208, 0
1, 83, 1
1, 436, 0
1, 436, 0
1, 160, 0
1, 405, 0
1, 236, 0
0, 0, 0
0, 196, 0
1, 419, 0
1, 528, 0
1, 107, 0
1, 195, 0
1, 439, 0
0, 61, 1
0, 71, 0
1, 184, 0
1, 320, 0
1, 305, 0
1, 508, 0
1, 591, 0
0, 40, 0
0, 35, 0
0, 35, 0
0, 30, 0
1, 1299, 1
1, 352, 0
1, 126, 0
1, 172, 0
1, 140, 0
1, 99, 0
1, 110, 0
1, 229, 0
1, 497, 0
1, 119, 0
1, 662, 0
1, 606, 0
1, 166, 0
1, 481, 1
1, 395, 0
1, 162, 0
1, 498, 0
1, 73, 0
1, 553, 0
1, 730, 0
1, 448, 0
1, 279, 0
1, 102, 1
1, 218, 0
0, 24, 0
1, 503, 0
1, 722, 0
1, 173, 0
1, 423, 0
0, 37, 0
1, 226, 0
1, 175, 0
0, 396, 0
0, 747, 0
1, 436, 0
0, 90, 0
1, 72, 0
1, 413, 0
1, 1257, 0
1, 369, 0
1, 956, 0
1, 267, 0
1, 91, 0
1, 369, 0
1, 674, 0
0, 463, 0
0, 59, 0
1, 92, 0
1, 155, 0
1, 231, 0
1, 113, 0
1, 118, 0
1, 435, 0
1, 256, 0
1, 670, 0
0, 33, 0
0, 20, 0
0, 22, 0
1, 665, 0
1, 182, 0
1, 310, 0
1, 342, 0
1, 175, 0
1, 143, 0
1, 260, 0
1, 66, 0
1, 527, 0
1, 171, 0
1, 150, 0
0, 597, 0
1, 277, 0
1, 219, 0
1, 635, 0
1, 230, 0
1, 455, 0
1, 170, 1
1, 492, 0
1, 162, 0
1, 491, 0
1, 390, 0
1, 91, 0
1, 594, 0
1, 255, 1
1, 410, 0
1, 952, 0
1, 367, 0
1, 151, 0
1, 313, 0
1, 505, 0
1, 59, 0
1, 509, 0
0, 5, 0
0, 5, 0
0, 5, 0
0, 12, 0
1, 414, 0
1, 338, 0
1, 537, 0
1, 450, 0
1, 154, 0
1, 323, 1
1, 559, 0
1, 115, 0
1, 135, 0
1, 503, 0
1, 396, 0
1, 123, 1
1, 303, 0
0, 29, 0
0, 181, 0
0, 13, 0
0, 13, 0
0, 12, 1
1, 892, 0
1, 358, 0
1, 392, 0
1, 162, 0
1, 294, 0
0, 201, 0
1, 321, 0
1, 266, 0
1, 239, 0
1, 331, 0
1, 358, 0
1, 120, 0
1, 264, 0
0, 449, 0
1, 408, 0
1, 309, 0
1, 111, 0
1, 266, 0
1, 453, 0
0, 551, 0
1, 460, 0
1, 221, 0
1, 83, 0
1, 122, 1
1, 400, 0
1, 292, 0
1, 192, 0
1, 524, 0
1, 359, 0
1, 521, 0
0, 10, 0
1, 499, 0
1, 87, 0
1, 212, 0
1, 196, 0
1, 201, 0
1, 450, 0
1, 80, 0
1, 485, 0
1, 457, 0
1, 270, 0
1, 260, 0
1, 111, 0
1, 537, 0
1, 204, 0
1, 146, 0
1, 479, 0
1, 472, 0
1, 467, 0
1, 318, 0
1, 132, 0
1, 455, 0
1, 670, 1
1, 218, 0
1, 427, 0
1, 525, 0
1, 334, 1
1, 184, 0
1, 150, 0
0, 53, 0
1, 463, 0
1, 432, 0
0, 154, 0
1, 108, 0
1, 200, 1
1, 190, 0
1, 450, 0
1, 398, 0
1, 355, 1
1, 487, 0
1, 171, 0
1, 585, 1
1, 128, 0
1, 111, 1
1, 137, 0
1, 718, 0
1, 205, 0
1, 447, 0
1, 194, 0
1, 86, 0
1, 41, 0
1, 381, 0
0, 145, 0
1, 171, 0
1, 530, 0
1, 283, 0
1, 273, 1
1, 332, 0
1, 151, 0
1, 178, 0
1, 60, 1
1, 177, 0
1, 235, 0
1, 453, 0
1, 362, 0
1, 646, 0
1, 571, 0
0, 109, 0
1, 268, 0
1, 231, 0
1, 388, 0
1, 454, 0
1, 162, 0
1, 402, 0
1, 96, 0
1, 936, 0
0, 39, 0
1, 406, 0
1, 447, 0
1, 384, 0
1, 543, 0
1, 0, 1
1, 64, 0
1, 276, 0
0, 0, 0
0, 53, 0
0, 0, 0
0, 0, 0
0, 0, 0
0, 0, 0
0, 0, 0
0, 0, 0
0, 0, 0
0, 0, 0
1, 155, 0
0, 144, 0
1, 440, 0
1, 429, 0
1, 386, 0
1, 539, 0
1, 471, 0
1, 190, 0
1, 148, 0
1, 312, 0
1, 411, 1
1, 159, 0
1, 124, 0
1, 203, 0
1, 127, 0
1, 133, 0
1, 119, 0
1, 382, 1
1, 175, 0
1, 489, 0
1, 97, 0
1, 440, 0
1, 699, 0
1, 547, 0
1, 81, 0
1, 571, 0
1, 469, 1
1, 556, 0
0, 7, 0
0, 100, 0
1, 895, 1
1, 210, 0
1, 119, 0
1, 346, 0
1, 441, 1
1, 562, 0
0, 128, 0
1, 499, 0
1, 146, 0
1, 447, 0
1, 506, 0
1, 741, 0
1, 75, 0
1, 192, 0
1, 555, 0
0, 944, 0
0, 35, 0
0, 35, 0
1, 102, 0
1, 543, 0
1, 93, 0
1, 300, 0
0, 13, 0
0, 13, 0
0, 13, 0
1, 434, 0
1, 240, 0
1, 98, 0
1, 17, 1
1, 543, 0
1, 250, 0
1, 79, 0
1, 317, 0
1, 203, 0
1, 455, 0
0, 197, 0
1, 42, 0
1, 43, 0
1, 174, 0
1, 159, 0
1, 530, 0
1, 437, 0
1, 156, 0
1, 361, 0
0, 39, 0
0, 59, 0
0, 59, 0
1, 429, 0
1, 453, 0
1, 103, 0
1, 361, 0
1, 96, 1
1, 198, 0
0, 51, 0
0, 34, 0
0, 32, 0
0, 43, 0
1, 188, 0
1, 472, 0
1, 243, 0
1, 635, 1
1, 193, 0
1, 197, 0
1, 192, 0
0, 41, 0
1, 396, 0
1, 145, 0
1, 346, 0
1, 327, 0
1, 1166, 0
0, 0, 0
0, 266, 1
1, 507, 0
1, 233, 0
1, 226, 0
1, 547, 0
1, 125, 1
1, 458, 0
0, 54, 0
1, 345, 0
1, 476, 0
1, 480, 0
1, 295, 0
1, 602, 0
1, 433, 0
1, 307, 0
1, 603, 0
0, 26, 0
0, 108, 0
0, 8, 0
0, 2, 0
0, 2, 0
0, 2, 0
0, 2, 0
0, 2, 0
0, 2, 0
0, 2, 0
0, 2, 1
0, 2, 0
0, 2, 1
0, 2, 0
0, 2, 0
0, 2, 0
0, 2, 0
0, 2, 0
0, 2, 0
0, 2, 0
1, 543, 0
1, 267, 0
1, 119, 0
1, 149, 0
1, 243, 0
1, 561, 1
1, 534, 1
1, 654, 0
1, 429, 0
1, 416, 0
1, 95, 1
1, 543, 0
1, 145, 0
1, 231, 0
0, 49, 0
1, 118, 0
1, 108, 0
1, 325, 0
1, 358, 0
1, 61, 1
1, 129, 0
0, 55, 0
1, 55, 0
1, 661, 0
1, 950, 0
1, 320, 0
1, 393, 0
1, 181, 0
1, 522, 0
1, 700, 0
1, 203, 0
1, 297, 0
1, 113, 0
1, 423, 0
1, 533, 0
1, 90, 0
1, 405, 0
1, 1422, 0
1, 601, 0
1, 627, 0
0, 12, 0
0, 12, 0
0, 13, 0
0, 131, 0
1, 215, 0
1, 127, 0
1, 290, 0
1, 539, 0
1, 683, 0
1, 470, 0
1, 355, 1
1, 686, 0
1, 81, 0
1, 527, 0
0, 0, 0
0, 298, 0
0, 39, 0
0, 46, 1
1, 560, 0
1, 61, 0
0, 63, 0
1, 1078, 1
1, 885, 0
1, 139, 1
1, 174, 0
1, 113, 0
1, 131, 0
1, 598, 0
1, 591, 1
1, 412, 0
1, 856, 0
1, 105, 0
1, 143, 0
1, 626, 0
1, 863, 0
1, 356, 0
1, 88, 0
1, 395, 0
1, 413, 1
0, 51, 0
0, 46, 0
1, 200, 0
1, 99, 0
1, 447, 0
1, 434, 0
1, 32, 0
1, 290, 0
1, 233, 0
1, 606, 0
1, 2224, 0
1, 569, 0
1, 555, 0
1, 199, 0
1, 541, 0
1, 81, 0
1, 453, 0
1, 462, 0
1, 255, 0
1, 356, 0
0, 308, 0
1, 521, 0
1, 472, 0
1, 120, 1
1, 340, 0
1, 56, 0
0, 713, 1
0, 525, 0
1, 212, 0
0, 109, 0
1, 402, 1
1, 125, 0
1, 228, 0
1, 248, 0
1, 531, 1
1, 896, 0
1, 114, 0
1, 154, 0
1, 462, 0
1, 175, 0
1, 524, 0
1, 157, 0
1, 509, 0
1, 381, 0
1, 425, 0
0, 656, 1
1, 173, 0
1, 586, 0
1, 221, 0
1, 205, 0
1, 505, 1
1, 621, 0
1, 102, 0
1, 476, 0
1, 386, 0
1, 212, 0
0, 239, 0
0, 15, 0
0, 17, 0
1, 82, 0
1, 63, 0
0, 235, 0
0, 45, 0
1, 51, 0
0, 53, 0
0, 40, 0
0, 35, 0
0, 34, 0
1, 145, 0
1, 111, 0
1, 353, 1
1, 92, 0
1, 507, 0
1, 721, 0
1, 285, 0
1, 541, 0
1, 131, 0
1, 171, 0
1, 490, 0
0, 231, 0
1, 393, 0
0, 32, 0
1, 605, 0
0, 636, 1
1, 412, 0
1, 315, 0
0, 276, 0
1, 33, 0
1, 548, 0
1, 344, 0
1, 566, 0
1, 427, 0
0, 62, 1
1, 114, 0
1, 524, 0
1, 257, 0
1, 359, 0
1, 125, 0
1, 389, 0
1, 392, 0
1, 573, 0
0, 63, 0
1, 344, 1
0, 103, 0
1, 293, 0
1, 184, 1
1, 71, 1
1, 371, 0
1, 489, 1
1, 878, 1
1, 567, 0
1, 71, 0
1, 78, 0
1, 512, 0
1, 479, 0
1, 2901, 0
1, 314, 0
0, 35, 0
0, 35, 0
0, 28, 0
0, 28, 0
0, 22, 0
1, 17, 0
0, 23, 0
0, 22, 0
1, 893, 0
1, 522, 0
1, 373, 0
1, 546, 0
0, 40, 0
1, 409, 1
0, 18, 0
1, 1777, 0
0, 244, 0
1, 18, 0
1, 510, 0
1, 654, 0
1, 336, 0
1, 448, 0
1, 298, 0
1, 130, 0
0, 82, 0
1, 290, 0
1, 376, 0
1, 800, 0
1, 64, 0
1, 463, 0
0, 0, 0
0, 120, 0
1, 345, 0
1, 114, 0
1, 491, 0
1, 156, 0
1, 533, 0
1, 549, 0
1, 462, 1
1, 421, 0
1, 473, 1
1, 125, 0
1, 358, 0
1, 209, 0
1, 200, 0
1, 549, 0
0, 90, 0
1, 77, 0
1, 132, 0
1, 184, 0
1, 419, 0
0, 82, 0
1, 83, 0
1, 364, 0
1, 37, 0
1, 384, 0
1, 240, 0
1, 527, 0
1, 447, 0
1, 519, 0
1, 219, 0
1, 170, 0
1, 604, 0
0, 56, 0
0, 32, 0
0, 49, 0
0, 32, 0
0, 35, 0
1, 668, 0
1, 469, 0
1, 613, 0
1, 193, 0
1, 687, 0
1, 176, 0
0, 90, 0
1, 176, 1
1, 531, 0
1, 310, 0
1, 87, 0
1, 216, 0
1, 456, 0
1, 450, 0
1, 151, 0
1, 507, 0
0, 23, 0
1, 380, 1
0, 273, 1
0, 39, 0
1, 680, 0
1, 400, 0
1, 73, 0
1, 0, 0
1, 562, 0
1, 140, 0
1, 434, 0
1, 396, 0
1, 133, 0
0, 328, 0
1, 111, 0
1, 234, 1
1, 93, 0
1, 219, 0
1, 115, 1
1, 99, 0
0, 66, 0
1, 471, 0
1, 226, 1
1, 121, 0
1, 117, 0
1, 617, 0
1, 329, 0
1, 22, 0
1, 182, 0
1, 122, 0
1, 109, 1
1, 178, 0
1, 598, 0
1, 673, 0
1, 206, 0
1, 252, 0
1, 211, 0
1, 109, 0
1, 72, 0
1, 480, 0
1, 387, 0
1, 496, 1
1, 668, 1
0, 526, 0
1, 93, 0
1, 511, 0
0, 47, 0
0, 47, 0
0, 40, 0
0, 40, 0
0, 33, 0
0, 33, 0
0, 27, 0
0, 27, 0
0, 27, 0
0, 23, 0
0, 23, 0
0, 21, 0
0, 22, 0
0, 48, 0
0, 20, 0
0, 23, 0
1, 323, 0
1, 187, 0
0, 63, 0
1, 402, 0
0, 67, 0
1, 333, 0
1, 316, 0
1, 328, 0
1, 169, 0
1, 382, 0
1, 194, 0
0, 0, 0
0, 0, 0
0, 0, 0
0, 0, 1
0, 0, 0
1, 553, 0
1, 415, 0
1, 263, 0
1, 812, 0
1, 269, 0
1, 435, 0
1, 471, 0
0, 474, 0
1, 282, 0
1, 500, 0
1, 495, 0
1, 149, 0
1, 92, 0
1, 506, 0
0, 77, 0
1, 239, 0
1, 455, 1
0, 0, 0
0, 113, 0
1, 163, 0
1, 83, 0
0, 41, 0
0, 34, 0
0, 34, 1
1, 534, 0
1, 189, 0
1, 188, 0
1, 558, 0
0, 69, 0
1, 221, 0
1, 487, 0
1, 168, 0
1, 241, 1
0, 33, 0
0, 33, 0
1, 502, 0
1, 196, 0
1, 276, 0
1, 484, 0
1, 492, 0
0, 78, 0
1, 413, 0
1, 406, 0
1, 133, 0
1, 621, 0
1, 410, 0
1, 751, 0
1, 552, 0
1, 1157, 0
1, 383, 0
1, 352, 0
1, 482, 0
0, 330, 0
1, 501, 0
1, 111, 0
1, 185, 0
1, 75, 0
1, 198, 0
1, 100, 0
1, 564, 0
1, 105, 0
1, 452, 0
1, 768, 0
1, 1, 1
1, 536, 0
1, 95, 0
1, 173, 0
1, 384, 0
1, 460, 0
1, 205, 0
1, 499, 0
1, 742, 0
1, 383, 0
1, 268, 0
0, 34, 0
0, 35, 0
0, 32, 0
0, 32, 0
0, 32, 0
0, 32, 0
0, 32, 0
0, 32, 0
0, 32, 0
1, 231, 0
1, 240, 0
1, 429, 0
1, 378, 1
1, 53, 0
1, 89, 0
1, 119, 0
1, 177, 0
1, 195, 0
1, 166, 0
1, 406, 0
1, 428, 0
1, 322, 0
1, 939, 0
1, 469, 0
1, 127, 0
1, 618, 0
1, 166, 0
1, 120, 0
1, 256, 0
0, 90, 0
1, 1272, 0
1, 594, 0
1, 346, 0
1, 91, 0
1, 449, 0
1, 457, 0
1, 741, 0
1, 382, 0
0, 418, 0
1, 416, 0
1, 431, 0
1, 549, 0
0, 91, 0
1, 209, 0
1, 301, 0
1, 541, 0
1, 382, 0
1, 492, 0
1, 204, 0
1, 499, 0
1, 273, 0
1, 197, 0
1, 620, 0
1, 659, 0
1, 154, 1
1, 490, 0
1, 579, 0
1, 270, 1
1, 241, 0
1, 240, 0
1, 281, 0
1, 434, 1
0, 49, 0
1, 419, 0
1, 201, 0
1, 91, 0
1, 702, 0
0, 83, 0
1, 169, 1
1, 518, 0
1, 105, 0
1, 605, 0
0, 14, 0
0, 14, 0
0, 14, 0
0, 14, 0
0, 14, 0
0, 14, 0
0, 14, 0
0, 14, 0
1, 587, 0
1, 167, 0
1, 476, 0
1, 405, 0
1, 166, 0
1, 506, 0
1, 561, 0
1, 417, 1
1, 144, 0
1, 482, 0
1, 504, 0
1, 103, 0
1, 629, 0
1, 508, 0
1, 254, 0
1, 460, 0
1, 364, 0
1, 163, 0
1, 241, 0
1, 177, 0
1, 535, 0
1, 90, 1
1, 475, 0
1, 703, 0
1, 311, 1
1, 641, 0
1, 81, 0
1, 184, 0
1, 434, 0
1, 165, 0
1, 349, 0
1, 140, 0
1, 160, 0
1, 104, 0
1, 205, 0
1, 642, 1
1, 171, 0
1, 573, 0
1, 214, 0
1, 95, 0
1, 180, 0
1, 509, 0
1, 282, 0
1, 322, 1
1, 630, 0
1, 454, 0
1, 118, 0
1, 352, 1
1, 369, 0
1, 332, 0
1, 390, 0
1, 151, 0
1, 112, 0
1, 154, 1
1, 484, 0
1, 421, 0
0, 65, 0
1, 573, 0
1, 547, 0
0, 450, 0
1, 107, 0
1, 107, 0
1, 107, 0
1, 915, 0
1, 332, 0
1, 506, 0
1, 96, 0
1, 1006, 0
0, 20, 0
1, 506, 0
1, 117, 1
1, 370, 0
1, 36, 0
0, 54, 0
1, 566, 0
1, 1207, 0
1, 148, 0
0, 82, 0
1, 70, 0
1, 84, 0
1, 486, 0
1, 154, 0
1, 982, 0
1, 214, 0
1, 128, 0
1, 142, 0
0, 470, 0
1, 378, 0
0, 36, 0
1, 94, 0
0, 0, 0
1, 494, 1
0, 5, 0
0, 94, 0
0, 12, 1
0, 12, 0
0, 12, 0
0, 12, 0
1, 548, 0
1, 89, 0
1, 603, 0
0, 47, 0
1, 171, 0
1, 296, 1
0, 36, 0
0, 41, 0
0, 41, 0
1, 601, 0
1, 466, 0
0, 50, 0
1, 354, 0
1, 426, 0
1, 479, 0
0, 165, 0
1, 268, 0
1, 1302, 0
1, 276, 0
1, 32, 1
1, 144, 0
1, 471, 0
1, 302, 0
0, 515, 0
1, 391, 0
1, 153, 0
1, 33, 0
1, 142, 0
0, 0, 0
1, 121, 0
1, 487, 0
1, 125, 0
1, 481, 0
1, 579, 0
1, 414, 1
1, 400, 0
1, 534, 0
1, 449, 0
1, 335, 0
1, 125, 0
1, 123, 0
0, 1058, 1
1, 648, 0
1, 456, 0
1, 640, 0
1, 152, 0
1, 105, 0
1, 248, 0
0, 267, 0
1, 336, 0
1, 169, 0
1, 304, 0
1, 165, 0
1, 339, 0
1, 83, 0
1, 676, 1
1, 71, 0
1, 728, 1
1, 479, 0
1, 128, 0
1, 154, 0
1, 367, 0
1, 459, 0
1, 143, 0
1, 358, 0
0, 63, 0
0, 27, 0
0, 28, 0
0, 28, 0
0, 28, 0
0, 28, 0
0, 29, 0
0, 19, 0
0, 21, 0
0, 50, 0
0, 11, 0
0, 11, 0
0, 10, 0
0, 11, 0
0, 11, 0
1, 1263, 0
1, 343, 0
0, 48, 0
1, 235, 0
1, 393, 0
1, 356, 0
0, 8, 0
1, 127, 0
1, 446, 0
0, 240, 0
1, 510, 0
1, 147, 0
0, 8, 0
0, 95, 0
1, 107, 0
1, 88, 1
0, 77, 0
1, 871, 0
1, 138, 0
1, 115, 0
0, 20, 0
0, 20, 0
0, 140, 0
1, 455, 0
1, 346, 0
1, 327, 0
1, 340, 1
1, 911, 0
1, 163, 0
1, 107, 0
1, 211, 1
1, 386, 1
1, 493, 0
1, 456, 0
1, 202, 0
0, 289, 1
1, 349, 0
1, 387, 0
1, 571, 0
1, 106, 1
1, 419, 0
1, 398, 0
1, 158, 0
1, 542, 0
1, 416, 1
1, 565, 0
0, 0, 0
0, 0, 0
1, 342, 0
1, 88, 0
1, 444, 0
1, 84, 0
1, 583, 0
1, 165, 1
0, 57, 0
1, 563, 0
1, 69, 0
1, 830, 0
0, 17, 0
1, 442, 0
1, 90, 0
1, 377, 0
1, 136, 0
1, 250, 0
1, 192, 0
1, 550, 0
1, 348, 0
1, 511, 0
1, 230, 1
1, 209, 0
1, 548, 0
1, 206, 0
1, 435, 0
1, 554, 0
1, 559, 0
1, 216, 0
1, 216, 0
1, 479, 1
1, 116, 1
1, 213, 0
0, 90, 0
1, 504, 0
1, 565, 0
1, 209, 0
0, 465, 0
1, 452, 0
1, 230, 0
1, 187, 0
1, 23, 0
1, 327, 0
1, 27, 1
1, 595, 1
1, 602, 0
1, 472, 0
1, 335, 0
1, 1174, 0
1, 541, 0
0, 200, 0
0, 102, 0
0, 357, 0
1, 216, 0
0, 165, 0
1, 129, 0
0, 404, 0
1, 85, 0
0, 773, 0
1, 69, 0
1, 356, 0
1, 108, 0
1, 465, 0
1, 507, 0
1, 536, 0
1, 383, 1
1, 479, 0
1, 315, 0
0, 92, 0
1, 179, 1
1, 231, 0
1, 202, 0
1, 100, 0
1, 409, 0
1, 116, 0
1, 364, 0
1, 116, 0
1, 802, 0
1, 67, 0
1, 471, 0
0, 213, 0
1, 164, 0
1, 142, 1
1, 175, 0
1, 162, 0
1, 171, 0
1, 557, 0
1, 609, 0
1, 693, 0
0, 48, 0
0, 48, 0
0, 31, 0
0, 23, 0
0, 23, 0
1, 67, 0
1, 738, 0
1, 351, 0
1, 566, 0
1, 570, 0
1, 590, 0
1, 241, 0
1, 189, 0
0, 90, 0
1, 95, 1
1, 364, 0
1, 311, 0
1, 510, 0
1, 131, 0
1, 236, 0
1, 168, 0
1, 197, 0
1, 480, 0
1, 230, 1
1, 406, 0
1, 275, 0
1, 195, 0
1, 94, 0
1, 251, 1
1, 80, 0
1, 589, 0
0, 27, 0
1, 512, 0
1, 153, 0
0, 218, 0
0, 91, 0
0, 205, 0
1, 118, 0
1, 527, 0
1, 110, 0
1, 198, 0
1, 381, 0
1, 426, 0
1, 612, 1
1, 561, 0
1, 86, 0
1, 1425, 0
1, 348, 0
1, 538, 0
1, 122, 0
1, 312, 0
1, 110, 0
1, 347, 0
1, 232, 0
1, 181, 0
1, 363, 1
1, 111, 0
1, 384, 0
1, 401, 0
1, 140, 0
1, 538, 0
1, 205, 1
1, 79, 0
1, 131, 0
1, 227, 0
1, 463, 0
0, 57, 0
1, 145, 0
1, 644, 0
1, 361, 0
0, 2327, 0
1, 582, 0
1, 1186, 0
1, 275, 0
0, 172, 0
1, 119, 1
1, 472, 0
1, 206, 0
1, 325, 0
1, 474, 0
1, 112, 1
1, 924, 0
1, 153, 0
1, 492, 1
1, 327, 0
1, 224, 0
1, 286, 0
1, 550, 0
1, 83, 0
1, 117, 1
1, 380, 0
1, 624, 0
1, 528, 0
1, 560, 0
1, 504, 0
1, 142, 0
1, 154, 0
1, 465, 0
1, 479, 0
1, 167, 0
1, 1726, 1
1, 148, 0
1, 200, 0
0, 92, 0
1, 341, 0
0, 11, 0
0, 11, 0
0, 11, 0
1, 258, 0
1, 130, 0
1, 560, 0
1, 384, 0
1, 394, 0
1, 101, 0
1, 420, 0
1, 276, 0
1, 446, 0
1, 44, 0
1, 253, 1
1, 505, 0
1, 411, 0
1, 321, 0
0, 69, 0
1, 418, 0
1, 351, 0
1, 89, 1
1, 121, 0
1, 276, 0
1, 538, 0
0, 583, 0
1, 69, 0
1, 489, 0
1, 1746, 0
1, 89, 0
1, 129, 0
0, 712, 1
1, 204, 0
1, 623, 0
1, 212, 0
1, 180, 0
1, 608, 0
1, 114, 1
1, 528, 0
1, 175, 0
1, 143, 0
1, 129, 0
1, 514, 0
1, 305, 0
1, 370, 0
1, 214, 0
1, 102, 0
1, 714, 0
1, 386, 0
1, 103, 0
1, 413, 0
1, 101, 0
1, 447, 0
1, 744, 0
1, 290, 0
0, 84, 0
1, 280, 0
1, 110, 1
1, 788, 0
1, 294, 0
1, 393, 1
1, 408, 0
1, 34, 0
1, 377, 1
1, 206, 0
1, 487, 0
0, 366, 0
1, 189, 0
1, 330, 0
1, 209, 0
1, 246, 1
0, 212, 0
1, 106, 0
1, 90, 0
0, 92, 0
0, 360, 0
1, 205, 1
1, 542, 0
1, 527, 1
1, 451, 0
1, 79, 0
1, 145, 0
0, 247, 0
1, 196, 0
0, 182, 0
1, 468, 0
1, 253, 0
1, 1487, 0
1, 28, 0
1, 95, 1
1, 273, 0
1, 291, 0
1, 422, 0
1, 116, 0
1, 335, 0
1, 109, 0
1, 538, 0
1, 451, 0
1, 669, 0
1, 535, 0
1, 375, 0
0, 25, 1
1, 128, 0
1, 212, 0
0, 31, 0
1, 569, 0
1, 121, 0
0, 56, 0
0, 414, 0
1, 474, 0
1, 433, 1
1, 140, 0
1, 126, 0
1, 403, 0
1, 291, 0
1, 150, 0
1, 76, 0
1, 434, 0
1, 521, 0
1, 467, 0
0, 736, 0
1, 311, 0
1, 211, 0
1, 891, 0
0, 1271, 0
0, 63, 0
1, 661, 0
1, 143, 0
1, 362, 0
1, 221, 0
0, 46, 0
1, 79, 0
1, 458, 0
1, 486, 1
1, 203, 1
1, 904, 0
1, 289, 0
1, 428, 0
1, 397, 0
1, 681, 0
1, 328, 0
1, 333, 0
1, 450, 0
1, 195, 0
1, 231, 0
1, 497, 0
1, 425, 0
1, 91, 0
1, 461, 0
0, 43, 0
1, 474, 0
1, 852, 0
1, 540, 0
1, 187, 0
1, 955, 0
1, 420, 0
0, 104, 0
1, 275, 1
1, 428, 0
1, 487, 0
1, 451, 0
1, 197, 0
1, 545, 0
1, 30, 0
1, 392, 0
1, 460, 0
1, 487, 0
1, 441, 0
1, 420, 0
1, 317, 0
1, 248, 0
1, 199, 0
1, 227, 0
1, 389, 0
1, 502, 0
1, 431, 0
0, 1190, 0
1, 401, 0
1, 143, 0
1, 441, 0
1, 370, 0
0, 430, 0
1, 516, 0
1, 503, 0
1, 200, 0
1, 109, 0
1, 331, 0
1, 416, 0
1, 507, 1
1, 93, 0
1, 160, 0
1, 330, 0
1, 587, 0
1, 224, 0
1, 361, 1
1, 744, 0
1, 422, 0
1, 73, 0
1, 307, 0
1, 210, 0
1, 565, 0
1, 570, 0
1, 139, 0
1, 227, 0
1, 397, 0
1, 535, 0
1, 260, 0
1, 354, 0
1, 556, 0
1, 450, 0
1, 607, 0
1, 194, 0
1, 213, 0
1, 798, 0
1, 535, 0
1, 100, 0
1, 187, 0
0, 12, 0
0, 19, 0
0, 19, 0
1, 225, 0
1, 133, 0
1, 170, 0
0, 54, 1
1, 229, 0
1, 122, 0
1, 482, 1
1, 209, 0
1, 416, 0
1, 161, 1
1, 525, 0
1, 121, 1
1, 604, 0
1, 550, 0
0, 52, 0
1, 236, 0
0, 152, 0
1, 225, 0
1, 443, 0
1, 191, 0
1, 64, 0
1, 245, 0
1, 484, 0
1, 222, 0
1, 212, 0
1, 179, 0
1, 181, 0
0, 187, 0
1, 457, 0
1, 501, 0
0, 87, 0
1, 398, 0
1, 102, 0
1, 348, 0
1, 446, 0
0, 93, 0
1, 5, 0
1, 289, 0
1, 157, 0
1, 209, 0
1, 1, 0
1, 367, 0
1, 411, 0
0, 204, 0
1, 489, 0
1, 492, 0
1, 404, 0
1, 82, 0
1, 321, 0
1, 397, 0
0, 25, 0
1, 554, 0
1, 387, 0
1, 173, 0
1, 268, 0
1, 316, 0
1, 117, 0
1, 133, 0
1, 236, 0
1, 334, 0
1, 469, 1
1, 191, 0
1, 265, 0
0, 65, 0
1, 564, 1
0, 106, 0
1, 312, 0
1, 831, 0
0, 130, 0
1, 205, 0
1, 103, 0
1, 241, 0
1, 387, 1
1, 167, 0
0, 326, 0
0, 328, 0
1, 782, 0
1, 141, 0
1, 31, 0
1, 685, 0
1, 534, 0
1, 505, 0
0, 507, 0
1, 158, 0
1, 396, 0
1, 494, 0
1, 724, 0
1, 706, 0
1, 125, 1
1, 324, 0
1, 232, 0
0, 9, 0
0, 9, 0
0, 9, 0
0, 170, 0
1, 251, 0
1, 687, 0
1, 327, 0
1, 165, 0
1, 330, 0
0, 139, 0
1, 370, 0
1, 473, 0
1, 189, 0
1, 495, 0
1, 150, 1
1, 513, 0
1, 366, 0
1, 164, 0
1, 262, 0
1, 1837, 0
1, 506, 0
1, 585, 0
1, 263, 0
1, 496, 0
1, 368, 0
1, 514, 0
1, 259, 0
1, 180, 0
1, 374, 0
1, 533, 0
1, 169, 0
0, 31, 0
1, 487, 0
1, 351, 0
0, 0, 0
0, 46, 0
0, 0, 0
0, 46, 0
0, 0, 1
0, 0, 0
0, 0, 0
1, 0, 0
0, 0, 0
0, 0, 0
0, 0, 1
0, 0, 0
0, 0, 0
0, 0, 0
1, 214, 0
1, 543, 0
1, 542, 0
1, 227, 0
1, 506, 0
1, 338, 0
0, 536, 1
1, 851, 0
0, 32, 0
0, 29, 0
1, 1006, 1
1, 146, 0
1, 87, 0
1, 417, 1
1, 545, 1
0, 630, 0
1, 379, 0
1, 356, 0
1, 126, 0
1, 299, 0
1, 164, 0
0, 565, 0
1, 86, 0
0, 56, 0
1, 614, 1
1, 360, 0
1, 608, 0
0, 26, 0
0, 26, 0
0, 10, 0
0, 0, 0
0, 87, 0
1, 291, 0
1, 415, 0
1, 102, 0
1, 570, 0
1, 337, 0
1, 311, 0
1, 154, 0
1, 143, 1
1, 232, 0
1, 85, 0
1, 486, 0
1, 538, 0
1, 91, 0
1, 502, 0
1, 120, 0
1, 470, 0
1, 397, 0
1, 23, 0
1, 134, 0
1, 529, 0
1, 104, 0
1, 1235, 0
1, 567, 0
1, 504, 1
1, 146, 0
0, 48, 0
1, 451, 0
0, 1023, 1
1, 295, 0
0, 85, 0
1, 821, 0
0, 7, 0
0, 7, 0
0, 7, 0
0, 6, 0
0, 7, 0
0, 7, 0
0, 7, 0
0, 7, 0
0, 7, 0
1, 334, 0
1, 512, 0
1, 1825, 0
0, 148, 0
1, 625, 1
1, 1182, 0
1, 127, 0
1, 539, 1
1, 572, 0
1, 222, 0
1, 261, 0
1, 321, 0
1, 406, 0
1, 492, 0
1, 448, 0
1, 563, 0
1, 74, 0
1, 253, 0
0, 225, 0
1, 574, 0
1, 400, 0
1, 411, 0
1, 2166, 0
1, 235, 0
1, 95, 1
1, 318, 0
1, 81, 0
1, 163, 0
1, 177, 1
0, 251, 0
1, 246, 0
1, 384, 0
1, 97, 0
1, 679, 0
1, 365, 0
1, 98, 0
0, 718, 1
0, 289, 0
1, 471, 0
1, 343, 0
1, 212, 1
1, 173, 0
1, 108, 0
1, 490, 0
1, 281, 0
1, 188, 0
1, 119, 1
1, 1047, 0
0, 415, 0
1, 627, 0
1, 194, 0
1, 121, 0
1, 216, 0
1, 293, 0
1, 425, 0
1, 56, 0
1, 520, 0
1, 544, 0
1, 206, 0
1, 176, 0
1, 309, 0
0, 190, 0
1, 183, 1
0, 1306, 1
1, 70, 0
1, 95, 0
1, 824, 0
1, 504, 0
1, 493, 0
1, 1113, 1
1, 385, 1
1, 501, 0
1, 505, 0
0, 104, 0
1, 1274, 1
1, 290, 0
1, 522, 0
0, 281, 0
1, 409, 0
1, 422, 0
1, 117, 0
1, 579, 0
1, 223, 0
1, 286, 1
1, 77, 0
1, 259, 0
1, 146, 0
1, 468, 0
1, 164, 0
1, 116, 0
1, 73, 0
0, 90, 0
0, 1112, 0
0, 964, 1
1, 484, 0
1, 137, 0
1, 202, 0
1, 217, 1
1, 154, 0
1, 751, 0
1, 539, 0
1, 428, 0
1, 73, 0
1, 109, 0
1, 93, 0
1, 528, 0
1, 107, 0
1, 127, 0
1, 479, 0
1, 124, 0
1, 1116, 0
1, 438, 0
1, 475, 0
1, 243, 0
1, 554, 0
1, 602, 0
1, 180, 0
1, 219, 1
0, 63, 1
1, 592, 1
1, 322, 0
1, 403, 0
1, 187, 0
1, 404, 0
1, 460, 0
1, 737, 0
1, 20, 0
1, 305, 0
1, 457, 0
1, 464, 0
0, 83, 0
1, 519, 0
1, 548, 0
1, 702, 1
1, 1476, 0
1, 630, 0
1, 505, 0
1, 356, 0
0, 47, 0
1, 185, 0
1, 605, 0
1, 145, 0
1, 0, 1
0, 291, 0
1, 119, 0
1, 464, 0
1, 175, 0
1, 371, 0
1, 185, 0
1, 145, 0
1, 148, 0
1, 183, 0
1, 349, 0
1, 518, 0
1, 73, 0
1, 989, 0
0, 60, 0
0, 61, 0
1, 620, 0
1, 270, 0
1, 50, 0
1, 598, 0
1, 1110, 0
0, 1590, 0
1, 277, 0
1, 483, 0
1, 115, 0
1, 360, 0
1, 80, 0
1, 63, 1
1, 281, 0
1, 199, 0
1, 1171, 0
1, 596, 0
1, 312, 0
1, 137, 0
1, 40, 0
1, 733, 0
1, 305, 0
1, 291, 0
1, 456, 0
0, 0, 0
0, 0, 0
0, 0, 0
0, 0, 0
0, 0, 0
0, 0, 0
0, 0, 0
0, 0, 0
0, 0, 0
0, 0, 0
0, 0, 0
0, 0, 0
0, 0, 0
0, 0, 0
0, 0, 1
0, 0, 0
1, 488, 0
1, 439, 0
1, 386, 0
1, 593, 0
0, 42, 0
0, 46, 1
1, 453, 0
1, 398, 0
1, 498, 0
1, 379, 0
1, 438, 0
0, 42, 0
0, 413, 0
1, 110, 1
0, 450, 0
1, 676, 0
0, 648, 1
1, 232, 0
1, 909, 1
0, 60, 0
1, 106, 0
1, 137, 0
0, 34, 0
1, 588, 0
1, 113, 0
1, 213, 0
1, 280, 0
1, 1245, 0
1, 428, 0
1, 138, 0
0, 6, 0
1, 506, 0
1, 473, 0
1, 180, 0
1, 626, 0
1, 524, 0
1, 529, 0
1, 163, 0
1, 390, 0
0, 211, 0
1, 622, 0
1, 114, 0
1, 375, 0
1, 216, 1
1, 485, 0
1, 153, 0
1, 325, 0
1, 98, 0
1, 160, 0
1, 116, 0
1, 109, 1
0, 847, 0
1, 91, 1
1, 496, 0
0, 21, 0
1, 116, 0
1, 17, 1
0, 30, 0
1, 249, 0
0, 48, 0
0, 51, 0
1, 357, 1
1, 170, 0
1, 219, 0
1, 410, 0
0, 491, 0
1, 206, 0
1, 300, 0
1, 177, 0
0, 59, 0
1, 147, 0
1, 1094, 0
1, 431, 0
1, 426, 0
0, 68, 0
1, 106, 0
1, 319, 0
1, 303, 0
1, 184, 0
1, 504, 1
1, 410, 0
0, 63, 0
0, 223, 0
0, 2, 0
0, 249, 0
0, 11, 0
0, 13, 0
0, 13, 1
0, 11, 0
0, 13, 1
0, 20, 0
0, 20, 1
0, 20, 0
0, 26, 0
0, 25, 0
0, 26, 0
1, 465, 0
1, 554, 0
1, 332, 0
1, 474, 0
1, 421, 0
1, 214, 0
0, 52, 0
1, 350, 0
1, 342, 0
0, 58, 0
0, 59, 0
1, 138, 0
0, 179, 0
1, 529, 0
1, 81, 1
0, 129, 0
1, 398, 0
1, 695, 0
1, 162, 0
1, 217, 0
1, 412, 0
1, 33, 0
1, 563, 0
0, 25, 0
0, 47, 0
0, 23, 0
1, 521, 1
1, 104, 0
1, 460, 0
1, 488, 1
0, 166, 0
1, 572, 0
1, 301, 0
1, 54, 0
1, 529, 0
1, 511, 0
1, 247, 1
1, 220, 0
1, 71, 1
1, 126, 0
1, 196, 0
1, 138, 0
1, 674, 0
1, 431, 0
0, 29, 0
1, 183, 0
1, 387, 0
1, 122, 0
1, 1350, 0
1, 33, 0
1, 900, 0
1, 234, 0
0, 48, 0
0, 48, 0
0, 454, 0
1, 890, 0
1, 155, 0
1, 179, 0
1, 352, 0
1, 602, 1
0, 0, 1
0, 0, 0
0, 0, 1
0, 0, 0
0, 0, 0
0, 0, 0
0, 0, 0
0, 0, 0
0, 0, 0
0, 0, 0
0, 0, 1
0, 0, 0
0, 0, 0
0, 0, 1
0, 0, 0
0, 0, 0
0, 0, 0
1, 0, 0
0, 0, 0
0, 0, 0
0, 0, 0
0, 0, 0
0, 0, 0
0, 0, 0
1, 652, 0
0, 9, 0
0, 9, 0
0, 9, 0
0, 9, 0
0, 9, 1
0, 9, 0
0, 9, 0
0, 9, 0
0, 9, 0
0, 12, 0
0, 13, 0
0, 13, 0
0, 108, 0
1, 236, 0
1, 706, 0
1, 101, 0
1, 903, 0
1, 210, 0
1, 561, 0
1, 223, 0
1, 325, 0
0, 14, 0
0, 13, 0
0, 14, 0
1, 371, 0
1, 217, 0
1, 117, 0
