2
2
2
2
2
2
2
9
2
2
2
2
2
2
2
2
2
2
2
3
2
2
2
11
2
2
2
2
2
2
2
2
2
2
2
2
2
2
2
2
2
2
2
2
2
2
7
2
2
2
4
8
10
12
13
17
19
20
22
24
26
28
30
32
34
36
38
40
42
44
46
48
51
52
55
63
64
67
69
71
74
76
78
80
82
2
83
2
2
2
2
85
87
88
90
92
100
102
106
108
109
112
2
2
2
2
2
2
2
2
2
2
113
2
2
2
2
2
2
2
2
2
2
114
2
2
2
2
115
116
122
124
126
2
128
130
131
2
2
132
2
134
136
139
142
143
145
148
150
152
160
162
164
166
168
179
181
186
188
190
192
203
205
207
209
211
213
215
217
219
223
224
226
229
236
239
241
247
249
251
253
255
269
271
273
275
278
279
288
299
301
303
312
321
322
325
326
2
2
2
332
335
349
351
364
365
2
366
367
378
388
389
391
393
395
397
398
2
399
400
403
404
407
418
422
424
426
431
446
460
462
464
472
482
484
486
488
490
492
506
515
517
2
520
530
536
2
544
546
2
555
557
559
562
572
575
586
588
598
600
602
610
612
615
618
623
626
628
633
635
637
2
652
654
669
675
678
680
682
684
685
687
689
2
2
2
690
704
706
722
723
725
727
732
734
741
749
760
769
778
791
793
794
811
823
837
839
857
873
875
891
893
912
2
2
2
2
2
913
928
2
944
953
970
985
1003
1017
1032
1052
1064
1086
1096
1111
1113
1125
1137
1139
1140
1141
2
2
1142
2
1156
1172
1187
1190
1203
1217
1219
1308
1321
1330
1334
1342
1355
1365
1380
1391
1401
1415
2
2
2
2
2
2
2
2
2
2
1416
1417
1419
1434
1448
1485
1521
1531
2
1532
1533
1545
1547
1562
1573
1586
1603
1740
1752
1786
1809
1847
1849
1868
1912
1933
1937
1943
1951
1967
1997
2021
2034
2090
2
2125
2143
2160
2174
2194
2214
2219
2228
2246
2249
2251
2253
2270
2287
2301
2313
2322
2334
2349
2441
2453
2502
2536
2549
2602
2609
2615
2714
2715
2728
2749
2776
2778
2792
2804
2818
2833
2842
2860
2877
2888
2919
2954
2960
3000
3002
3118
3154
3162
3181
3206
3217
3249
3268
3299
3312
3346
3361
3373
3388
3394
3480
3486
3498
3522
3539
3552
3575
3585
3596
3645
3661
3676
3714
3746
3791
3842
3851
3864
3914
3925
3968
4006
4052
4069
4072
4081
4116
4197
4204
4257
4290
4322
4360
4386
4424
4433
4441
4455
4456
4457
2
2
2
2
4499
4532
4539
4619
4622
4662
4669
4691
4718
4732
4814
2
2
4825
4833
4845
4860
4863
4886
4899
4907
4916
4944
4955
5030
5037
5039
5046
5051
5059
5090
5092
5117
5136
5138
5179
5185
5196
5227
5286
5301
5303
5321
5335
5357
5368
5400
5416
5438
5471
5475
5480
5492
5526
5534
5543
5547
5582
5592
5603
5605
5639
5679
5704
5722
5755
5785
5786
5787
5789
5836
5847
5855
5892
5933
5944
5956
5965
5995
2
6051
6063
6093
6104
6135
6146
6151
6166
6215
6243
6254
6317
6342
6353
6355
6427
6444
6504
6520
6543
6580
6591
6606
6631
6637
6650
2
2
2
2
6651
2
2
2
6656
6662
6720
6762
6770
6823
6829
6831
2
6927
6944
6986
6995
7000
7014
7024
7030
7044
7061
7090
7112
7120
7154
7155
7178
7186
7190
7194
7207
7237
7253
7264
7276
7277
2
2
2
7278
2
7299
7327
7435
7441
7473
7544
7616
7621
7632
7644
7658
7700
7701
7703
7750
7781
7847
7898
7922
7949
7988
8022
8073
8161
8172
8178
8258
8370
8424
8433
8449
8468
8491
8496
8498
8546
8556
8566
8577
8598
8600
8610
8616
8638
8656
8658
8683
2
8708
8718
8750
8781
8807
8812
8823
8854
8872
8878
8886
8888
8908
8919
8930
8943
8950
8953
8999
9058
9063
9067
9196
2
2
2
9197
9198
2
9215
9222
9225
9237
9251
9270
9282
9302
9323
9338
9348
9368
9405
9410
9426
9437
9478
9498
9511
9523
9528
9540
9562
9573
9594
9620
9649
9654
9670
9703
9739
9750
9759
9802
9828
9845
9846
9887
9890
9899
2
9902
9912
9927
9945
10030
10040
10089
10210
10241
10259
10284
10288
10302
10332
10338
10350
10363
10370
10372
10373
10395
10417
10438
10455
10461
2
10474
10500
10534
2
10579
10588
10592
10595
10605
10618
10631
10635
10655
10756
10768
10784
10796
10797
10807
10855
10860
10884
10941
10960
10972
10980
10983
10990
11015
11110
11121
11125
11129
11132
11134
11142
11144
11168
11170
11196
11217
11246
11256
11266
11279
11289
11291
11302
11304
11324
11331
11391
11469
11479
11489
11494
11496
11497
11535
11545
11546
11548
11558
11564
11577
11579
11619
11643
11656
11666
11707
11712
11738
11755
11770
11801
11817
11841
11943
11968
12051
12163
12202
12204
12219
2
12220
12358
12373
12401
12422
12463
12514
12516
12526
12538
12562
12565
12579
12598
12635
12641
12643
12651
12659
12679
12688
12693
12713
12725
12739
12763
12773
12775
12778
12797
12804
12830
12835
12836
12879
12890
12902
12931
12953
12961
13005
13039
13042
13051
13064
13070
13080
13101
13112
13156
13170
13180
2
13192
13208
13229
13264
13310
13326
13339
13381
13404
13410
13424
13449
13471
13479
13481
13482
13548
13561
13586
13588
13620
13630
13659
13666
13676
13693
13704
13709
13732
13738
13745
2
13746
13759
13776
13787
13796
13807
13826
13828
13841
13855
13865
13876
13884
13897
13907
13920
13938
13942
13957
13999
14016
14103
14144
14169
14170
2
2
2
2
2
2
2
14171
14177
14215
14232
14252
14285
14297
14325
14332
14352
14387
14407
14421
14423
14432
14458
14469
14483
14493
14654
14662
14694
14734
14742
14754
14773
14787
14811
14815
14875
14928
14988
14990
15006
15030
15044
15054
15079
15089
15090
2
2
2
15091
15093
15097
15107
15139
15143
15157
15184
15185
15191
15215
15230
15238
15283
15306
15334
2
15335
15339
15354
15373
15375
15406
15416
15430
15440
15442
15450
15484
15561
15568
15579
15611
15614
15672
15753
15761
15781
15789
15814
15841
15853
15865
2
15866
2
2
2
15867
2
2
2
15868
2
2
15869
2
2
2
15870
2
2
2
15871
2
2
15872
2
2
2
15873
2
2
2
2
15874
2
2
2
15875
2
2
15876
2
2
2
15877
2
2
15895
15913
15926
15964
15965
15972
15979
15991
2
15992
15993
16024
16064
16128
16162
16173
16224
16236
16239
16354
16384
16459
16493
16505
16513
16531
16545
16612
16636
16643
16652
16671
16672
2
2
2
2
2
16704
2
16730
16736
16753
16768
2
16777
16798
16804
16849
16853
16918
16919
16952
16966
16987
16993
17000
17004
17057
17086
17091
17137
17147
17152
17154
17159
17176
17188
17189
17215
17242
17260
17270
17282
17284
17291
17379
17399
17410
17445
17447
17453
17491
17496
17504
17516
17529
17544
17558
17567
17571
17588
17619
17719
17724
17733
17764
17788
17805
2
17810
17834
17844
17846
17850
17873
17892
17900
17914
17934
17957
17960
18044
18141
18156
18157
18158
18232
18251
18272
18285
18299
18355
18415
18438
18457
18464
18480
18503
18513
18519
18550
18564
18585
18674
18677
18744
18796
19028
19035
19049
19094
19149
19159
19188
19223
19273
19292
19333
19351
19439
19461
19516
19635
19680
19693
19696
19708
19757
19765
19802
19817
19832
19856
19900
19919
19933
19937
19943
19975
19995
20007
20029
20036
20057
20069
20104
20106
20126
20146
20171
20180
20207
20237
20270
20276
20285
20325
20355
20372
20384
20407
20494
20497
20544
20549
20551
20596
20634
20713
20782
20817
20845
20876
20913
20928
20930
20933
20935
20954
20974
21002
21063
21081
21117
21130
21145
21154
21206
21243
21285
21344
21358
21363
21365
21412
21422
21479
21491
21495
21523
21532
21543
21551
21587
21601
21602
21612
2
21614
21675
21692
21718
21735
21750
21847
21913
21928
21944
22031
22034
22063
22065
22083
22134
22136
22152
22231
22244
22272
22320
22466
22517
22532
22566
22588
22623
22632
22639
22643
22651
22668
22670
22696
22703
22725
22732
22745
22748
22773
22774
22800
22815
22823
22859
22861
22881
22906
22917
22956
22981
23027
23059
23073
23080
23133
23137
23147
23152
23177
23181
23235
23258
23290
23300
23321
23327
23352
23383
2
23389
23409
23413
23432
23435
23437
23452
23453
23463
2
2
23464
2
2
23465
2
2
2
23466
2
2
2
23467
2
2
23468
2
2
2
23469
2
2
2
23470
2
2
2
23471
2
2
23472
2
2
23473
23474
23483
23489
23504
23524
23543
23548
23584
23595
23703
23713
23716
23726
23763
23796
23801
23820
23838
23841
23855
23909
23911
23963
24057
24090
24105
24117
24125
24194
24208
24241
24261
24264
24274
24335
24390
24402
2
24460
24487
24564
24565
24632
24662
24690
24713
24719
24721
24730
24807
24844
24846
24870
24877
24893
24901
2
2
24902
2
24903
24911
24943
24977
25012
25018
25030
25034
2
25062
25110
25158
25160
25195
25196
25238
25247
25279
25297
25308
25323
25333
2
25366
25405
25438
25465
25506
25548
25554
25571
25607
25638
25650
25658
25663
25690
25721
25730
25736
25746
25748
25773
25817
25861
25871
25939
25976
25981
25992
26018
26020
26032
26047
26051
26061
26077
26084
26086
26098
26131
26154
26160
26175
26200
26219
26233
26256
26268
26285
26305
26318
26326
26361
26375
26385
26427
26434
26468
2
26486
26500
26519
26540
26548
26591
26622
26645
26665
26694
26726
26731
26732
26741
26754
26759
26857
26877
26920
26938
26990
27043
27078
27096
27131
27136
27162
27213
27227
27401
27451
27485
27488
27555
27653
2
27654
27694
27759
27774
27856
2
27863
27901
27905
27918
27938
27946
27972
27993
28012
28017
28022
28025
28051
28084
28094
28097
28111
28129
28137
28150
28170
28186
28198
28200
28208
28217
28281
28291
28300
28337
28339
28352
28363
28366
28399
28411
28449
2
2
28452
28460
28497
28516
28579
28605
28607
28618
28622
28652
28656
28664
28678
28690
28693
28698
28767
28781
28791
28796
28802
28854
28868
28885
28887
28890
28892
28905
29007
29042
29058
29061
29090
29109
29153
29177
29187
29217
29307
29390
29501
29567
29684
29746
