0, 11, 0
0, 9, 0
0, 9, 0
0, 9, 0
0, 10, 0
0, 9, 0
0, 9, 0
0, 9, 0
0, 10, 0
0, 9, 0
0, 10, 0
0, 10, 0
0, 9, 0
0, 10, 0
0, 10, 0
0, 9, 0
0, 9, 0
0, 11, 0
0, 9, 0
0, 10, 1
0, 9, 0
0, 9, 0
0, 9, 0
0, 9, 0
0, 9, 0
0, 9, 0
0, 11, 0
0, 12, 0
0, 9, 0
0, 10, 0
0, 30, 0
0, 10, 0
0, 9, 0
0, 10, 0
0, 9, 0
0, 9, 0
0, 9, 0
0, 11, 0
0, 12, 0
0, 11, 0
0, 29, 0
0, 9, 0
0, 9, 0
0, 10, 0
0, 10, 0
0, 9, 0
0, 28, 0
0, 9, 0
0, 9, 0
0, 10, 0
0, 9, 0
0, 10, 0
0, 33, 0
0, 9, 0
0, 29, 0
0, 10, 0
0, 9, 0
0, 10, 0
0, 10, 0
0, 9, 0
0, 10, 0
0, 9, 0
0, 15, 1
0, 9, 0
0, 10, 0
0, 11, 0
0, 9, 1
0, 9, 1
0, 9, 0
0, 9, 0
0, 10, 0
0, 10, 0
0, 10, 1
0, 10, 0
0, 10, 0
0, 10, 0
0, 10, 0
0, 9, 0
0, 10, 0
0, 33, 0
0, 9, 0
0, 10, 0
0, 9, 0
0, 9, 0
0, 9, 0
0, 9, 0
0, 9, 0
0, 9, 0
0, 11, 0
0, 9, 0
0, 9, 1
0, 9, 0
0, 10, 0
0, 9, 0
0, 9, 0
0, 9, 0
0, 41, 0
0, 10, 0
0, 9, 0
0, 10, 0
0, 9, 0
0, 34, 0
0, 10, 0
0, 10, 0
0, 9, 0
0, 9, 0
0, 12, 0
0, 10, 0
0, 11, 0
0, 12, 1
0, 9, 0
0, 28, 0
0, 9, 0
0, 12, 0
0, 9, 0
0, 9, 0
0, 9, 0
0, 9, 0
0, 10, 0
0, 9, 0
0, 11, 0
0, 9, 0
0, 9, 0
0, 9, 0
0, 9, 0
0, 10, 0
0, 9, 0
0, 9, 0
0, 10, 0
0, 14, 0
0, 10, 0
0, 9, 0
0, 9, 0
0, 9, 1
0, 10, 0
0, 9, 0
0, 10, 0
0, 10, 0
0, 11, 0
0, 11, 0
0, 10, 0
0, 10, 0
0, 9, 0
0, 9, 0
0, 9, 0
0, 9, 1
1, 6, 0
0, 9, 0
0, 13, 0
0, 9, 0
0, 9, 0
0, 10, 0
0, 11, 0
0, 13, 0
0, 10, 0
0, 11, 0
0, 9, 0
0, 11, 1
0, 10, 0
0, 10, 0
0, 10, 0
0, 9, 0
0, 9, 0
0, 10, 0
0, 9, 0
0, 9, 1
0, 10, 0
0, 9, 0
0, 9, 0
0, 12, 0
0, 17, 0
0, 10, 1
0, 9, 0
0, 9, 0
0, 11, 0
0, 11, 0
0, 9, 1
0, 10, 0
0, 10, 0
0, 9, 0
0, 10, 0
0, 10, 0
0, 9, 0
0, 9, 0
0, 9, 0
0, 9, 0
0, 9, 0
0, 10, 0
0, 11, 0
0, 10, 1
0, 9, 0
0, 10, 1
0, 9, 0
0, 30, 0
0, 10, 0
0, 10, 0
0, 9, 0
0, 9, 0
0, 9, 0
0, 12, 0
0, 9, 1
0, 9, 0
0, 10, 0
0, 11, 1
0, 10, 0
0, 45, 0
0, 10, 0
0, 31, 0
0, 9, 0
0, 17, 0
0, 11, 0
0, 9, 0
0, 10, 0
0, 9, 0
0, 9, 0
0, 9, 0
0, 9, 0
0, 10, 0
0, 10, 0
0, 9, 0
0, 10, 0
0, 9, 0
0, 10, 0
0, 10, 0
0, 10, 0
0, 10, 0
0, 10, 1
0, 10, 0
0, 9, 0
0, 9, 0
0, 11, 0
0, 10, 0
0, 12, 0
0, 12, 0
0, 12, 0
0, 9, 0
0, 9, 0
0, 10, 0
0, 10, 0
0, 9, 0
0, 10, 0
0, 10, 0
0, 33, 0
0, 9, 0
0, 10, 0
0, 10, 0
0, 10, 1
0, 9, 0
0, 11, 0
0, 30, 0
0, 9, 0
0, 9, 0
0, 9, 0
0, 10, 0
0, 11, 0
0, 9, 0
0, 9, 0
0, 9, 0
0, 10, 0
0, 9, 0
0, 30, 0
0, 9, 0
1, 44, 0
0, 10, 0
0, 12, 0
0, 10, 0
0, 9, 0
0, 9, 0
0, 9, 1
0, 10, 0
0, 10, 0
0, 9, 0
0, 10, 0
0, 10, 0
0, 29, 0
0, 10, 0
0, 12, 0
0, 10, 0
0, 9, 0
0, 12, 0
0, 12, 0
0, 10, 0
0, 9, 0
0, 9, 0
0, 11, 0
0, 9, 0
0, 9, 0
0, 45, 0
0, 9, 1
0, 9, 0
0, 11, 0
0, 9, 0
0, 10, 0
0, 9, 1
0, 12, 1
0, 9, 0
0, 10, 0
0, 9, 0
0, 12, 0
0, 11, 0
0, 11, 0
0, 9, 0
0, 9, 0
0, 9, 0
0, 28, 0
0, 9, 0
0, 10, 0
0, 57, 0
0, 9, 0
0, 10, 0
0, 9, 0
0, 10, 0
0, 9, 0
0, 9, 0
0, 11, 0
0, 10, 0
0, 10, 0
0, 11, 0
0, 9, 0
0, 12, 0
0, 28, 0
0, 11, 0
0, 9, 0
0, 10, 0
0, 9, 0
0, 10, 0
0, 9, 0
0, 10, 0
0, 9, 0
0, 10, 1
0, 9, 1
0, 11, 0
0, 10, 0
0, 9, 1
0, 9, 0
0, 10, 0
0, 9, 0
0, 9, 0
0, 9, 0
0, 12, 0
1, 4, 0
0, 17, 0
0, 10, 0
0, 9, 0
0, 9, 0
0, 9, 1
0, 9, 0
0, 10, 0
0, 9, 0
0, 10, 0
0, 29, 0
0, 9, 0
1, 63, 1
0, 10, 0
0, 9, 0
0, 29, 0
0, 28, 0
0, 10, 0
0, 9, 0
0, 9, 0
0, 9, 0
0, 34, 0
0, 9, 0
0, 9, 0
0, 10, 0
0, 9, 0
0, 10, 0
0, 9, 0
0, 9, 0
0, 10, 0
0, 9, 0
0, 9, 0
0, 9, 0
0, 9, 0
0, 9, 0
0, 9, 0
0, 9, 0
0, 9, 0
0, 10, 0
0, 11, 0
0, 9, 0
0, 30, 0
0, 9, 0
0, 10, 1
0, 9, 0
0, 9, 0
0, 9, 0
0, 10, 0
0, 9, 0
0, 10, 0
0, 9, 0
0, 11, 0
0, 9, 0
0, 9, 0
0, 10, 0
0, 9, 0
0, 10, 0
0, 9, 0
0, 9, 0
0, 9, 0
1, 2, 0
0, 9, 0
0, 10, 0
0, 10, 0
0, 10, 1
0, 10, 0
0, 10, 0
0, 9, 0
0, 9, 0
0, 9, 0
0, 10, 0
0, 10, 0
0, 10, 0
0, 10, 0
0, 10, 0
0, 11, 0
0, 10, 0
0, 10, 0
0, 10, 0
0, 11, 0
0, 9, 0
0, 10, 0
0, 9, 0
0, 9, 0
0, 10, 0
0, 10, 0
0, 11, 0
0, 10, 0
0, 9, 0
0, 11, 0
0, 11, 0
0, 11, 0
0, 11, 0
0, 10, 0
0, 34, 0
0, 9, 0
0, 10, 0
0, 9, 0
0, 10, 0
0, 10, 1
0, 10, 0
0, 10, 0
0, 10, 0
0, 10, 0
0, 9, 0
0, 9, 0
0, 11, 0
0, 10, 0
0, 9, 1
0, 11, 0
0, 9, 0
0, 9, 0
0, 11, 0
0, 9, 0
0, 10, 0
0, 10, 0
0, 10, 0
0, 10, 0
0, 9, 0
0, 10, 0
0, 11, 0
0, 10, 0
0, 9, 0
0, 11, 0
0, 10, 0
0, 10, 0
0, 9, 0
0, 10, 0
0, 10, 0
0, 51, 0
0, 9, 0
0, 9, 1
0, 41, 0
0, 9, 0
0, 9, 0
0, 9, 0
0, 12, 0
0, 9, 0
0, 10, 0
0, 9, 0
0, 10, 0
0, 9, 0
0, 9, 0
0, 9, 0
0, 9, 0
0, 10, 0
0, 10, 0
0, 10, 0
0, 9, 1
0, 30, 0
0, 9, 0
0, 9, 0
0, 10, 0
0, 14, 0
0, 32, 0
0, 9, 0
0, 36, 0
0, 10, 0
0, 11, 0
0, 10, 0
0, 9, 0
0, 9, 0
0, 10, 0
0, 30, 1
0, 9, 0
0, 9, 0
0, 9, 0
0, 10, 0
0, 9, 0
0, 9, 0
0, 13, 0
0, 9, 0
0, 13, 0
0, 10, 0
0, 9, 0
0, 35, 0
0, 9, 0
0, 10, 0
0, 12, 0
0, 12, 0
0, 28, 0
0, 10, 0
0, 10, 0
0, 10, 0
0, 10, 0
0, 9, 0
0, 9, 0
0, 9, 0
0, 9, 0
0, 10, 0
0, 9, 0
0, 10, 0
0, 59, 0
0, 11, 0
0, 10, 0
0, 9, 0
0, 54, 0
0, 10, 0
0, 10, 0
0, 10, 0
0, 9, 0
0, 9, 0
0, 10, 0
0, 9, 0
0, 10, 0
0, 10, 0
0, 10, 0
0, 11, 0
0, 35, 0
0, 41, 0
0, 11, 0
0, 10, 0
0, 9, 0
0, 9, 0
0, 10, 0
0, 9, 0
1, 22, 0
0, 10, 0
0, 9, 0
0, 9, 0
0, 10, 0
0, 34, 1
0, 9, 0
0, 11, 0
0, 27, 0
0, 10, 0
0, 9, 0
0, 10, 0
0, 35, 0
0, 12, 0
0, 10, 1
0, 10, 0
0, 11, 0
0, 9, 0
0, 9, 0
0, 15, 0
0, 9, 0
0, 10, 0
0, 13, 0
0, 9, 0
0, 9, 0
0, 32, 0
0, 10, 0
0, 12, 0
0, 10, 0
0, 9, 0
0, 10, 0
0, 10, 0
0, 9, 0
0, 10, 0
0, 9, 0
0, 11, 0
0, 10, 1
0, 10, 0
0, 10, 0
0, 52, 0
0, 52, 0
0, 13, 1
0, 10, 0
0, 9, 1
0, 9, 0
0, 10, 0
0, 10, 0
0, 10, 0
0, 9, 0
0, 9, 0
0, 12, 0
0, 30, 0
0, 12, 0
0, 10, 0
0, 9, 1
0, 10, 0
0, 28, 1
0, 11, 0
0, 29, 0
0, 9, 0
0, 12, 0
0, 11, 0
0, 34, 0
0, 10, 0
0, 11, 0
0, 10, 0
0, 9, 0
0, 11, 0
0, 10, 0
0, 11, 0
0, 11, 0
0, 32, 0
0, 10, 0
0, 10, 0
0, 10, 0
0, 10, 0
0, 9, 1
0, 11, 0
0, 42, 0
0, 11, 0
0, 10, 0
0, 10, 0
0, 10, 0
0, 36, 0
0, 9, 0
0, 9, 0
0, 9, 0
0, 9, 0
0, 9, 0
0, 10, 0
0, 11, 0
0, 11, 0
0, 9, 0
0, 10, 0
0, 10, 0
0, 9, 0
0, 11, 0
0, 12, 0
0, 9, 0
0, 35, 0
0, 9, 0
0, 9, 0
0, 11, 0
0, 10, 0
0, 9, 0
0, 11, 0
0, 13, 0
0, 9, 1
0, 10, 1
0, 9, 0
0, 10, 0
1, 23, 0
0, 10, 0
0, 10, 0
0, 11, 0
0, 10, 0
0, 10, 0
0, 13, 0
0, 9, 0
0, 9, 0
0, 9, 0
0, 9, 0
0, 9, 0
0, 37, 0
0, 43, 0
0, 10, 0
0, 9, 0
0, 10, 0
0, 11, 0
0, 10, 0
0, 28, 0
0, 9, 0
0, 9, 1
0, 90, 0
0, 74, 0
0, 74, 0
0, 10, 0
0, 11, 0
0, 9, 1
0, 10, 0
0, 9, 0
0, 11, 0
0, 9, 0
0, 52, 0
0, 10, 1
0, 9, 0
0, 9, 0
0, 10, 0
0, 13, 0
0, 12, 0
0, 11, 0
0, 10, 0
0, 9, 0
0, 9, 0
0, 11, 0
0, 9, 0
0, 10, 0
0, 42, 0
0, 10, 1
0, 9, 0
0, 9, 0
0, 9, 0
0, 10, 0
0, 28, 0
0, 9, 0
0, 10, 1
0, 11, 0
0, 10, 1
0, 9, 1
0, 9, 1
0, 10, 0
0, 10, 0
0, 9, 0
0, 30, 0
0, 9, 0
0, 14, 0
0, 36, 0
0, 9, 0
0, 11, 0
0, 11, 0
0, 9, 0
0, 53, 0
0, 10, 0
0, 9, 0
0, 10, 0
0, 11, 0
0, 9, 0
0, 9, 0
0, 9, 0
0, 9, 0
0, 9, 0
0, 9, 0
0, 9, 0
0, 10, 0
1, 1, 0
0, 10, 0
0, 10, 0
0, 10, 0
0, 9, 0
0, 10, 1
0, 11, 0
0, 10, 0
0, 9, 0
0, 10, 0
0, 9, 1
0, 9, 0
0, 10, 0
0, 10, 0
0, 12, 0
0, 9, 0
0, 10, 0
0, 9, 0
0, 9, 0
0, 9, 0
0, 9, 0
0, 11, 0
0, 11, 0
0, 11, 0
0, 9, 0
0, 11, 0
0, 9, 0
0, 9, 0
0, 10, 0
0, 64, 0
0, 10, 1
0, 11, 0
0, 9, 0
0, 9, 0
0, 11, 0
0, 9, 0
0, 10, 0
0, 10, 0
0, 9, 0
0, 10, 1
0, 11, 0
0, 10, 0
0, 12, 1
0, 9, 0
0, 10, 0
0, 9, 0
0, 37, 0
0, 9, 0
0, 9, 0
0, 11, 0
0, 10, 0
0, 10, 0
0, 9, 0
0, 9, 0
0, 17, 0
0, 9, 0
0, 10, 0
0, 10, 0
0, 11, 1
1, 1, 1
0, 11, 0
0, 9, 0
0, 10, 0
0, 44, 0
0, 10, 0
0, 10, 0
0, 10, 0
0, 11, 0
0, 13, 0
0, 10, 0
0, 11, 0
0, 15, 0
0, 9, 0
0, 9, 0
0, 9, 0
0, 10, 0
0, 27, 0
0, 27, 1
0, 10, 0
0, 9, 0
0, 11, 0
0, 10, 0
0, 10, 0
0, 10, 0
0, 18, 0
0, 10, 0
0, 10, 0
0, 10, 0
0, 9, 0
0, 12, 0
0, 10, 0
0, 30, 0
0, 11, 0
0, 15, 0
0, 11, 0
0, 9, 0
0, 11, 0
0, 10, 0
0, 9, 0
0, 10, 1
0, 9, 0
0, 10, 0
0, 51, 0
0, 29, 1
0, 9, 0
0, 12, 0
0, 28, 0
0, 9, 0
0, 10, 0
0, 9, 0
0, 10, 0
0, 10, 0
0, 10, 1
0, 11, 0
0, 10, 0
0, 10, 0
0, 10, 0
0, 45, 0
0, 10, 0
0, 11, 0
0, 12, 0
0, 45, 0
0, 10, 0
0, 10, 0
0, 10, 0
0, 10, 0
0, 35, 0
0, 30, 0
0, 9, 0
0, 15, 0
0, 34, 0
0, 10, 0
0, 10, 0
0, 12, 0
0, 10, 0
0, 9, 0
0, 10, 0
0, 10, 0
0, 11, 0
0, 10, 1
0, 12, 0
0, 9, 0
0, 9, 0
0, 12, 0
0, 9, 0
0, 9, 0
0, 9, 0
0, 11, 0
0, 10, 0
0, 38, 1
0, 11, 0
0, 11, 0
1, 46, 0
0, 12, 0
0, 10, 1
0, 10, 0
0, 36, 0
0, 10, 0
0, 9, 0
0, 9, 0
0, 10, 0
0, 10, 0
0, 31, 0
0, 27, 0
0, 75, 0
0, 31, 0
0, 10, 0
0, 10, 0
0, 9, 0
0, 101, 0
0, 67, 0
0, 10, 0
0, 9, 0
0, 16, 0
0, 9, 0
0, 36, 0
0, 10, 0
0, 9, 0
0, 33, 0
0, 29, 0
0, 28, 0
0, 9, 1
0, 55, 1
0, 9, 0
0, 73, 1
0, 40, 0
0, 10, 0
0, 9, 0
0, 10, 0
0, 10, 0
0, 99, 0
0, 11, 0
0, 47, 0
0, 12, 0
0, 12, 0
0, 40, 0
0, 10, 0
0, 51, 1
0, 39, 0
0, 9, 0
0, 9, 0
0, 53, 0
0, 9, 0
0, 38, 0
0, 83, 0
0, 11, 0
0, 36, 0
0, 10, 0
0, 10, 0
0, 54, 0
0, 10, 0
0, 104, 0
0, 10, 0
0, 10, 0
0, 9, 0
0, 10, 1
0, 11, 1
0, 9, 0
0, 10, 0
0, 10, 0
0, 10, 0
0, 10, 0
0, 32, 0
0, 9, 0
0, 12, 0
0, 29, 0
0, 10, 0
0, 71, 0
0, 27, 0
0, 9, 0
0, 10, 1
0, 10, 0
0, 9, 0
0, 10, 0
0, 31, 0
0, 42, 0
0, 10, 0
0, 9, 0
0, 11, 0
0, 10, 0
0, 13, 0
0, 11, 0
0, 9, 0
0, 9, 0
0, 34, 0
0, 9, 0
0, 44, 0
0, 9, 0
0, 10, 0
0, 11, 0
0, 10, 0
0, 41, 0
0, 9, 0
0, 80, 0
0, 9, 0
0, 10, 0
0, 70, 0
0, 12, 0
0, 10, 0
0, 9, 0
0, 9, 0
0, 95, 0
0, 11, 0
0, 71, 0
0, 15, 0
0, 13, 1
0, 46, 0
0, 10, 0
0, 10, 1
0, 10, 0
0, 12, 1
0, 29, 0
0, 9, 0
0, 53, 0
0, 9, 0
0, 99, 0
0, 10, 0
0, 10, 0
0, 9, 0
0, 10, 0
0, 10, 0
0, 46, 0
0, 28, 0
0, 29, 0
0, 10, 0
0, 10, 0
0, 10, 0
0, 11, 0
0, 10, 0
0, 10, 0
0, 44, 0
0, 9, 0
0, 9, 0
0, 9, 0
0, 10, 0
0, 12, 0
0, 9, 0
0, 10, 0
0, 10, 0
0, 40, 0
0, 38, 0
0, 53, 0
0, 10, 1
0, 10, 0
0, 11, 0
0, 10, 0
0, 48, 1
0, 10, 0
0, 13, 0
0, 119, 1
0, 10, 0
0, 10, 0
0, 12, 0
0, 33, 0
0, 10, 0
0, 11, 1
0, 12, 0
0, 10, 0
0, 9, 0
0, 10, 0
0, 10, 0
0, 12, 0
0, 11, 0
0, 12, 0
0, 10, 0
0, 9, 0
0, 47, 0
0, 9, 0
0, 11, 0
0, 9, 0
0, 11, 0
0, 35, 1
0, 10, 0
0, 9, 0
0, 9, 0
0, 31, 0
0, 10, 0
1, 33, 0
0, 13, 0
0, 16, 0
0, 27, 0
0, 12, 0
0, 11, 0
0, 10, 0
0, 10, 0
0, 9, 0
0, 11, 0
0, 11, 1
0, 41, 0
0, 10, 0
0, 52, 0
0, 41, 0
0, 131, 0
0, 9, 0
0, 11, 0
0, 35, 0
0, 10, 0
0, 36, 0
0, 10, 0
0, 30, 0
0, 19, 0
0, 10, 0
0, 9, 0
0, 12, 0
0, 11, 1
0, 9, 0
0, 9, 0
0, 12, 1
0, 11, 0
0, 10, 0
0, 10, 0
0, 11, 0
0, 9, 0
0, 9, 0
0, 9, 0
0, 49, 0
0, 29, 0
1, 18, 0
0, 9, 0
0, 28, 0
0, 13, 0
0, 10, 0
0, 63, 0
0, 12, 1
0, 10, 0
0, 9, 0
0, 10, 0
1, 69, 1
0, 9, 0
0, 10, 0
0, 59, 0
1, 53, 0
0, 9, 0
0, 102, 0
0, 89, 0
0, 12, 0
0, 10, 1
0, 9, 0
0, 10, 0
0, 39, 0
0, 137, 0
0, 32, 0
0, 115, 0
0, 9, 0
0, 16, 0
0, 10, 0
0, 10, 1
0, 12, 0
1, 49, 0
0, 100, 0
0, 12, 0
0, 9, 0
0, 34, 0
0, 10, 0
0, 9, 0
0, 10, 0
1, 31, 0
0, 12, 0
0, 9, 0
0, 11, 0
0, 32, 0
0, 49, 0
0, 81, 0
0, 9, 0
0, 10, 0
0, 71, 0
0, 11, 0
0, 66, 0
0, 10, 0
0, 65, 0
0, 10, 1
0, 10, 0
0, 42, 0
0, 59, 0
0, 145, 0
0, 11, 0
0, 10, 0
0, 55, 0
0, 10, 0
0, 51, 0
0, 9, 1
0, 10, 0
0, 43, 0
0, 10, 0
0, 10, 0
0, 64, 0
0, 52, 0
0, 11, 0
0, 9, 0
0, 16, 0
0, 9, 0
0, 9, 0
0, 38, 0
0, 11, 0
0, 72, 0
0, 11, 1
0, 50, 0
0, 11, 0
0, 11, 0
0, 83, 0
0, 73, 0
0, 68, 1
0, 10, 0
0, 10, 0
0, 10, 0
0, 9, 0
0, 12, 0
0, 10, 0
0, 10, 0
0, 104, 0
0, 9, 1
0, 9, 0
0, 11, 0
0, 12, 0
0, 94, 0
0, 12, 0
0, 87, 0
0, 11, 0
0, 35, 0
0, 11, 0
0, 11, 0
0, 11, 1
0, 29, 0
0, 28, 0
0, 89, 0
0, 30, 0
0, 10, 0
0, 57, 0
1, 58, 1
0, 9, 0
0, 9, 0
0, 11, 1
0, 13, 0
0, 12, 0
1, 49, 0
0, 9, 0
0, 50, 0
0, 9, 0
0, 11, 1
0, 10, 0
0, 37, 0
0, 53, 0
0, 10, 0
0, 9, 0
0, 47, 1
0, 18, 0
0, 11, 0
0, 11, 0
0, 12, 0
0, 9, 0
0, 58, 0
0, 28, 0
0, 10, 0
0, 49, 0
0, 10, 0
0, 11, 0
0, 11, 0
0, 10, 0
0, 57, 1
0, 12, 0
0, 113, 1
0, 10, 0
0, 9, 0
0, 11, 1
0, 10, 0
0, 92, 0
0, 83, 0
0, 27, 0
0, 12, 0
0, 13, 0
0, 40, 0
0, 10, 0
0, 66, 0
1, 55, 0
1, 7, 0
0, 38, 0
0, 10, 0
0, 11, 0
0, 11, 0
0, 27, 0
0, 56, 0
0, 10, 0
0, 10, 0
0, 12, 0
0, 9, 0
0, 10, 0
0, 11, 0
0, 27, 1
0, 9, 0
0, 66, 1
0, 9, 0
0, 9, 0
0, 10, 0
0, 10, 0
0, 10, 0
0, 10, 0
0, 10, 0
0, 9, 0
0, 10, 0
0, 10, 0
0, 15, 0
0, 10, 0
0, 35, 0
0, 11, 0
0, 10, 1
0, 9, 0
0, 10, 1
0, 53, 0
0, 9, 0
0, 12, 0
0, 10, 0
0, 10, 0
0, 48, 1
0, 9, 0
0, 10, 1
0, 12, 0
0, 140, 0
0, 65, 0
0, 12, 0
0, 10, 0
0, 32, 0
0, 12, 0
0, 12, 0
0, 9, 0
0, 14, 0
0, 54, 0
0, 33, 0
0, 123, 0
1, 38, 0
0, 10, 0
0, 42, 0
0, 11, 0
0, 120, 0
1, 126, 1
0, 13, 0
1, 27, 0
0, 9, 0
0, 37, 0
0, 10, 0
0, 71, 0
0, 10, 0
0, 70, 0
0, 13, 0
0, 10, 0
0, 11, 0
0, 10, 0
0, 158, 0
0, 12, 0
0, 9, 0
0, 73, 0
0, 11, 0
0, 14, 0
0, 14, 0
0, 50, 0
0, 14, 0
0, 11, 0
0, 145, 0
0, 36, 0
0, 10, 0
0, 9, 1
1, 101, 1
0, 43, 0
0, 95, 0
0, 11, 0
0, 10, 0
0, 56, 0
0, 81, 0
0, 9, 0
1, 21, 0
0, 113, 0
0, 10, 1
0, 10, 1
0, 10, 0
0, 10, 0
0, 29, 0
0, 138, 0
0, 113, 0
0, 12, 0
0, 29, 0
0, 10, 0
0, 11, 0
0, 56, 0
0, 44, 1
0, 10, 0
1, 25, 0
0, 12, 1
0, 44, 0
0, 45, 0
0, 12, 0
0, 11, 0
0, 90, 0
0, 68, 0
0, 156, 0
0, 28, 0
0, 35, 0
0, 51, 1
0, 100, 0
0, 43, 0
0, 78, 0
0, 9, 0
0, 10, 0
0, 10, 0
0, 125, 0
0, 11, 0
0, 39, 0
0, 41, 0
0, 10, 0
0, 49, 0
1, 67, 0
1, 14, 0
0, 34, 0
0, 68, 0
0, 9, 0
0, 78, 0
0, 45, 0
0, 14, 0
0, 75, 0
0, 13, 0
0, 10, 0
0, 10, 0
0, 66, 0
0, 46, 0
1, 88, 0
0, 11, 0
0, 52, 0
0, 10, 0
0, 36, 0
0, 174, 0
0, 10, 0
0, 9, 0
0, 157, 0
0, 12, 0
0, 10, 0
0, 9, 0
0, 11, 0
0, 76, 0
0, 45, 0
1, 34, 0
0, 9, 0
0, 11, 0
0, 11, 0
0, 9, 0
0, 50, 0
0, 10, 0
1, 23, 0
0, 12, 0
0, 10, 0
0, 10, 0
0, 10, 0
0, 10, 0
0, 30, 0
0, 12, 1
0, 48, 0
0, 10, 0
0, 10, 0
0, 37, 0
0, 101, 0
0, 56, 0
1, 71, 0
0, 10, 0
0, 29, 0
0, 85, 0
0, 69, 0
0, 54, 0
0, 12, 0
0, 10, 0
1, 138, 0
0, 10, 0
1, 164, 0
0, 179, 0
0, 54, 0
0, 10, 0
0, 10, 0
0, 100, 0
1, 79, 0
1, 1, 0
0, 9, 0
0, 9, 0
0, 11, 0
0, 28, 0
0, 9, 0
0, 12, 0
0, 10, 0
0, 88, 0
1, 139, 0
1, 149, 0
0, 206, 0
0, 49, 1
0, 10, 0
0, 90, 0
1, 36, 0
0, 29, 0
1, 399, 0
0, 97, 0
1, 14, 0
0, 182, 0
0, 137, 0
0, 311, 0
0, 10, 0
0, 11, 0
0, 274, 0
0, 97, 0
0, 73, 0
0, 73, 0
0, 47, 0
0, 9, 1
1, 51, 0
0, 35, 0
0, 10, 0
0, 54, 0
0, 10, 0
0, 48, 0
0, 10, 0
0, 102, 0
0, 12, 0
0, 67, 0
1, 56, 0
1, 57, 0
0, 131, 0
0, 10, 0
0, 11, 0
0, 109, 1
0, 37, 0
0, 37, 0
0, 12, 0
0, 60, 0
0, 189, 0
0, 72, 0
0, 49, 0
0, 52, 0
0, 166, 0
0, 50, 0
0, 122, 0
0, 106, 0
1, 189, 0
0, 113, 0
0, 10, 0
0, 11, 0
0, 12, 1
0, 69, 1
0, 10, 0
1, 227, 0
0, 10, 0
0, 121, 0
0, 10, 0
0, 121, 0
1, 61, 0
0, 171, 0
0, 9, 0
1, 92, 1
0, 11, 0
0, 14, 0
0, 78, 0
0, 84, 0
1, 75, 0
1, 11, 0
1, 230, 0
0, 11, 0
0, 14, 0
1, 35, 0
0, 84, 0
0, 225, 0
0, 11, 0
1, 28, 0
0, 9, 0
1, 49, 0
0, 10, 0
1, 51, 0
1, 28, 0
0, 10, 0
0, 170, 0
1, 42, 0
1, 45, 0
1, 82, 0
1, 116, 0
1, 263, 0
0, 127, 0
1, 69, 0
0, 71, 0
0, 95, 0
0, 12, 0
1, 93, 0
0, 10, 0
0, 179, 0
0, 10, 0
0, 85, 0
0, 12, 0
0, 100, 0
1, 229, 0
0, 260, 0
1, 135, 0
0, 11, 0
0, 11, 0
0, 10, 0
1, 45, 0
0, 12, 0
0, 59, 0
0, 10, 0
0, 10, 0
1, 270, 0
1, 89, 0
1, 166, 0
0, 11, 0
1, 198, 0
0, 10, 0
0, 10, 0
1, 31, 0
0, 94, 0
1, 575, 1
0, 55, 0
0, 10, 0
0, 197, 0
0, 134, 0
1, 110, 0
1, 49, 0
0, 119, 0
1, 77, 0
0, 37, 0
0, 10, 0
0, 13, 0
1, 102, 0
0, 13, 0
0, 91, 0
1, 92, 0
0, 89, 0
0, 53, 0
0, 66, 0
1, 39, 0
0, 10, 0
1, 89, 0
0, 58, 0
0, 10, 0
1, 235, 0
1, 103, 0
1, 70, 0
1, 28, 0
0, 151, 0
0, 234, 0
1, 181, 0
1, 31, 1
1, 90, 0
1, 94, 0
0, 10, 0
0, 94, 0
0, 163, 0
0, 233, 0
0, 170, 0
0, 96, 0
0, 78, 0
1, 100, 0
1, 64, 1
0, 72, 0
0, 9, 0
0, 48, 0
0, 57, 0
1, 34, 0
0, 12, 0
1, 123, 0
0, 12, 0
0, 295, 0
0, 141, 1
1, 667, 0
0, 10, 0
1, 97, 0
0, 94, 0
0, 29, 0
1, 239, 0
1, 82, 0
1, 100, 0
1, 60, 0
0, 10, 0
1, 43, 0
1, 283, 0
0, 10, 0
0, 12, 0
0, 98, 1
1, 236, 0
1, 56, 0
0, 11, 0
0, 9, 0
1, 72, 0
1, 66, 0
1, 68, 0
1, 34, 0
1, 24, 0
0, 62, 0
0, 65, 0
1, 114, 0
0, 772, 0
1, 833, 0
0, 10, 0
0, 131, 1
1, 343, 0
0, 12, 0
1, 85, 1
0, 10, 0
1, 43, 0
1, 43, 0
1, 148, 0
0, 66, 0
1, 79, 0
0, 10, 0
0, 62, 0
1, 103, 0
1, 68, 1
0, 10, 1
1, 122, 0
1, 32, 0
1, 26, 0
1, 70, 0
1, 100, 0
1, 149, 0
1, 81, 0
1, 41, 0
1, 29, 0
1, 31, 0
1, 153, 0
1, 101, 0
0, 9, 0
1, 129, 0
1, 362, 0
1, 88, 1
1, 53, 0
1, 201, 0
0, 10, 0
1, 139, 0
1, 118, 0
1, 180, 0
0, 372, 0
1, 133, 0
1, 58, 0
1, 51, 0
1, 144, 0
1, 95, 0
1, 30, 0
1, 93, 0
0, 114, 0
1, 105, 0
1, 214, 0
0, 10, 0
1, 29, 0
1, 56, 0
0, 84, 1
1, 124, 0
1, 47, 1
1, 91, 0
1, 244, 1
1, 31, 1
1, 294, 1
1, 28, 0
1, 4, 0
1, 150, 0
1, 29, 0
1, 100, 0
1, 19, 0
1, 68, 0
1, 72, 0
1, 42, 0
1, 51, 0
0, 9, 0
0, 9, 0
1, 56, 0
1, 155, 0
1, 54, 0
0, 13, 0
1, 89, 0
1, 28, 0
1, 52, 0
1, 32, 0
1, 142, 0
1, 84, 0
1, 33, 0
1, 48, 0
1, 104, 0
1, 154, 0
0, 53, 0
1, 57, 0
1, 34, 0
1, 37, 0
1, 109, 0
1, 287, 0
1, 126, 0
0, 149, 0
1, 11, 0
1, 19, 0
1, 141, 0
0, 9, 0
1, 24, 0
1, 118, 0
1, 217, 0
1, 33, 0
1, 22, 0
1, 140, 0
1, 58, 0
0, 66, 0
1, 36, 0
1, 22, 0
1, 97, 0
1, 188, 0
0, 171, 0
1, 56, 0
1, 29, 0
1, 14, 0
1, 17, 0
1, 284, 0
1, 284, 1
1, 21, 0
1, 156, 0
1, 2, 0
0, 12, 0
1, 37, 0
0, 10, 0
0, 12, 1
1, 18, 0
1, 30, 0
1, 30, 0
1, 50, 0
0, 50, 0
0, 90, 0
1, 45, 0
1, 51, 0
1, 55, 0
1, 58, 0
1, 293, 1
1, 68, 0
1, 53, 0
0, 114, 0
1, 48, 0
1, 25, 0
1, 227, 0
1, 101, 0
1, 39, 0
1, 33, 1
1, 61, 0
1, 53, 0
1, 36, 0
1, 51, 0
1, 169, 0
1, 34, 0
0, 82, 0
1, 211, 0
1, 37, 0
1, 112, 0
1, 181, 0
1, 46, 0
0, 75, 0
1, 106, 0
1, 14, 0
1, 79, 0
1, 27, 0
1, 55, 1
1, 539, 0
1, 55, 0
1, 82, 0
1, 14, 1
1, 41, 0
1, 53, 0
0, 114, 0
1, 48, 0
1, 68, 0
1, 94, 0
1, 44, 0
1, 83, 0
1, 34, 0
1, 33, 0
0, 76, 0
1, 19, 0
1, 60, 0
1, 107, 0
1, 63, 0
1, 137, 0
1, 34, 1
1, 11, 0
1, 167, 0
0, 48, 0
1, 41, 0
1, 45, 0
1, 75, 0
1, 75, 0
1, 20, 0
1, 89, 0
1, 47, 0
1, 142, 0
1, 55, 0
1, 36, 0
1, 132, 0
1, 42, 0
0, 122, 0
1, 68, 0
1, 28, 0
1, 20, 0
1, 66, 0
1, 89, 0
1, 23, 0
1, 55, 0
1, 16, 0
1, 161, 0
1, 49, 0
1, 205, 0
1, 84, 0
1, 99, 0
1, 55, 0
1, 200, 1
1, 84, 0
1, 6, 0
0, 66, 0
1, 30, 0
1, 34, 0
1, 28, 1
1, 39, 0
1, 172, 0
1, 25, 0
1, 37, 0
1, 21, 0
1, 50, 0
1, 59, 0
0, 73, 0
1, 48, 0
1, 54, 0
1, 51, 0
1, 45, 0
1, 48, 0
1, 104, 0
1, 83, 0
1, 52, 0
1, 89, 0
1, 61, 0
1, 63, 0
1, 52, 1
1, 29, 0
1, 92, 0
1, 43, 0
1, 42, 0
1, 182, 0
1, 49, 0
1, 28, 0
1, 18, 1
0, 10, 0
1, 16, 0
1, 25, 0
1, 299, 0
1, 81, 0
1, 203, 0
1, 88, 0
1, 35, 0
1, 33, 0
1, 86, 0
1, 29, 0
1, 102, 0
1, 97, 0
1, 34, 0
1, 65, 1
1, 32, 0
1, 67, 0
1, 50, 0
1, 43, 0
1, 144, 0
1, 26, 0
1, 126, 0
1, 29, 0
1, 89, 0
1, 97, 0
1, 20, 0
1, 34, 0
1, 61, 0
1, 41, 0
1, 68, 0
1, 54, 0
1, 81, 0
1, 28, 0
1, 85, 0
1, 105, 0
0, 54, 0
0, 10, 0
1, 153, 0
1, 121, 0
0, 72, 0
0, 48, 0
1, 31, 0
1, 97, 0
1, 119, 0
1, 74, 0
1, 141, 0
1, 102, 0
1, 57, 0
1, 36, 0
1, 43, 0
1, 41, 0
1, 40, 0
0, 12, 0
0, 11, 0
1, 51, 0
0, 57, 0
0, 17, 0
1, 217, 0
1, 54, 0
1, 100, 1
1, 104, 0
0, 57, 0
0, 10, 0
0, 51, 0
0, 14, 0
1, 106, 0
1, 32, 1
1, 29, 0
1, 47, 0
0, 12, 0
0, 55, 0
0, 225, 0
1, 22, 1
0, 11, 0
0, 58, 0
0, 48, 0
1, 88, 0
0, 50, 0
0, 111, 0
1, 37, 0
1, 76, 0
0, 178, 1
0, 10, 0
1, 27, 0
1, 19, 0
1, 59, 0
1, 52, 0
1, 47, 0
1, 28, 0
0, 52, 0
0, 12, 0
0, 55, 0
1, 65, 0
1, 144, 0
0, 65, 0
1, 124, 0
1, 102, 0
1, 40, 0
0, 64, 0
1, 32, 0
0, 10, 0
0, 104, 0
0, 112, 1
0, 55, 0
1, 46, 0
0, 54, 0
1, 52, 0
1, 50, 1
1, 70, 0
1, 17, 0
0, 10, 0
1, 107, 0
0, 265, 1
1, 44, 1
1, 51, 0
1, 44, 0
0, 125, 0
1, 50, 1
0, 56, 0
1, 66, 0
1, 41, 0
0, 57, 0
1, 47, 0
1, 37, 0
0, 79, 0
0, 135, 0
1, 35, 0
1, 45, 0
0, 49, 0
0, 12, 0
0, 35, 0
0, 13, 1
0, 177, 1
1, 90, 0
0, 62, 0
1, 141, 1
0, 12, 0
0, 56, 0
1, 126, 0
0, 10, 0
0, 58, 0
1, 78, 0
0, 47, 0
1, 12, 0
1, 43, 0
0, 141, 0
0, 12, 0
1, 143, 0
0, 54, 0
1, 24, 0
0, 52, 0
1, 51, 0
1, 48, 0
1, 80, 0
0, 149, 0
1, 30, 0
0, 61, 0
0, 47, 0
0, 62, 0
0, 95, 0
1, 40, 0
1, 46, 0
1, 39, 0
0, 64, 0
0, 59, 0
0, 52, 0
0, 13, 0
0, 37, 0
1, 83, 0
1, 58, 0
1, 28, 0
0, 59, 0
0, 12, 0
1, 121, 0
0, 11, 0
1, 175, 0
0, 55, 0
1, 9, 0
0, 10, 0
1, 71, 0
1, 33, 0
1, 28, 1
0, 13, 0
1, 55, 0
1, 36, 0
0, 53, 0
0, 54, 0
0, 48, 0
1, 78, 0
1, 132, 0
1, 42, 0
1, 34, 0
1, 47, 0
0, 59, 0
1, 17, 0
0, 66, 0
1, 81, 0
1, 56, 0
1, 48, 0
1, 122, 0
0, 63, 0
1, 105, 0
1, 35, 1
1, 99, 0
0, 60, 0
0, 125, 0
1, 76, 0
1, 138, 0
1, 112, 0
1, 172, 0
0, 56, 0
1, 44, 0
1, 46, 0
1, 29, 0
1, 127, 0
1, 26, 0
1, 46, 0
1, 40, 0
0, 57, 0
0, 10, 0
1, 83, 0
0, 10, 0
1, 82, 0
1, 143, 0
1, 19, 1
0, 60, 0
1, 50, 0
0, 627, 1
1, 102, 0
1, 45, 0
0, 169, 0
1, 16, 1
1, 145, 0
1, 144, 0
1, 22, 0
1, 78, 0
1, 142, 0
1, 30, 0
1, 20, 1
1, 44, 0
1, 72, 0
1, 95, 0
0, 100, 0
1, 126, 0
1, 28, 0
1, 183, 0
1, 21, 1
0, 94, 1
0, 56, 0
1, 84, 0
0, 58, 0
1, 72, 0
1, 87, 0
1, 40, 0
1, 142, 0
0, 13, 1
1, 5, 0
1, 134, 0
1, 39, 0
1, 47, 0
0, 10, 0
1, 67, 0
1, 57, 0
1, 88, 0
1, 159, 0
1, 13, 1
1, 36, 0
1, 50, 0
0, 59, 0
1, 131, 0
0, 51, 1
1, 9, 0
1, 69, 0
1, 132, 0
1, 106, 0
1, 107, 1
1, 88, 0
0, 72, 0
1, 175, 0
1, 115, 0
1, 100, 0
0, 52, 0
0, 56, 0
1, 17, 0
0, 52, 0
1, 81, 1
1, 125, 0
1, 48, 0
0, 48, 1
1, 38, 0
1, 41, 0
0, 78, 0
0, 265, 1
1, 76, 0
1, 82, 0
1, 48, 0
1, 120, 0
1, 86, 0
1, 107, 0
1, 47, 0
1, 103, 1
0, 102, 0
1, 59, 0
1, 75, 0
1, 46, 0
0, 10, 0
1, 3, 0
1, 79, 0
1, 142, 0
1, 52, 0
1, 44, 0
0, 127, 0
1, 138, 0
1, 115, 0
1, 27, 0
1, 14, 0
1, 23, 0
1, 103, 0
1, 93, 0
0, 367, 1
1, 76, 0
1, 107, 0
1, 54, 1
0, 53, 0
1, 31, 0
1, 48, 0
1, 26, 0
1, 49, 0
1, 92, 0
1, 110, 0
1, 41, 0
1, 85, 0
1, 30, 0
1, 60, 0
0, 50, 0
1, 31, 0
1, 72, 0
1, 110, 0
1, 59, 0
1, 40, 0
1, 99, 0
0, 36, 0
1, 100, 0
1, 75, 0
1, 25, 0
1, 55, 0
1, 49, 1
1, 70, 0
1, 38, 0
1, 53, 0
1, 61, 0
1, 102, 0
1, 84, 0
1, 123, 0
1, 20, 0
1, 46, 0
1, 102, 0
1, 96, 0
1, 150, 0
1, 11, 0
1, 102, 0
1, 58, 0
1, 97, 0
1, 93, 0
1, 96, 0
0, 51, 0
1, 140, 0
1, 38, 0
0, 10, 0
1, 15, 0
1, 47, 0
1, 89, 0
0, 307, 0
1, 67, 0
1, 64, 0
1, 21, 0
0, 53, 0
1, 21, 0
0, 61, 1
1, 80, 1
1, 115, 1
1, 48, 0
1, 130, 0
1, 55, 1
1, 44, 1
1, 106, 1
0, 56, 0
1, 35, 0
0, 2407, 0
1, 60, 0
1, 115, 1
1, 24, 0
1, 26, 0
1, 26, 0
1, 51, 0
1, 95, 0
1, 34, 1
0, 103, 0
1, 72, 0
1, 40, 0
1, 25, 0
1, 19, 0
1, 37, 0
1, 87, 0
1, 115, 0
1, 37, 0
1, 72, 0
1, 2, 0
1, 132, 0
1, 20, 0
1, 50, 0
1, 59, 0
1, 99, 0
1, 64, 0
0, 61, 0
1, 113, 0
1, 52, 1
1, 50, 0
1, 108, 0
1, 42, 0
1, 82, 0
0, 46, 0
1, 69, 0
1, 63, 0
1, 71, 0
1, 174, 0
0, 1095, 1
1, 123, 0
1, 61, 0
1, 18, 0
0, 168, 1
1, 49, 0
0, 94, 0
1, 192, 0
0, 124, 0
1, 50, 0
1, 30, 1
1, 24, 0
1, 49, 0
1, 63, 0
1, 211, 1
1, 122, 0
1, 67, 0
1, 65, 0
1, 76, 0
1, 45, 0
1, 91, 0
1, 51, 0
1, 75, 0
1, 25, 1
1, 95, 0
1, 91, 0
1, 5, 0
1, 19, 0
1, 99, 0
1, 21, 0
1, 32, 0
1, 42, 1
1, 124, 0
1, 30, 0
0, 87, 1
1, 65, 0
1, 84, 0
1, 29, 0
1, 22, 0
1, 78, 0
1, 38, 1
1, 29, 0
1, 78, 0
0, 10, 0
1, 34, 0
1, 21, 0
1, 92, 0
1, 28, 0
1, 44, 0
0, 261, 0
1, 118, 0
1, 15, 0
0, 52, 0
0, 117, 0
1, 84, 0
1, 132, 0
1, 47, 0
1, 62, 0
1, 98, 0
1, 107, 0
1, 46, 0
1, 78, 0
1, 28, 0
1, 118, 0
1, 116, 0
1, 72, 1
0, 45, 0
1, 46, 0
1, 17, 0
1, 57, 0
1, 35, 1
1, 68, 0
1, 1598, 1
1, 131, 0
1, 112, 0
1, 25, 0
1, 85, 0
1, 65, 0
1, 114, 0
1, 29, 0
1, 124, 0
1, 79, 0
1, 70, 0
1, 41, 0
0, 97, 0
1, 102, 0
1, 46, 0
1, 89, 0
1, 20, 1
1, 30, 1
1, 129, 0
1, 73, 0
1, 27, 0
1, 44, 0
1, 27, 0
1, 55, 0
1, 107, 0
1, 83, 0
1, 35, 0
1, 115, 0
1, 26, 0
1, 40, 0
1, 63, 0
1, 92, 0
1, 10, 0
1, 29, 0
1, 93, 0
1, 33, 0
1, 46, 0
1, 79, 0
1, 72, 0
1, 108, 0
1, 45, 0
1, 37, 0
1, 220, 1
1, 58, 0
1, 37, 0
0, 81, 1
1, 47, 0
1, 92, 0
1, 140, 0
1, 116, 0
1, 56, 0
0, 92, 1
1, 89, 0
1, 93, 0
1, 105, 1
1, 45, 0
1, 46, 0
0, 1165, 1
1, 90, 0
1, 54, 0
1, 32, 0
1, 23, 0
1, 74, 0
1, 7, 0
0, 48, 0
1, 104, 0
1, 121, 0
1, 39, 0
1, 48, 0
1, 152, 0
1, 22, 0
1, 76, 0
1, 49, 0
1, 42, 0
1, 113, 0
1, 92, 0
1, 61, 0
0, 159, 0
1, 32, 0
1, 107, 0
1, 41, 0
1, 99, 0
1, 18, 0
1, 41, 1
1, 105, 0
1, 10, 0
1, 35, 0
1, 31, 0
1, 48, 0
1, 78, 0
1, 98, 1
1, 121, 0
0, 36, 0
1, 163, 0
1, 61, 1
1, 41, 0
1, 78, 0
1, 31, 0
1, 56, 0
1, 63, 0
1, 64, 0
1, 241, 1
1, 26, 0
1, 88, 0
1, 49, 1
1, 65, 0
1, 91, 0
1, 57, 0
1, 102, 0
1, 52, 0
1, 75, 0
1, 107, 0
1, 14, 0
1, 114, 0
1, 82, 0
0, 43, 0
1, 61, 0
1, 18, 0
1, 53, 0
0, 11, 0
1, 15, 0
1, 50, 0
1, 19, 0
1, 97, 0
1, 38, 0
1, 46, 1
1, 55, 0
1, 105, 0
1, 18, 0
1, 83, 1
1, 57, 0
1, 92, 0
1, 41, 1
1, 47, 0
1, 6, 0
1, 76, 0
1, 5, 0
1, 88, 0
1, 114, 0
1, 80, 0
1, 82, 0
1, 95, 1
0, 913, 1
1, 49, 0
1, 409, 0
1, 38, 0
1, 143, 0
1, 26, 1
0, 430, 1
1, 2, 0
1, 108, 0
1, 26, 0
1, 63, 0
0, 54, 1
1, 99, 0
1, 74, 0
1, 37, 0
1, 101, 1
1, 4, 0
0, 113, 0
1, 58, 0
1, 28, 0
1, 104, 1
1, 44, 0
1, 30, 0
1, 24, 0
1, 26, 0
1, 22, 0
1, 76, 0
1, 44, 0
1, 101, 0
1, 73, 0
1, 86, 0
0, 399, 1
1, 114, 0
1, 30, 0
1, 97, 0
1, 65, 0
1, 73, 0
1, 49, 0
1, 55, 0
1, 80, 0
1, 122, 0
1, 89, 0
1, 95, 0
0, 469, 1
1, 76, 0
1, 100, 0
1, 69, 1
1, 20, 0
0, 10, 1
1, 62, 0
1, 105, 1
1, 110, 0
1, 125, 0
1, 98, 1
1, 92, 0
1, 80, 0
1, 105, 0
1, 98, 0
1, 38, 0
1, 95, 0
1, 85, 0
1, 1, 0
1, 57, 0
1, 53, 0
1, 49, 0
0, 79, 1
1, 103, 0
1, 29, 0
1, 94, 1
1, 32, 0
1, 76, 0
1, 91, 1
1, 81, 0
1, 224, 0
1, 53, 0
1, 60, 0
1, 69, 1
1, 31, 0
1, 97, 0
1, 46, 0
1, 45, 0
1, 51, 0
1, 48, 0
0, 37, 0
1, 81, 0
1, 21, 0
1, 70, 0
1, 25, 0
1, 75, 0
0, 90, 0
1, 68, 0
1, 49, 0
0, 101, 0
1, 107, 0
0, 796, 1
1, 48, 0
1, 63, 0
1, 58, 0
1, 68, 0
1, 37, 1
1, 73, 0
1, 52, 1
1, 39, 0
1, 16, 0
1, 44, 0
1, 86, 0
1, 46, 1
1, 79, 0
1, 110, 0
1, 71, 0
1, 49, 0
1, 39, 0
1, 63, 0
1, 35, 0
1, 111, 0
1, 22, 0
1, 62, 0
1, 47, 1
1, 17, 0
0, 53, 0
1, 26, 1
1, 51, 1
1, 42, 0
1, 44, 0
1, 77, 0
1, 41, 0
1, 30, 0
1, 12, 0
1, 120, 0
1, 87, 0
1, 54, 0
1, 102, 0
1, 70, 0
1, 60, 0
1, 32, 1
1, 23, 0
0, 88, 0
1, 90, 0
1, 81, 0
1, 18, 0
1, 91, 0
1, 33, 0
1, 53, 1
1, 29, 0
1, 75, 0
1, 256, 0
1, 46, 0
1, 44, 0
1, 144, 0
1, 70, 0
1, 45, 0
1, 30, 0
1, 47, 0
1, 111, 0
1, 25, 1
1, 71, 0
1, 83, 0
1, 57, 0
0, 37, 0
1, 25, 0
1, 30, 0
1, 94, 0
1, 10, 0
1, 39, 0
1, 96, 0
1, 765, 0
1, 66, 0
1, 58, 0
1, 49, 0
1, 84, 0
1, 46, 0
1, 48, 0
1, 20, 0
1, 28, 0
1, 146, 0
1, 14, 0
1, 49, 0
1, 92, 0
1, 64, 0
1, 99, 1
1, 31, 0
0, 19, 0
1, 350, 0
1, 114, 0
1, 89, 0
1, 71, 0
1, 61, 0
1, 388, 0
1, 70, 0
1, 184, 0
1, 33, 0
1, 91, 0
1, 104, 0
1, 48, 0
1, 57, 0
1, 93, 0
1, 113, 0
1, 54, 0
1, 119, 0
1, 104, 0
1, 104, 0
1, 32, 0
1, 45, 0
1, 28, 0
1, 118, 0
1, 71, 0
1, 92, 0
1, 17, 0
1, 73, 0
1, 72, 0
1, 181, 0
1, 90, 0
1, 52, 0
1, 58, 0
1, 81, 0
1, 30, 0
0, 167, 1
1, 61, 0
0, 103, 0
1, 50, 0
1, 43, 0
1, 108, 0
0, 49, 0
1, 50, 0
1, 143, 0
1, 18, 0
0, 59, 0
0, 63, 0
1, 81, 0
1, 148, 0
0, 140, 0
1, 80, 0
1, 97, 0
0, 94, 0
1, 39, 0
1, 55, 0
1, 30, 0
0, 84, 0
0, 167, 1
1, 31, 0
1, 100, 0
1, 75, 0
0, 53, 0
1, 35, 0
1, 50, 0
0, 120, 1
1, 22, 0
1, 4, 1
1, 41, 0
1, 65, 0
1, 55, 0
1, 46, 0
0, 22, 0
1, 78, 1
1, 103, 0
1, 43, 0
1, 121, 0
1, 125, 0
0, 57, 0
1, 75, 0
1, 46, 0
1, 45, 0
1, 36, 0
1, 32, 0
1, 144, 0
1, 43, 0
1, 97, 1
1, 100, 0
0, 155, 1
1, 89, 1
1, 29, 0
1, 22, 0
1, 75, 0
1, 91, 0
0, 104, 0
1, 37, 0
1, 99, 0
1, 44, 1
1, 97, 0
1, 113, 0
1, 43, 0
1, 118, 0
0, 53, 0
1, 74, 0
1, 41, 0
0, 112, 1
0, 77, 0
1, 14, 0
1, 79, 0
1, 43, 0
1, 79, 0
0, 217, 1
0, 123, 1
0, 56, 0
1, 98, 0
0, 56, 0
1, 27, 0
1, 43, 0
0, 53, 0
1, 101, 0
0, 162, 1
0, 56, 0
1, 45, 0
1, 80, 0
1, 32, 0
1, 90, 0
1, 94, 0
1, 92, 0
1, 98, 0
1, 18, 0
0, 46, 0
0, 55, 0
1, 79, 0
1, 101, 0
1, 73, 0
1, 97, 0
0, 56, 0
1, 24, 0
0, 49, 0
1, 108, 0
0, 48, 0
1, 43, 0
1, 86, 0
1, 45, 0
1, 1, 0
1, 333, 0
1, 46, 0
1, 82, 0
1, 70, 0
0, 50, 0
1, 93, 0
1, 187, 0
0, 54, 1
1, 70, 0
1, 13, 0
0, 53, 0
1, 14, 1
1, 7, 0
0, 125, 0
1, 78, 0
1, 27, 0
1, 31, 0
1, 46, 0
1, 70, 0
1, 76, 0
1, 54, 0
1, 184, 0
1, 14, 0
1, 32, 0
1, 89, 0
1, 41, 0
0, 81, 0
1, 29, 0
1, 74, 0
1, 75, 1
1, 84, 0
1, 19, 0
1, 41, 0
1, 62, 1
1, 17, 0
1, 71, 0
1, 127, 0
1, 28, 0
1, 35, 0
1, 90, 0
1, 135, 0
0, 125, 0
1, 86, 0
1, 26, 0
0, 48, 0
1, 25, 0
0, 43, 0
0, 51, 0
1, 122, 0
1, 33, 0
1, 19, 0
1, 109, 0
1, 59, 0
1, 29, 0
1, 18, 0
1, 25, 0
0, 56, 0
0, 32, 0
0, 122, 0
1, 18, 0
1, 95, 0
1, 27, 0
1, 152, 0
0, 42, 0
1, 88, 0
1, 86, 0
1, 312, 1
1, 33, 1
0, 472, 1
1, 49, 0
1, 158, 0
1, 110, 0
1, 53, 0
1, 48, 0
1, 44, 0
1, 19, 0
1, 29, 0
1, 72, 0
1, 24, 0
0, 109, 0
1, 84, 0
0, 78, 0
0, 84, 0
1, 26, 0
1, 31, 0
1, 22, 0
0, 38, 0
0, 51, 0
1, 12, 0
1, 45, 0
1, 47, 0
1, 53, 0
1, 37, 0
1, 97, 0
1, 62, 0
1, 28, 1
1, 12, 1
1, 30, 1
1, 94, 0
1, 120, 0
1, 116, 0
0, 59, 0
0, 100, 1
1, 51, 0
1, 100, 0
0, 54, 0
1, 33, 0
0, 42, 0
1, 48, 0
1, 64, 0
1, 35, 0
1, 5, 0
1, 76, 0
1, 95, 0
1, 45, 0
1, 88, 1
0, 102, 0
0, 100, 1
1, 100, 0
1, 59, 0
1, 200, 0
1, 53, 0
0, 39, 0
1, 230, 0
1, 683, 0
1, 41, 0
0, 53, 1
1, 66, 1
1, 80, 0
1, 146, 0
1, 199, 0
1, 26, 0
1, 37, 1
1, 85, 0
1, 82, 0
1, 115, 0
1, 25, 0
1, 40, 0
1, 66, 0
1, 104, 0
1, 26, 0
0, 89, 0
1, 72, 0
1, 19, 1
1, 43, 0
1, 101, 0
1, 30, 0
0, 58, 0
1, 113, 0
1, 84, 0
1, 91, 0
1, 44, 0
1, 36, 0
1, 71, 0
1, 34, 0
0, 50, 0
1, 81, 0
0, 48, 0
1, 31, 0
1, 19, 0
1, 34, 0
1, 18, 0
1, 161, 0
0, 158, 0
1, 36, 0
1, 29, 0
1, 5, 0
1, 90, 0
1, 98, 0
1, 36, 0
1, 96, 0
0, 50, 0
1, 55, 0
1, 105, 0
1, 23, 0
1, 44, 0
1, 105, 0
1, 42, 0
0, 163, 1
1, 97, 0
1, 131, 0
1, 48, 0
1, 28, 0
1, 35, 0
0, 48, 0
1, 25, 0
1, 26, 0
1, 29, 0
1, 103, 0
0, 44, 0
0, 49, 0
1, 63, 0
1, 45, 0
1, 34, 1
1, 36, 0
0, 91, 0
1, 28, 1
1, 154, 1
1, 27, 0
1, 116, 0
0, 51, 0
1, 87, 0
0, 144, 0
1, 44, 0
1, 105, 0
1, 66, 0
1, 28, 0
1, 57, 1
1, 34, 0
1, 27, 0
1, 79, 0
0, 184, 0
1, 230, 1
1, 53, 0
1, 95, 0
1, 82, 0
0, 152, 1
0, 102, 0
0, 229, 1
1, 30, 0
1, 37, 0
1, 70, 0
1, 27, 0
1, 129, 0
1, 26, 0
1, 41, 0
0, 36, 0
1, 17, 0
1, 31, 0
1, 36, 0
0, 47, 1
1, 50, 1
0, 38, 0
1, 27, 0
0, 51, 0
0, 51, 0
0, 168, 0
1, 86, 0
1, 103, 0
1, 33, 0
1, 79, 0
1, 42, 0
0, 513, 1
1, 42, 0
1, 21, 0
1, 77, 0
1, 25, 0
0, 62, 0
1, 34, 0
1, 110, 0
0, 84, 0
1, 50, 0
0, 98, 0
1, 124, 0
1, 79, 0
1, 40, 0
1, 24, 0
1, 34, 0
1, 145, 0
1, 72, 0
1, 36, 1
1, 145, 0
1, 1, 0
1, 93, 0
1, 102, 0
1, 110, 0
1, 106, 0
1, 102, 0
1, 45, 0
1, 72, 0
1, 54, 0
1, 103, 0
1, 49, 0
0, 46, 0
1, 29, 0
1, 77, 0
1, 96, 0
1, 73, 0
1, 69, 0
1, 102, 0
1, 243, 0
1, 40, 0
1, 41, 0
1, 56, 0
1, 82, 1
0, 47, 0
1, 90, 0
1, 261, 0
0, 89, 0
1, 83, 0
1, 183, 0
0, 45, 0
1, 83, 0
1, 28, 0
1, 99, 0
1, 60, 0
1, 75, 0
1, 69, 0
0, 94, 0
1, 106, 0
1, 34, 0
1, 34, 1
1, 101, 0
0, 360, 1
1, 29, 0
0, 48, 0
1, 144, 0
1, 45, 0
1, 36, 0
1, 127, 0
0, 51, 0
0, 64, 0
1, 51, 0
1, 135, 0
0, 49, 0
1, 17, 0
1, 32, 0
1, 22, 0
1, 44, 1
0, 97, 0
1, 78, 0
1, 120, 0
1, 37, 0
1, 45, 0
1, 102, 0
0, 46, 0
1, 100, 0
0, 58, 0
1, 89, 0
1, 52, 0
1, 47, 0
1, 41, 0
1, 31, 0
1, 105, 0
1, 74, 0
1, 511, 0
0, 130, 0
1, 82, 0
0, 51, 0
1, 63, 1
0, 41, 0
1, 2, 0
1, 32, 0
1, 27, 0
0, 53, 0
1, 64, 0
1, 20, 0
1, 33, 0
1, 27, 0
1, 46, 0
1, 15, 1
1, 36, 0
1, 18, 0
1, 36, 0
1, 286, 0
1, 47, 0
0, 90, 0
0, 40, 0
1, 28, 0
0, 41, 0
1, 34, 0
1, 38, 0
0, 51, 0
1, 77, 0
0, 430, 1
1, 38, 0
1, 78, 1
1, 42, 0
1, 31, 0
1, 22, 0
1, 96, 0
1, 157, 0
1, 48, 0
1, 39, 0
1, 12, 0
0, 19, 0
1, 57, 1
1, 41, 0
1, 103, 0
1, 35, 0
1, 21, 0
1, 81, 0
1, 69, 0
1, 71, 0
1, 31, 0
1, 263, 0
1, 88, 0
1, 60, 0
1, 46, 0
1, 20, 0
0, 104, 1
1, 111, 0
1, 22, 0
1, 23, 0
1, 156, 0
1, 31, 0
1, 101, 0
1, 63, 0
1, 41, 0
1, 25, 0
1, 46, 0
1, 54, 0
1, 15, 0
1, 119, 0
0, 44, 0
1, 76, 0
1, 86, 0
1, 74, 0
1, 96, 0
1, 48, 0
1, 19, 0
1, 154, 0
1, 81, 0
0, 96, 0
1, 81, 0
1, 86, 0
1, 74, 0
1, 71, 0
1, 88, 0
1, 78, 0
0, 38, 0
1, 68, 0
1, 128, 0
1, 47, 0
1, 83, 0
1, 27, 0
0, 124, 0
1, 31, 0
1, 91, 0
0, 42, 0
1, 29, 0
1, 54, 0
1, 281, 0
1, 117, 0
1, 100, 0
0, 230, 0
1, 101, 0
1, 77, 0
0, 132, 0
0, 48, 0
1, 39, 0
1, 169, 0
1, 74, 0
1, 71, 0
1, 81, 0
1, 10, 1
1, 19, 0
1, 51, 0
1, 99, 0
0, 12, 0
1, 112, 0
1, 125, 0
1, 45, 0
0, 229, 0
1, 104, 0
0, 706, 1
1, 108, 0
1, 24, 0
0, 37, 0
1, 137, 0
1, 67, 0
1, 257, 0
1, 66, 0
1, 103, 0
1, 40, 0
1, 45, 0
1, 49, 0
1, 81, 0
1, 86, 0
1, 42, 0
1, 90, 1
1, 100, 0
0, 78, 0
1, 92, 0
1, 76, 0
1, 111, 0
1, 92, 0
1, 111, 0
1, 11, 0
1, 66, 0
1, 45, 0
1, 66, 0
1, 34, 0
1, 51, 0
1, 93, 0
0, 53, 0
0, 76, 0
1, 94, 0
1, 68, 0
1, 71, 0
1, 90, 0
1, 15, 1
1, 21, 0
1, 27, 0
1, 43, 0
1, 5, 0
1, 101, 0
1, 52, 0
1, 45, 0
0, 47, 0
1, 30, 0
1, 38, 0
1, 36, 0
1, 91, 0
1, 107, 0
0, 192, 0
1, 85, 0
1, 14, 0
1, 26, 0
1, 72, 0
0, 60, 0
1, 86, 0
1, 24, 0
1, 33, 0
1, 88, 0
0, 42, 0
1, 48, 0
1, 39, 0
1, 91, 0
1, 47, 0
1, 50, 0
1, 44, 1
0, 90, 0
1, 41, 0
1, 117, 0
1, 82, 0
1, 270, 0
0, 265, 1
0, 42, 0
1, 41, 0
1, 35, 0
1, 109, 0
1, 114, 0
1, 91, 0
1, 40, 0
0, 78, 0
1, 75, 0
1, 18, 0
1, 47, 0
1, 70, 0
1, 99, 0
0, 88, 0
1, 95, 0
1, 95, 0
0, 75, 0
1, 116, 0
1, 31, 0
1, 71, 0
1, 30, 0
1, 81, 0
1, 36, 1
1, 50, 0
1, 21, 0
0, 42, 0
1, 33, 0
0, 49, 0
0, 62, 0
1, 150, 0
1, 16, 0
1, 112, 0
1, 81, 0
0, 211, 1
1, 91, 0
1, 31, 0
1, 95, 1
1, 58, 0
1, 106, 0
1, 28, 0
1, 48, 0
1, 49, 0
0, 19, 0
0, 35, 0
1, 41, 0
1, 69, 0
1, 85, 0
1, 238, 0
1, 97, 0
1, 43, 0
1, 66, 0
0, 98, 0
0, 44, 0
1, 74, 0
1, 73, 0
1, 31, 0
0, 131, 0
0, 115, 0
1, 84, 0
1, 73, 0
1, 74, 0
1, 31, 0
1, 21, 0
0, 49, 0
0, 208, 1
1, 87, 0
1, 102, 0
0, 42, 0
1, 64, 0
1, 201, 0
1, 56, 0
1, 27, 0
1, 10, 1
1, 27, 0
1, 105, 0
0, 45, 0
1, 47, 0
1, 40, 0
1, 19, 0
1, 78, 0
1, 28, 0
1, 283, 0
1, 36, 0
1, 29, 0
1, 40, 0
1, 23, 0
1, 33, 0
1, 29, 0
1, 38, 0
0, 11, 0
1, 76, 0
1, 22, 1
1, 103, 0
1, 37, 0
1, 98, 0
1, 38, 0
0, 18, 0
1, 71, 1
1, 40, 0
1, 48, 0
1, 34, 0
1, 109, 0
1, 108, 0
1, 35, 0
1, 142, 0
1, 101, 1
1, 31, 0
1, 118, 0
1, 18, 0
1, 87, 1
1, 23, 0
1, 74, 0
1, 106, 0
1, 47, 0
1, 63, 0
1, 46, 0
1, 57, 0
1, 45, 0
1, 93, 0
1, 39, 0
1, 79, 0
0, 48, 0
1, 82, 0
1, 46, 0
1, 98, 0
1, 101, 0
0, 280, 0
1, 29, 0
1, 34, 0
1, 40, 0
1, 34, 0
1, 46, 0
1, 36, 0
1, 42, 0
1, 73, 0
1, 74, 0
1, 86, 0
0, 190, 0
0, 12, 0
0, 48, 0
1, 50, 1
1, 93, 0
1, 16, 0
0, 62, 0
0, 12, 0
1, 23, 0
1, 54, 0
0, 10, 0
1, 69, 0
1, 22, 0
1, 91, 0
1, 32, 1
1, 64, 0
1, 96, 0
1, 34, 0
1, 45, 0
1, 29, 0
1, 34, 0
1, 115, 0
1, 32, 0
1, 117, 0
0, 39, 0
1, 120, 0
1, 105, 0
1, 90, 0
0, 44, 0
1, 24, 1
1, 44, 0
1, 42, 0
1, 72, 0
1, 40, 0
1, 95, 0
1, 96, 0
1, 80, 0
1, 18, 0
1, 66, 0
0, 100, 0
1, 117, 0
1, 65, 0
1, 108, 0
0, 54, 0
1, 68, 0
1, 102, 1
1, 111, 0
1, 95, 0
1, 92, 0
1, 86, 0
1, 98, 0
1, 96, 0
1, 46, 0
1, 95, 0
1, 36, 1
0, 50, 1
0, 101, 0
1, 65, 0
1, 35, 0
1, 16, 0
1, 69, 0
1, 99, 0
1, 77, 0
1, 62, 0
1, 111, 0
1, 102, 0
1, 32, 0
1, 212, 0
1, 109, 0
1, 104, 0
0, 827, 1
1, 88, 0
1, 108, 0
1, 111, 0
1, 38, 1
1, 1, 0
0, 106, 1
1, 57, 0
1, 45, 0
0, 9, 0
1, 40, 0
1, 63, 0
0, 45, 0
1, 32, 0
1, 47, 0
1, 229, 0
1, 41, 0
1, 92, 0
1, 82, 0
1, 24, 0
1, 45, 0
0, 134, 1
1, 105, 0
1, 81, 0
0, 56, 0
0, 50, 1
1, 42, 0
1, 9, 0
1, 23, 0
1, 75, 0
1, 17, 0
1, 25, 0
1, 96, 0
0, 72, 0
1, 107, 0
1, 35, 0
1, 28, 0
1, 85, 1
1, 77, 0
1, 79, 0
1, 41, 0
1, 36, 0
0, 161, 0
1, 42, 0
1, 29, 0
1, 91, 0
1, 28, 0
0, 49, 1
1, 86, 0
1, 31, 0
1, 68, 1
1, 76, 0
1, 95, 0
1, 61, 1
1, 84, 0
1, 94, 0
1, 40, 0
1, 92, 0
1, 62, 0
1, 154, 0
1, 31, 0
1, 68, 0
1, 21, 0
1, 128, 0
1, 77, 0
1, 53, 0
1, 100, 0
1, 59, 0
1, 205, 0
1, 99, 0
1, 21, 0
1, 23, 0
1, 122, 0
1, 107, 0
1, 135, 0
1, 12, 0
1, 70, 0
1, 74, 0
0, 45, 0
0, 44, 1
1, 30, 1
1, 74, 0
1, 65, 0
1, 40, 1
1, 65, 0
1, 65, 0
1, 128, 0
1, 33, 0
0, 25, 0
1, 35, 0
1, 21, 1
0, 51, 0
1, 68, 0
1, 224, 0
0, 153, 1
1, 27, 0
1, 41, 1
0, 779, 1
1, 29, 0
1, 53, 0
1, 37, 0
1, 108, 0
1, 87, 0
1, 38, 0
1, 19, 0
0, 49, 0
0, 375, 1
1, 70, 0
1, 92, 0
1, 27, 0
1, 29, 0
0, 43, 0
1, 103, 0
1, 24, 0
1, 80, 0
1, 70, 0
1, 88, 1
1, 45, 0
1, 99, 1
1, 27, 0
1, 19, 0
1, 68, 0
0, 312, 1
1, 74, 0
1, 19, 1
1, 123, 0
1, 104, 0
1, 21, 0
1, 64, 0
1, 26, 0
1, 29, 0
1, 58, 0
1, 19, 0
0, 46, 0
1, 121, 0
1, 102, 0
1, 48, 0
0, 49, 0
1, 30, 0
1, 15, 0
1, 42, 0
1, 35, 1
1, 94, 0
1, 37, 0
1, 91, 0
1, 109, 0
0, 780, 1
1, 34, 0
1, 28, 0
0, 30, 0
1, 79, 1
1, 100, 0
0, 51, 0
1, 46, 0
1, 127, 0
1, 32, 1
1, 214, 0
1, 31, 0
1, 180, 0
1, 48, 0
1, 39, 0
1, 77, 0
0, 45, 0
1, 310, 1
0, 89, 0
1, 15, 1
1, 108, 0
1, 76, 0
0, 94, 1
1, 31, 0
1, 64, 0
1, 49, 0
1, 84, 0
1, 70, 0
1, 69, 0
1, 132, 0
1, 96, 0
1, 101, 0
1, 83, 0
1, 42, 0
0, 51, 0
1, 108, 0
1, 40, 0
1, 91, 0
1, 29, 0
1, 66, 0
1, 30, 0
0, 1308, 1
1, 117, 0
1, 24, 0
1, 45, 0
1, 45, 1
1, 100, 1
1, 59, 0
1, 208, 0
1, 68, 0
1, 46, 0
1, 63, 0
1, 135, 1
1, 116, 0
1, 166, 0
1, 103, 1
1, 105, 0
0, 105, 1
1, 37, 0
1, 105, 0
0, 93, 0
1, 47, 0
1, 28, 0
1, 48, 0
1, 39, 1
1, 68, 0
1, 75, 0
1, 45, 0
1, 98, 0
1, 17, 0
1, 43, 0
1, 89, 1
1, 70, 0
0, 87, 0
1, 66, 0
1, 7, 0
1, 125, 0
1, 75, 0
0, 42, 0
1, 87, 0
1, 4, 0
1, 13, 0
1, 35, 0
1, 195, 0
1, 100, 0
1, 88, 0
1, 70, 0
0, 980, 0
1, 35, 0
0, 143, 1
0, 37, 0
1, 299, 0
1, 80, 0
1, 78, 1
1, 100, 0
1, 95, 0
1, 100, 0
1, 5, 0
0, 332, 1
1, 79, 0
1, 93, 0
1, 39, 0
1, 95, 1
1, 62, 0
1, 94, 0
0, 88, 0
1, 27, 0
1, 66, 0
1, 49, 0
1, 29, 0
1, 92, 0
1, 94, 0
1, 39, 0
1, 100, 0
1, 101, 0
1, 34, 0
1, 51, 0
1, 55, 0
1, 69, 1
1, 71, 0
1, 80, 0
1, 66, 0
1, 31, 0
1, 71, 0
1, 48, 0
1, 40, 0
1, 69, 0
1, 105, 0
1, 202, 0
1, 54, 1
1, 76, 0
0, 1114, 1
1, 14, 0
0, 105, 1
0, 41, 0
1, 77, 0
1, 91, 0
1, 42, 0
1, 29, 0
1, 84, 0
1, 98, 0
1, 121, 1
1, 30, 0
1, 89, 0
1, 82, 0
1, 19, 0
1, 94, 0
1, 12, 1
1, 81, 1
1, 53, 0
0, 49, 0
1, 83, 0
1, 63, 0
1, 11, 0
1, 66, 0
1, 77, 0
1, 67, 0
1, 57, 0
1, 201, 0
1, 72, 0
1, 27, 0
1, 89, 0
1, 166, 0
1, 42, 0
0, 948, 1
1, 66, 0
1, 41, 0
1, 73, 0
1, 81, 0
1, 15, 0
1, 82, 0
1, 34, 0
1, 75, 0
1, 37, 0
0, 41, 0
1, 28, 0
1, 47, 0
1, 90, 0
1, 77, 0
1, 90, 0
1, 41, 1
1, 40, 0
1, 33, 0
1, 59, 0
1, 346, 0
0, 153, 1
1, 108, 0
1, 138, 0
1, 29, 0
1, 141, 0
1, 49, 0
1, 90, 0
1, 78, 0
1, 63, 0
1, 84, 0
1, 33, 0
1, 38, 0
1, 111, 0
1, 75, 0
1, 101, 0
1, 83, 0
1, 100, 1
1, 199, 0
1, 22, 0
1, 85, 0
1, 32, 0
1, 46, 0
1, 32, 0
1, 80, 0
1, 69, 0
1, 74, 0
1, 66, 0
1, 31, 0
1, 43, 0
1, 17, 0
1, 40, 0
0, 46, 0
1, 270, 0
1, 85, 0
0, 9, 0
1, 88, 0
1, 74, 0
1, 72, 0
1, 31, 0
1, 15, 0
1, 167, 0
1, 38, 0
1, 23, 0
1, 28, 0
1, 37, 0
1, 94, 0
1, 94, 0
1, 42, 0
1, 81, 0
1, 209, 0
1, 61, 0
1, 66, 0
1, 51, 0
1, 75, 0
1, 93, 0
1, 96, 0
0, 51, 0
1, 39, 0
1, 188, 1
1, 30, 0
1, 55, 0
1, 72, 0
1, 34, 0
1, 23, 0
1, 13, 1
1, 87, 0
1, 80, 0
1, 79, 0
1, 83, 0
1, 35, 0
1, 89, 0
1, 93, 0
1, 140, 0
1, 35, 0
1, 112, 0
0, 12, 0
1, 248, 0
1, 79, 0
1, 83, 0
1, 172, 0
1, 78, 0
1, 14, 0
1, 125, 0
1, 31, 0
1, 43, 1
1, 72, 0
1, 94, 0
0, 111, 0
1, 31, 0
1, 101, 0
1, 36, 0
1, 29, 0
1, 48, 0
0, 189, 0
1, 77, 0
1, 42, 0
1, 103, 0
1, 13, 0
1, 50, 0
1, 196, 0
0, 30, 0
1, 77, 0
1, 122, 0
1, 30, 1
1, 20, 0
1, 97, 0
1, 303, 0
1, 43, 0
0, 22, 0
1, 33, 0
1, 5, 0
1, 93, 0
1, 39, 0
0, 518, 1
1, 68, 0
1, 50, 0
1, 32, 0
1, 104, 0
1, 73, 0
1, 99, 0
1, 87, 0
1, 42, 0
1, 22, 0
1, 76, 0
1, 43, 0
0, 45, 0
1, 40, 0
1, 53, 0
1, 79, 0
1, 25, 0
1, 21, 0
1, 105, 0
1, 98, 0
1, 46, 0
1, 92, 0
1, 51, 0
1, 19, 0
0, 74, 0
1, 105, 0
0, 910, 1
0, 69, 0
1, 77, 0
1, 95, 0
1, 79, 0
1, 74, 0
1, 27, 0
0, 55, 0
1, 33, 1
1, 51, 1
1, 33, 0
0, 49, 0
1, 76, 0
1, 95, 0
1, 72, 0
1, 175, 0
1, 66, 0
1, 81, 0
1, 54, 0
1, 36, 1
1, 39, 0
1, 91, 0
1, 30, 0
1, 45, 0
1, 142, 0
1, 45, 0
0, 144, 0
0, 82, 0
1, 20, 0
1, 150, 1
1, 74, 0
1, 99, 0
1, 45, 0
1, 154, 0
1, 31, 0
1, 15, 0
1, 222, 0
0, 38, 0
1, 41, 0
1, 24, 0
1, 37, 0
1, 102, 1
1, 57, 0
1, 107, 0
1, 12, 1
0, 52, 0
1, 27, 0
1, 180, 0
1, 119, 0
0, 29, 0
1, 69, 0
1, 165, 0
1, 90, 0
1, 132, 0
0, 41, 0
1, 67, 0
1, 93, 0
1, 57, 0
1, 80, 1
1, 54, 1
1, 50, 0
1, 1, 0
1, 82, 0
1, 87, 0
0, 82, 0
1, 23, 0
0, 42, 1
1, 134, 0
0, 31, 0
1, 118, 0
0, 860, 1
1, 48, 0
1, 50, 0
1, 209, 0
1, 89, 0
1, 89, 0
1, 56, 0
1, 41, 0
1, 72, 0
1, 30, 0
1, 15, 0
1, 30, 0
1, 39, 0
1, 25, 0
1, 4, 1
1, 14, 0
1, 215, 0
1, 35, 0
1, 82, 0
0, 19, 0
1, 2691, 0
0, 83, 0
1, 595, 0
1, 127, 0
1, 46, 0
1, 92, 0
1, 74, 0
1, 39, 0
1, 48, 0
1, 58, 0
1, 119, 0
1, 46, 0
1, 70, 0
1, 19, 0
1, 117, 0
1, 90, 1
0, 46, 0
1, 68, 0
1, 38, 0
1, 67, 0
1, 25, 0
1, 43, 0
1, 38, 0
1, 42, 0
1, 19, 0
1, 67, 0
1, 26, 0
1, 69, 1
1, 28, 0
1, 26, 0
1, 44, 0
1, 16, 0
0, 46, 0
1, 304, 0
1, 390, 0
1, 89, 0
1, 295, 0
1, 87, 0
1, 52, 0
1, 32, 0
1, 100, 0
1, 20, 0
0, 51, 0
1, 31, 0
1, 45, 0
1, 31, 0
1, 27, 0
1, 30, 0
0, 42, 1
1, 58, 0
1, 31, 0
1, 65, 0
0, 46, 0
1, 66, 0
1, 75, 0
1, 32, 0
1, 6, 0
1, 32, 0
1, 72, 1
1, 32, 0
1, 40, 0
1, 92, 1
1, 10, 0
1, 99, 0
1, 54, 1
1, 29, 0
1, 72, 1
0, 72, 0
1, 28, 0
1, 92, 0
1, 99, 0
1, 57, 0
1, 93, 0
1, 86, 0
1, 79, 0
1, 50, 0
1, 32, 0
1, 29, 1
0, 45, 0
1, 14, 1
1, 92, 0
1, 27, 1
1, 94, 0
1, 66, 0
1, 29, 0
1, 20, 0
1, 99, 0
1, 100, 0
0, 308, 0
1, 27, 0
1, 63, 0
1, 99, 1
1, 43, 0
1, 75, 0
0, 9, 0
1, 44, 0
1, 14, 1
0, 19, 0
1, 31, 0
0, 45, 0
1, 33, 0
1, 87, 0
0, 80, 0
1, 31, 0
1, 81, 0
0, 90, 1
1, 43, 0
1, 102, 0
1, 30, 0
1, 74, 0
1, 346, 0
1, 25, 0
0, 402, 1
1, 79, 0
1, 173, 0
1, 100, 0
1, 94, 0
0, 51, 0
1, 102, 0
1, 127, 0
1, 101, 0
1, 75, 0
1, 106, 0
1, 101, 0
1, 41, 0
1, 118, 0
1, 69, 0
1, 77, 0
1, 100, 0
1, 23, 0
1, 109, 0
1, 36, 0
1, 40, 0
1, 17, 0
0, 753, 1
1, 37, 1
0, 55, 0
1, 83, 0
1, 81, 0
1, 146, 0
1, 46, 0
1, 40, 0
1, 89, 0
1, 82, 0
1, 12, 0
1, 94, 0
1, 205, 0
1, 40, 0
1, 98, 0
1, 70, 0
1, 61, 0
0, 920, 1
1, 26, 0
1, 48, 0
1, 51, 0
1, 111, 0
1, 69, 0
1, 166, 0
1, 169, 0
1, 44, 0
1, 82, 0
1, 99, 0
1, 38, 0
1, 77, 0
1, 64, 0
1, 75, 0
1, 41, 0
0, 99, 0
0, 40, 0
1, 215, 0
1, 20, 0
1, 26, 0
1, 57, 0
1, 56, 0
1, 34, 0
1, 42, 1
1, 43, 1
1, 46, 0
1, 15, 0
1, 20, 1
1, 62, 0
1, 24, 1
1, 24, 0
1, 41, 0
1, 79, 0
1, 52, 0
1, 48, 0
1, 119, 0
1, 81, 0
1, 89, 0
1, 71, 0
1, 50, 0
1, 64, 0
1, 63, 0
1, 45, 0
1, 81, 0
1, 31, 0
1, 66, 0
1, 1, 0
1, 131, 0
1, 95, 0
1, 94, 0
1, 84, 0
1, 38, 0
0, 48, 0
1, 79, 0
1, 30, 0
1, 114, 0
1, 100, 0
1, 28, 0
1, 135, 0
0, 447, 1
1, 29, 0
1, 72, 0
1, 33, 0
1, 31, 0
1, 82, 0
1, 171, 0
1, 33, 0
1, 29, 0
1, 41, 0
1, 88, 0
1, 1, 0
0, 41, 0
1, 43, 0
1, 35, 0
1, 42, 0
1, 92, 0
1, 61, 0
0, 31, 0
1, 198, 0
1, 29, 0
1, 69, 0
1, 25, 0
0, 421, 1
1, 45, 0
1, 50, 0
1, 26, 0
1, 75, 0
1, 103, 0
1, 96, 1
1, 39, 1
1, 15, 0
1, 24, 1
1, 44, 0
1, 27, 1
0, 96, 1
1, 37, 0
1, 21, 0
1, 94, 0
1, 108, 0
1, 71, 0
1, 47, 0
1, 32, 0
1, 80, 0
1, 21, 0
0, 45, 0
0, 147, 1
1, 78, 0
1, 39, 0
1, 28, 0
1, 93, 0
1, 51, 0
1, 43, 0
1, 47, 0
1, 22, 0
1, 37, 0
1, 1074, 0
1, 29, 0
1, 131, 0
0, 811, 1
0, 19, 0
1, 74, 1
1, 49, 0
0, 49, 0
1, 56, 0
0, 48, 0
1, 87, 0
1, 51, 0
1, 23, 0
1, 60, 0
1, 41, 0
1, 370, 0
1, 104, 0
1, 137, 0
1, 26, 0
1, 67, 0
1, 123, 0
1, 53, 0
1, 24, 0
1, 17, 0
1, 71, 0
1, 93, 0
1, 78, 0
1, 45, 0
1, 79, 0
1, 28, 0
0, 606, 1
1, 19, 0
1, 71, 0
1, 74, 0
1, 26, 0
1, 17, 0
1, 41, 0
1, 54, 0
1, 19, 0
1, 42, 0
1, 48, 0
0, 10, 0
1, 29, 1
1, 75, 0
1, 91, 0
1, 24, 0
1, 26, 0
1, 77, 1
1, 66, 0
1, 12, 0
1, 33, 0
1, 38, 0
1, 21, 0
1, 78, 0
0, 49, 0
0, 40, 0
1, 17, 0
1, 82, 0
1, 124, 0
1, 58, 0
1, 40, 0
1, 20, 0
1, 324, 0
1, 97, 0
0, 571, 0
1, 156, 0
0, 193, 1
1, 130, 0
1, 100, 0
1, 32, 0
1, 132, 0
1, 29, 0
1, 688, 1
1, 27, 0
1, 28, 0
1, 22, 0
1, 130, 0
1, 37, 0
1, 34, 1
1, 103, 0
1, 83, 0
1, 67, 0
1, 24, 0
1, 84, 0
1, 7, 0
1, 55, 0
1, 43, 0
1, 54, 0
1, 81, 0
1, 85, 0
1, 94, 0
1, 83, 0
1, 27, 0
1, 45, 0
1, 66, 0
1, 24, 0
1, 95, 0
1, 94, 0
1, 65, 0
1, 86, 0
0, 991, 1
1, 69, 0
1, 60, 0
1, 26, 0
1, 110, 0
1, 31, 0
0, 52, 0
1, 90, 0
1, 41, 0
1, 80, 0
1, 96, 0
1, 33, 0
1, 87, 0
1, 76, 0
1, 36, 0
1, 75, 0
1, 30, 0
1, 29, 0
1, 93, 0
1, 71, 0
0, 43, 0
1, 43, 0
1, 18, 0
1, 30, 0
1, 17, 0
1, 78, 0
1, 46, 0
1, 68, 0
1, 72, 0
1, 33, 0
1, 146, 0
1, 82, 0
1, 107, 0
1, 85, 0
1, 143, 0
1, 48, 0
1, 19, 0
1, 6, 0
1, 73, 0
1, 56, 0
1, 87, 0
0, 312, 1
1, 38, 0
1, 40, 0
1, 43, 0
1, 23, 0
1, 73, 0
1, 18, 0
1, 75, 0
1, 171, 0
1, 49, 0
0, 108, 1
1, 75, 0
1, 43, 0
1, 24, 0
0, 1513, 1
0, 109, 0
0, 615, 1
1, 17, 0
1, 66, 0
1, 103, 0
0, 81, 0
0, 11, 0
1, 29, 0
1, 34, 0
1, 37, 0
1, 134, 0
0, 51, 1
1, 38, 1
1, 1466, 0
1, 23, 0
1, 28, 1
1, 77, 0
1, 92, 0
1, 29, 0
1, 50, 0
1, 67, 0
1, 38, 0
0, 854, 1
1, 72, 0
1, 52, 0
1, 164, 0
1, 25, 0
0, 38, 0
1, 107, 0
1, 45, 0
1, 175, 0
1, 90, 0
1, 48, 0
1, 27, 0
1, 44, 1
1, 20, 0
1, 69, 1
1, 100, 0
1, 92, 0
1, 26, 0
0, 1653, 1
1, 125, 0
1, 67, 0
1, 76, 0
1, 11, 0
1, 37, 0
1, 30, 0
0, 3281, 1
1, 35, 0
1, 8, 0
0, 44, 0
0, 76, 0
1, 29, 0
1, 73, 1
1, 176, 0
1, 46, 0
1, 72, 0
1, 34, 0
1, 103, 0
1, 58, 0
1, 43, 0
1, 44, 0
1, 200, 0
1, 47, 0
1, 28, 0
1, 76, 0
1, 113, 0
1, 54, 0
1, 27, 0
1, 38, 0
1, 88, 0
0, 3251, 1
1, 29, 0
1, 28, 0
1, 89, 0
0, 672, 1
1, 79, 0
1, 76, 0
0, 1290, 1
1, 57, 0
1, 103, 0
1, 40, 0
1, 47, 0
1, 137, 0
1, 68, 0
0, 302, 0
1, 31, 0
1, 43, 0
1, 41, 0
1, 68, 0
1, 33, 0
1, 56, 0
1, 42, 0
1, 30, 0
1, 29, 0
1, 288, 0
1, 21, 0
1, 90, 0
1, 65, 1
1, 72, 0
1, 88, 0
1, 76, 0
0, 58, 0
1, 61, 0
1, 85, 0
1, 81, 0
0, 99, 0
1, 27, 0
1, 89, 1
1, 36, 0
1, 32, 0
1, 30, 0
1, 15, 1
1, 63, 0
1, 62, 0
1, 79, 0
1, 26, 0
0, 502, 1
1, 29, 0
1, 37, 1
1, 28, 0
1, 86, 0
0, 44, 0
1, 47, 0
1, 184, 0
1, 2, 0
1, 22, 0
1, 64, 0
1, 31, 0
1, 51, 0
0, 387, 1
1, 74, 0
1, 145, 0
1, 56, 0
1, 28, 0
1, 98, 0
1, 72, 1
1, 41, 0
0, 160, 1
1, 111, 0
1, 62, 0
1, 91, 0
1, 108, 1
1, 42, 0
1, 204, 0
1, 51, 0
1, 29, 0
1, 109, 1
1, 117, 0
1, 58, 0
1, 80, 0
1, 80, 1
1, 5, 0
1, 81, 0
1, 42, 0
1, 87, 0
1, 80, 0
1, 23, 0
1, 100, 0
0, 43, 1
1, 32, 1
1, 3, 0
1, 6, 0
1, 90, 0
1, 47, 0
1, 216, 0
1, 21, 0
1, 90, 0
1, 28, 0
1, 153, 0
1, 93, 1
1, 137, 0
1, 93, 0
0, 19, 0
1, 70, 0
1, 99, 0
1, 97, 0
1, 74, 0
1, 23, 0
1, 35, 0
0, 10, 0
1, 77, 0
1, 104, 0
0, 1990, 1
1, 38, 0
1, 12, 0
1, 31, 0
1, 73, 0
1, 43, 0
1, 78, 0
1, 70, 0
1, 28, 0
1, 29, 0
1, 63, 0
1, 54, 0
1, 92, 0
1, 97, 0
1, 55, 0
1, 125, 0
0, 85, 0
1, 248, 0
1, 64, 0
1, 35, 0
1, 26, 0
1, 23, 0
1, 14, 0
1, 68, 0
1, 69, 0
1, 1, 0
1, 92, 0
1, 68, 0
1, 97, 0
1, 44, 0
1, 78, 0
1, 114, 0
1, 79, 0
0, 605, 1
1, 47, 0
1, 69, 0
1, 1329, 0
1, 103, 0
1, 100, 0
1, 40, 0
1, 31, 0
1, 93, 0
1, 23, 0
1, 45, 0
1, 90, 0
1, 143, 0
1, 101, 0
1, 20, 0
1, 36, 0
1, 21, 0
1, 75, 1
1, 115, 0
1, 30, 0
1, 99, 0
1, 35, 0
1, 108, 0
1, 38, 0
1, 34, 0
1, 31, 0
1, 51, 0
1, 22, 0
1, 30, 1
1, 114, 0
1, 102, 0
1, 28, 0
1, 76, 1
1, 35, 0
1, 131, 1
1, 141, 0
1, 33, 0
1, 120, 0
1, 93, 0
1, 23, 0
1, 28, 0
1, 41, 0
0, 682, 1
1, 27, 0
1, 112, 0
1, 118, 0
0, 1750, 1
1, 59, 0
0, 196, 0
1, 40, 0
0, 44, 0
1, 52, 0
1, 41, 0
1, 44, 1
1, 93, 1
1, 70, 0
1, 40, 0
1, 30, 0
1, 84, 0
1, 35, 0
1, 31, 0
0, 12, 0
1, 41, 0
1, 100, 0
1, 62, 0
1, 96, 0
1, 46, 0
1, 46, 0
1, 69, 1
1, 100, 0
1, 19, 0
1, 92, 0
1, 110, 0
1, 37, 0
1, 30, 0
1, 35, 0
1, 73, 0
1, 52, 0
1, 104, 0
1, 110, 1
1, 152, 0
0, 38, 0
1, 44, 0
1, 115, 0
1, 35, 0
1, 46, 0
1, 34, 0
1, 78, 0
1, 24, 0
0, 38, 0
1, 100, 0
1, 82, 1
1, 40, 0
1, 30, 0
1, 41, 0
1, 98, 0
1, 31, 0
1, 35, 0
1, 44, 0
1, 74, 0
1, 83, 0
1, 77, 0
1, 107, 0
1, 25, 0
1, 50, 0
1, 38, 0
1, 86, 0
0, 44, 0
1, 132, 0
1, 7, 0
1, 42, 0
1, 121, 0
1, 22, 0
1, 73, 0
1, 74, 0
1, 80, 0
1, 109, 1
1, 34, 1
1, 32, 1
1, 29, 0
0, 41, 0
1, 88, 0
1, 66, 0
1, 97, 0
1, 16, 0
1, 47, 0
1, 27, 0
1, 57, 0
1, 78, 0
1, 24, 0
1, 39, 0
1, 75, 0
1, 239, 0
1, 157, 1
1, 67, 0
1, 294, 0
1, 40, 0
1, 89, 0
1, 85, 0
1, 33, 0
1, 64, 1
1, 87, 0
1, 25, 0
1, 34, 0
1, 52, 0
1, 32, 0
1, 77, 0
1, 67, 0
1, 164, 0
1, 26, 1
1, 37, 0
1, 24, 0
0, 332, 1
1, 105, 0
1, 6, 0
1, 13, 0
1, 33, 0
1, 81, 0
1, 83, 0
1, 27, 0
1, 73, 0
1, 117, 0
1, 42, 0
1, 42, 1
1, 31, 0
1, 67, 0
1, 75, 1
1, 103, 0
1, 66, 0
1, 43, 0
0, 23, 0
0, 439, 1
1, 6, 0
1, 67, 0
1, 76, 0
1, 16, 0
1, 36, 0
1, 46, 0
1, 77, 0
0, 54, 0
0, 46, 0
0, 61, 0
1, 67, 0
0, 18, 0
0, 20, 0
1, 40, 0
1, 39, 0
1, 79, 0
1, 32, 0
0, 431, 1
1, 71, 0
1, 102, 0
1, 93, 0
0, 47, 0
0, 16, 0
1, 111, 0
0, 979, 1
1, 29, 0
1, 46, 1
1, 126, 0
1, 142, 0
1, 30, 0
1, 20, 0
0, 19, 0
1, 77, 0
1, 34, 0
1, 27, 1
0, 19, 0
1, 61, 0
1, 136, 0
1, 31, 0
0, 44, 0
0, 97, 0
1, 51, 0
1, 39, 1
1, 23, 0
1, 87, 0
1, 25, 0
0, 44, 0
1, 62, 0
1, 68, 0
0, 46, 0
1, 26, 0
1, 69, 0
1, 28, 0
0, 38, 0
0, 38, 0
1, 117, 0
1, 242, 0
0, 103, 1
1, 75, 0
0, 12, 0
0, 40, 0
1, 120, 0
1, 93, 0
1, 72, 0
0, 21, 0
1, 69, 0
1, 7, 1
0, 137, 1
1, 45, 0
1, 33, 0
1, 130, 0
0, 22, 0
1, 66, 0
0, 17, 1
1, 29, 1
1, 47, 0
0, 48, 0
1, 99, 0
1, 97, 0
1, 134, 0
1, 17, 0
0, 29, 0
0, 300, 1
1, 123, 0
1, 56, 0
0, 43, 0
1, 98, 0
0, 56, 0
1, 72, 0
0, 27, 0
1, 105, 0
1, 148, 0
1, 22, 0
0, 31, 0
0, 31, 0
0, 19, 0
0, 114, 0
1, 72, 0
1, 41, 1
1, 28, 0
0, 28, 0
0, 44, 0
1, 76, 0
1, 29, 0
1, 1, 0
0, 209, 1
1, 224, 0
0, 297, 1
1, 22, 0
0, 88, 1
1, 24, 0
1, 35, 0
1, 115, 0
1, 45, 0
1, 81, 0
1, 95, 0
1, 27, 0
1, 37, 0
1, 35, 0
1, 28, 1
1, 143, 0
1, 26, 0
1, 26, 1
1, 80, 0
1, 21, 0
1, 63, 0
1, 37, 0
0, 174, 0
1, 72, 0
1, 43, 0
0, 17, 0
0, 143, 0
1, 17, 0
1, 45, 0
1, 79, 1
1, 42, 0
1, 38, 0
1, 76, 1
1, 37, 0
1, 369, 0
1, 120, 0
0, 300, 1
1, 42, 0
1, 90, 0
0, 12, 0
0, 45, 0
1, 72, 0
1, 39, 0
1, 26, 0
1, 75, 0
1, 103, 0
1, 31, 0
1, 47, 0
1, 53, 0
0, 54, 0
0, 13, 0
1, 56, 0
0, 49, 0
1, 19, 0
1, 53, 0
1, 45, 0
1, 26, 0
1, 149, 0
0, 53, 0
1, 34, 0
1, 93, 1
0, 23, 0
1, 35, 0
1, 42, 0
0, 11, 0
1, 81, 0
1, 44, 0
0, 36, 0
1, 99, 0
1, 44, 0
1, 46, 0
1, 61, 0
0, 374, 1
1, 72, 0
1, 37, 0
1, 82, 0
0, 44, 0
1, 54, 0
1, 25, 0
0, 35, 0
1, 19, 0
1, 65, 0
1, 55, 0
1, 49, 0
1, 32, 1
0, 40, 0
1, 44, 0
1, 38, 0
0, 73, 1
0, 56, 0
1, 104, 1
0, 511, 1
1, 52, 0
1, 73, 0
1, 66, 0
1, 37, 0
1, 102, 1
1, 34, 0
1, 38, 0
1, 73, 0
1, 74, 0
1, 95, 0
1, 71, 0
1, 88, 0
1, 51, 0
1, 49, 0
1, 46, 0
1, 53, 0
1, 93, 0
1, 27, 0
1, 77, 0
0, 18, 0
1, 202, 0
0, 11, 0
1, 67, 0
1, 37, 0
1, 24, 0
1, 191, 0
1, 261, 0
1, 38, 0
0, 63, 0
1, 13, 0
1, 21, 0
1, 69, 0
1, 15, 0
0, 130, 0
1, 61, 0
1, 51, 0
1, 73, 0
1, 26, 0
1, 100, 0
1, 31, 0
1, 3, 0
1, 44, 0
0, 30, 0
1, 88, 0
0, 546, 1
1, 26, 0
0, 25, 0
1, 17, 0
1, 47, 1
1, 227, 0
1, 57, 0
1, 19, 0
1, 43, 0
1, 79, 0
0, 59, 0
1, 101, 0
1, 40, 0
1, 89, 0
1, 61, 0
1, 28, 0
1, 29, 0
0, 19, 0
1, 122, 0
0, 70, 0
1, 39, 0
1, 38, 0
1, 71, 0
1, 45, 0
1, 98, 0
1, 97, 0
1, 35, 0
1, 103, 0
1, 96, 0
1, 42, 0
1, 33, 0
1, 46, 0
1, 62, 0
0, 10, 0
1, 41, 0
1, 30, 0
1, 33, 0
1, 100, 0
1, 102, 0
0, 52, 1
1, 35, 0
1, 31, 0
1, 84, 0
0, 7, 0
0, 7, 0
0, 8, 0
1, 3, 0
0, 8, 0
0, 9, 0
0, 25, 0
1, 45, 1
1, 62, 0
1, 78, 0
1, 83, 0
1, 116, 0
0, 10, 0
1, 60, 0
1, 89, 0
1, 69, 0
1, 62, 0
1, 61, 0
1, 30, 0
0, 18, 1
1, 73, 0
1, 68, 0
1, 83, 0
1, 26, 0
0, 15, 0
1, 51, 0
0, 17, 0
1, 57, 1
1, 91, 0
1, 13, 0
1, 33, 0
1, 105, 0
1, 36, 0
1, 15, 0
1, 110, 0
0, 9, 0
1, 39, 0
0, 12, 0
1, 61, 0
1, 45, 0
1, 48, 0
1, 50, 0
1, 59, 0
1, 91, 0
1, 41, 0
1, 47, 0
1, 78, 0
0, 48, 0
1, 73, 0
0, 42, 0
1, 37, 1
0, 46, 0
1, 27, 0
0, 10, 0
1, 45, 0
1, 43, 0
1, 103, 0
1, 60, 0
1, 90, 0
1, 35, 0
0, 2, 0
0, 1, 0
0, 1, 1
0, 1, 0
0, 1, 0
0, 1, 0
0, 1, 0
0, 1, 0
0, 1, 0
0, 1, 0
0, 1, 0
0, 1, 0
0, 1, 0
0, 1, 0
0, 1, 0
0, 1, 0
0, 1, 0
1, 38, 0
1, 51, 0
1, 74, 0
1, 79, 0
1, 70, 0
1, 52, 0
0, 35, 0
1, 93, 0
1, 89, 1
1, 96, 0
1, 70, 0
1, 27, 0
1, 101, 0
1, 140, 0
0, 50, 0
1, 215, 0
1, 30, 1
1, 40, 0
1, 150, 0
1, 73, 0
1, 95, 0
1, 31, 0
1, 39, 0
1, 19, 0
1, 22, 0
0, 43, 0
0, 50, 0
1, 87, 0
1, 66, 1
1, 28, 0
0, 19, 0
0, 15, 0
1, 32, 0
1, 79, 0
0, 51, 0
1, 42, 0
0, 41, 0
0, 41, 0
1, 61, 0
1, 72, 0
1, 63, 0
1, 28, 0
0, 154, 1
1, 72, 0
1, 31, 0
0, 46, 0
1, 171, 0
1, 121, 0
0, 64, 0
1, 30, 0
1, 209, 0
1, 135, 0
1, 88, 0
1, 29, 0
1, 138, 0
1, 29, 0
1, 99, 0
1, 31, 0
0, 143, 0
0, 129, 0
1, 31, 0
1, 80, 0
1, 24, 0
1, 35, 0
1, 368, 0
1, 35, 0
0, 35, 0
1, 81, 0
1, 98, 0
1, 61, 0
1, 118, 0
0, 54, 1
1, 28, 1
1, 77, 0
1, 29, 0
1, 25, 0
1, 66, 0
0, 12, 0
1, 116, 0
0, 49, 0
1, 79, 0
1, 79, 0
1, 94, 0
1, 44, 0
0, 13, 0
1, 25, 0
1, 55, 0
1, 72, 0
1, 67, 0
1, 677, 0
1, 25, 0
0, 40, 0
1, 26, 0
1, 41, 0
1, 25, 0
1, 106, 0
1, 81, 0
1, 28, 0
1, 36, 0
1, 73, 0
1, 25, 1
1, 39, 0
1, 32, 0
1, 23, 1
1, 136, 0
0, 45, 0
1, 55, 0
0, 9, 0
1, 93, 0
1, 26, 0
0, 10, 0
1, 40, 0
1, 29, 0
1, 40, 0
1, 86, 1
1, 89, 0
1, 76, 0
1, 94, 0
0, 10, 0
1, 15, 0
0, 7, 0
0, 7, 0
0, 7, 0
0, 5, 0
0, 5, 0
0, 12, 0
0, 5, 0
0, 10, 0
0, 10, 0
1, 26, 0
0, 7, 0
0, 9, 0
0, 8, 0
1, 94, 0
1, 170, 0
0, 48, 0
1, 60, 0
1, 87, 0
1, 30, 0
0, 95, 0
1, 28, 0
0, 19, 0
1, 50, 0
1, 25, 0
1, 20, 0
1, 17, 0
0, 24, 0
0, 9, 0
1, 18, 0
0, 10, 0
0, 12, 0
1, 102, 0
1, 23, 0
1, 89, 0
0, 14, 0
1, 131, 1
1, 52, 0
1, 14, 0
1, 46, 1
0, 10, 0
1, 62, 0
1, 169, 0
1, 66, 0
1, 32, 0
1, 49, 0
1, 16, 1
0, 293, 1
1, 18, 0
0, 47, 0
1, 47, 0
1, 108, 0
1, 50, 0
1, 54, 0
1, 17, 0
1, 48, 0
1, 82, 0
1, 79, 0
1, 44, 0
1, 26, 0
1, 102, 0
0, 2, 0
0, 2, 0
0, 2, 0
0, 43, 0
1, 39, 0
1, 65, 0
1, 57, 0
1, 70, 0
1, 34, 0
1, 132, 0
1, 84, 0
0, 46, 0
1, 79, 0
1, 29, 0
1, 36, 0
1, 78, 0
1, 23, 0
1, 23, 0
1, 94, 0
0, 49, 0
0, 172, 1
0, 70, 0
1, 28, 0
0, 308, 1
0, 48, 0
1, 29, 0
1, 47, 0
1, 24, 0
1, 30, 1
1, 18, 0
1, 67, 0
0, 11, 0
1, 74, 1
1, 34, 0
1, 84, 0
1, 67, 0
1, 50, 0
1, 105, 0
1, 39, 0
1, 13, 1
1, 48, 0
1, 75, 0
1, 24, 0
1, 49, 0
0, 100, 1
1, 28, 0
1, 35, 0
0, 45, 0
1, 43, 0
0, 8, 0
1, 116, 0
1, 92, 0
1, 44, 0
1, 28, 0
1, 34, 0
1, 40, 0
1, 43, 1
1, 58, 0
1, 15, 1
1, 25, 0
1, 97, 0
1, 23, 0
1, 32, 0
1, 144, 0
0, 52, 0
1, 22, 0
0, 33, 0
1, 68, 1
1, 39, 0
1, 86, 0
1, 41, 0
1, 90, 0
1, 97, 0
0, 8, 0
0, 50, 0
1, 74, 0
1, 28, 0
0, 10, 0
0, 11, 0
1, 101, 0
1, 95, 0
1, 18, 0
1, 47, 0
1, 16, 0
1, 75, 0
1, 15, 0
1, 68, 0
1, 125, 0
1, 64, 0
0, 114, 0
0, 24, 0
0, 19, 0
1, 50, 0
1, 103, 0
0, 11, 0
1, 59, 0
1, 103, 0
0, 101, 0
1, 93, 0
1, 127, 0
1, 133, 0
1, 126, 1
1, 36, 0
0, 36, 0
1, 37, 0
1, 40, 0
1, 55, 0
1, 94, 0
1, 42, 0
1, 59, 0
1, 48, 0
0, 70, 0
1, 29, 0
0, 45, 0
1, 62, 0
1, 85, 0
1, 96, 0
1, 20, 0
1, 89, 0
0, 3, 0
0, 3, 0
0, 5, 0
1, 85, 0
1, 101, 0
1, 26, 0
1, 68, 0
1, 130, 0
1, 71, 0
0, 19, 0
1, 119, 0
1, 514, 0
1, 71, 0
0, 41, 0
1, 51, 0
1, 32, 0
1, 16, 0
1, 13, 0
1, 138, 0
1, 42, 0
1, 33, 0
1, 6, 0
1, 102, 0
1, 79, 0
0, 486, 1
0, 21, 0
0, 19, 0
1, 19, 0
1, 47, 0
1, 42, 0
1, 34, 0
1, 179, 0
1, 66, 0
1, 16, 0
1, 74, 1
1, 93, 0
1, 134, 0
1, 100, 0
1, 37, 1
0, 49, 0
1, 75, 0
0, 49, 0
1, 96, 0
1, 21, 0
1, 75, 1
1, 39, 0
1, 69, 1
1, 29, 0
0, 28, 0
0, 583, 1
1, 19, 0
0, 35, 0
1, 36, 0
0, 44, 0
1, 68, 0
1, 42, 0
1, 38, 0
0, 30, 0
0, 224, 0
1, 65, 0
0, 87, 1
1, 1, 0
0, 54, 0
0, 42, 1
1, 131, 0
1, 41, 0
1, 28, 0
1, 88, 0
1, 32, 0
0, 10, 0
1, 133, 1
1, 90, 0
1, 76, 1
0, 46, 0
0, 53, 0
1, 38, 0
1, 102, 0
0, 30, 0
1, 39, 0
1, 50, 0
0, 254, 0
0, 52, 0
1, 29, 0
1, 77, 0
1, 46, 0
1, 88, 0
1, 41, 0
1, 43, 0
1, 99, 0
1, 196, 1
1, 50, 0
1, 126, 0
1, 79, 0
1, 52, 0
1, 93, 0
0, 4, 0
0, 4, 0
0, 10, 0
0, 16, 0
0, 4, 0
0, 4, 0
0, 4, 0
0, 4, 0
0, 4, 0
0, 4, 0
0, 4, 0
0, 4, 0
0, 4, 0
0, 4, 0
0, 4, 0
0, 4, 0
0, 10, 1
0, 4, 1
0, 4, 0
0, 4, 0
0, 4, 0
0, 4, 0
0, 4, 0
0, 4, 0
0, 4, 0
1, 25, 0
0, 21, 0
0, 10, 1
1, 42, 0
1, 37, 0
1, 90, 0
1, 33, 1
0, 374, 1
1, 93, 1
1, 30, 0
0, 41, 0
1, 86, 0
1, 20, 0
0, 52, 0
0, 69, 0
1, 178, 0
0, 9, 0
1, 81, 0
1, 40, 0
1, 60, 0
1, 4, 0
1, 43, 0
1, 74, 0
1, 65, 0
1, 19, 0
1, 65, 0
1, 24, 0
1, 45, 0
1, 18, 0
1, 33, 1
0, 13, 1
0, 460, 1
1, 64, 0
1, 33, 0
1, 56, 0
1, 11, 0
1, 138, 0
1, 33, 0
1, 96, 0
1, 42, 0
1, 101, 0
1, 50, 1
0, 496, 1
0, 1, 0
0, 84, 0
1, 18, 0
1, 35, 0
0, 1, 0
1, 45, 0
1, 35, 0
1, 27, 0
1, 34, 0
1, 27, 0
0, 1, 0
0, 14, 0
1, 96, 0
1, 129, 0
1, 93, 0
1, 69, 0
1, 39, 0
1, 21, 0
1, 182, 0
1, 58, 0
1, 28, 0
1, 3, 0
0, 37, 1
1, 30, 0
0, 288, 1
1, 33, 0
1, 43, 0
1, 20, 0
0, 43, 0
1, 44, 0
1, 89, 0
1, 51, 1
1, 22, 0
1, 44, 0
1, 46, 0
1, 32, 0
1, 38, 0
1, 174, 0
1, 34, 0
1, 83, 0
1, 94, 0
1, 23, 0
1, 275, 1
1, 41, 0
1, 58, 0
1, 31, 0
1, 43, 0
1, 12, 0
1, 26, 0
1, 33, 0
1, 21, 0
1, 207, 0
1, 46, 1
0, 12, 0
1, 25, 0
1, 38, 0
1, 23, 1
0, 138, 1
1, 27, 0
0, 33, 1
0, 41, 0
1, 40, 0
0, 698, 1
1, 107, 0
0, 200, 0
0, 10, 0
0, 8, 0
0, 17, 0
1, 89, 0
1, 78, 0
1, 48, 0
1, 36, 0
0, 26, 0
0, 6, 0
1, 121, 0
0, 11, 0
1, 23, 0
1, 80, 0
1, 95, 0
1, 27, 0
1, 38, 0
0, 7, 0
0, 81, 0
1, 71, 0
0, 8, 0
1, 106, 1
1, 67, 0
1, 31, 0
1, 27, 0
1, 39, 0
0, 35, 0
1, 82, 0
1, 78, 0
0, 59, 0
0, 10, 0
1, 35, 0
1, 23, 0
1, 40, 0
1, 22, 0
1, 82, 0
1, 56, 0
0, 11, 0
1, 74, 0
1, 61, 0
1, 2, 0
0, 23, 0
0, 23, 0
0, 19, 0
1, 56, 0
1, 24, 0
1, 32, 0
0, 44, 0
1, 146, 0
0, 17, 0
1, 28, 0
0, 540, 1
0, 8, 0
0, 8, 0
0, 8, 0
0, 7, 0
0, 27, 0
0, 5, 0
0, 3, 0
0, 3, 0
0, 3, 0
0, 3, 0
0, 3, 0
0, 2, 0
0, 2, 0
0, 2, 0
0, 2, 0
0, 2, 0
0, 2, 0
0, 2, 0
0, 2, 0
0, 2, 0
0, 38, 0
0, 130, 0
1, 77, 0
1, 25, 0
1, 28, 0
1, 33, 0
1, 122, 0
1, 24, 0
1, 72, 0
0, 189, 0
1, 67, 0
0, 15, 0
1, 50, 0
0, 18, 0
1, 101, 0
0, 149, 0
1, 45, 0
1, 81, 1
1, 68, 0
1, 77, 1
1, 43, 0
1, 170, 0
1, 51, 1
1, 63, 0
1, 48, 0
0, 19, 0
1, 58, 0
1, 89, 0
1, 84, 0
1, 40, 0
1, 35, 0
0, 42, 1
1, 263, 0
1, 157, 0
1, 19, 0
0, 58, 0
0, 47, 0
1, 21, 0
1, 62, 0
0, 19, 0
1, 48, 0
0, 548, 1
1, 27, 0
0, 58, 0
1, 24, 0
1, 37, 0
1, 115, 0
1, 57, 0
0, 75, 0
1, 28, 0
0, 57, 1
0, 42, 0
0, 253, 1
1, 32, 0
0, 49, 0
0, 6, 1
0, 10, 0
0, 39, 0
0, 10, 0
0, 44, 0
1, 5, 0
1, 31, 0
1, 95, 0
1, 266, 0
1, 79, 0
1, 67, 0
1, 82, 1
0, 150, 0
1, 55, 0
0, 10, 0
1, 96, 0
1, 88, 1
1, 93, 0
0, 93, 0
0, 20, 0
0, 19, 1
1, 47, 0
0, 36, 0
1, 18, 0
0, 79, 0
1, 19, 1
1, 66, 0
1, 18, 1
1, 24, 0
0, 544, 1
1, 132, 0
1, 124, 0
1, 91, 0
1, 73, 0
1, 76, 0
1, 94, 0
1, 54, 0
1, 25, 0
1, 72, 0
1, 66, 0
1, 95, 0
1, 22, 0
0, 16, 0
1, 33, 0
1, 109, 0
1, 40, 0
0, 14, 0
1, 18, 0
0, 12, 0
1, 128, 0
0, 137, 0
1, 21, 0
0, 66, 0
1, 105, 1
1, 125, 0
1, 57, 0
1, 32, 0
1, 29, 0
0, 41, 0
1, 37, 0
1, 35, 0
1, 105, 0
1, 89, 0
0, 17, 0
1, 25, 0
1, 35, 0
1, 72, 0
1, 37, 0
0, 54, 1
0, 82, 1
1, 78, 0
1, 67, 0
1, 90, 0
1, 75, 0
1, 74, 0
1, 101, 0
1, 56, 0
1, 66, 0
1, 38, 0
1, 106, 0
0, 46, 0
1, 83, 1
1, 148, 0
1, 101, 0
1, 22, 0
0, 10, 0
0, 385, 1
1, 130, 1
1, 56, 0
1, 34, 0
0, 925, 1
1, 16, 0
1, 281, 0
0, 81, 1
1, 111, 0
1, 27, 0
1, 6, 0
1, 101, 0
1, 37, 0
1, 78, 0
0, 21, 0
1, 79, 1
1, 10, 0
1, 31, 0
0, 1263, 1
1, 41, 0
1, 30, 0
1, 68, 0
1, 52, 0
1, 93, 0
1, 72, 0
1, 37, 0
1, 43, 0
1, 44, 0
1, 59, 0
0, 21, 0
1, 14, 0
1, 41, 0
1, 65, 0
1, 82, 0
1, 114, 0
1, 45, 0
0, 41, 0
1, 92, 1
1, 43, 0
1, 66, 0
0, 46, 0
1, 79, 0
1, 106, 0
1, 52, 0
1, 7, 0
1, 62, 1
1, 25, 0
1, 85, 0
1, 34, 0
1, 101, 0
1, 74, 0
1, 70, 0
1, 29, 0
1, 53, 0
1, 49, 0
1, 33, 0
1, 100, 0
1, 72, 0
1, 98, 0
1, 205, 0
1, 168, 1
1, 68, 0
1, 180, 1
1, 46, 0
1, 74, 0
1, 71, 0
1, 69, 0
0, 14, 0
1, 20, 0
1, 40, 0
1, 81, 0
0, 72, 1
1, 159, 0
1, 68, 0
1, 90, 0
1, 59, 0
1, 43, 0
0, 26, 1
0, 83, 1
1, 89, 0
1, 29, 0
1, 103, 0
1, 42, 0
0, 17, 0
1, 39, 0
1, 72, 1
0, 10, 0
0, 17, 0
0, 7, 0
1, 8, 0
0, 6, 0
0, 6, 0
1, 51, 0
0, 23, 0
0, 58, 0
1, 51, 0
1, 30, 0
1, 62, 0
1, 69, 0
0, 10, 0
1, 29, 0
1, 104, 0
1, 71, 1
1, 35, 0
1, 31, 0
1, 91, 0
1, 76, 0
1, 25, 0
1, 75, 0
1, 192, 0
1, 134, 0
0, 479, 1
1, 29, 1
0, 70, 0
0, 164, 0
1, 82, 0
1, 54, 0
1, 62, 0
1, 25, 0
1, 31, 0
1, 90, 0
0, 13, 1
1, 64, 0
1, 69, 0
1, 81, 1
0, 41, 0
1, 31, 0
1, 31, 0
1, 47, 0
1, 43, 1
0, 5, 0
0, 5, 0
0, 5, 0
1, 33, 0
0, 10, 0
0, 12, 0
0, 11, 0
1, 50, 0
0, 9, 0
1, 64, 1
0, 136, 0
1, 11, 0
0, 41, 0
1, 98, 0
1, 101, 0
1, 79, 0
1, 29, 0
1, 30, 0
0, 12, 0
0, 35, 0
1, 33, 0
1, 120, 0
0, 11, 0
1, 107, 0
1, 98, 0
1, 12, 0
1, 98, 0
0, 86, 0
0, 13, 0
0, 46, 0
1, 31, 0
1, 50, 0
0, 70, 0
1, 96, 0
1, 105, 0
1, 30, 0
1, 92, 0
1, 16, 0
1, 110, 0
1, 64, 1
0, 25, 0
1, 176, 0
1, 37, 0
1, 27, 0
1, 67, 1
1, 27, 0
1, 95, 1
1, 34, 1
1, 35, 0
1, 55, 1
1, 99, 0
1, 30, 0
1, 75, 0
0, 77, 0
1, 71, 0
0, 296, 1
1, 131, 0
0, 184, 0
1, 100, 0
1, 133, 0
1, 34, 0
1, 51, 1
0, 44, 0
1, 37, 0
1, 44, 0
1, 125, 0
0, 333, 1
1, 108, 0
1, 40, 0
0, 47, 0
1, 23, 0
1, 76, 1
1, 89, 0
1, 7, 0
0, 29, 0
1, 187, 0
1, 44, 0
0, 74, 0
1, 76, 0
1, 39, 0
1, 39, 0
1, 19, 0
1, 28, 0
0, 49, 1
0, 221, 0
0, 112, 0
0, 69, 1
1, 69, 0
1, 94, 0
1, 75, 0
0, 146, 1
1, 31, 0
1, 84, 0
1, 91, 0
1, 138, 0
1, 134, 0
1, 114, 0
0, 46, 0
0, 19, 0
1, 89, 0
0, 37, 0
1, 47, 0
1, 15, 0
1, 66, 0
1, 74, 0
1, 45, 0
1, 132, 0
0, 13, 0
0, 40, 0
1, 61, 0
1, 27, 0
1, 38, 0
1, 40, 0
1, 20, 0
1, 27, 0
0, 27, 0
0, 25, 0
1, 77, 0
1, 92, 0
0, 20, 1
0, 22, 0
0, 19, 0
1, 8, 0
0, 16, 0
1, 20, 0
1, 72, 0
0, 9, 0
1, 64, 0
0, 2, 0
0, 1, 0
0, 1, 0
0, 1, 0
0, 1, 0
0, 1, 0
0, 1, 0
0, 1, 0
0, 1, 0
0, 1, 0
0, 1, 0
0, 1, 0
0, 1, 0
0, 1, 0
0, 1, 0
0, 1, 0
0, 1, 0
0, 44, 0
1, 91, 0
1, 65, 0
0, 20, 0
1, 47, 0
1, 59, 0
1, 43, 0
1, 105, 0
1, 135, 0
1, 41, 0
1, 21, 0
1, 32, 0
0, 35, 1
0, 813, 1
1, 97, 0
1, 113, 1
0, 80, 0
1, 93, 0
0, 32, 0
1, 83, 0
1, 51, 0
1, 22, 0
1, 60, 0
1, 51, 0
1, 91, 0
1, 24, 0
1, 79, 0
1, 99, 0
0, 9, 0
1, 58, 0
1, 193, 1
1, 25, 0
1, 57, 0
1, 30, 0
1, 56, 1
1, 83, 0
1, 36, 0
0, 9, 0
0, 9, 0
0, 9, 0
0, 9, 0
0, 9, 0
0, 10, 0
1, 79, 1
1, 21, 0
1, 76, 0
0, 14, 0
1, 44, 0
1, 106, 0
1, 85, 0
1, 113, 0
1, 73, 0
1, 92, 0
1, 43, 0
0, 1, 0
0, 1, 0
0, 1, 0
0, 1, 0
0, 1, 0
0, 1, 0
0, 1, 0
0, 1, 0
0, 1, 1
0, 1, 0
1, 27, 0
0, 42, 1
1, 56, 0
1, 28, 0
0, 134, 0
1, 79, 0
0, 1, 0
1, 81, 0
1, 29, 1
0, 38, 0
1, 48, 0
1, 61, 0
1, 46, 0
1, 29, 0
1, 27, 1
1, 80, 0
1, 29, 0
0, 78, 0
0, 21, 0
1, 5, 0
0, 40, 0
1, 69, 0
1, 29, 0
1, 99, 0
0, 46, 0
1, 75, 0
1, 66, 0
1, 66, 0
1, 88, 0
1, 27, 0
1, 52, 1
0, 4, 0
0, 4, 0
0, 4, 0
0, 4, 0
0, 4, 0
0, 19, 0
1, 28, 0
1, 13, 0
1, 34, 0
0, 12, 0
1, 39, 1
0, 28, 0
1, 26, 0
1, 98, 0
1, 39, 0
0, 5, 0
0, 5, 0
1, 86, 0
1, 133, 0
1, 45, 0
0, 1, 0
0, 9, 0
1, 39, 0
1, 13, 0
1, 37, 0
1, 80, 0
0, 459, 1
1, 50, 0
1, 38, 0
0, 15, 0
0, 13, 0
1, 20, 0
1, 44, 0
1, 110, 0
1, 76, 0
1, 44, 0
1, 24, 1
0, 38, 0
1, 30, 0
1, 69, 1
1, 43, 0
1, 91, 0
1, 147, 0
1, 62, 0
1, 41, 0
1, 52, 0
1, 157, 0
1, 99, 0
1, 22, 0
1, 104, 0
1, 52, 0
1, 55, 0
0, 65, 1
1, 63, 0
0, 30, 0
1, 43, 0
1, 43, 0
1, 85, 0
1, 26, 1
1, 73, 0
1, 66, 0
1, 105, 0
1, 99, 0
0, 2, 0
0, 2, 0
0, 2, 0
0, 2, 0
0, 2, 0
0, 2, 0
0, 2, 0
0, 2, 0
0, 2, 0
0, 4, 0
0, 4, 0
0, 4, 0
0, 4, 0
1, 121, 0
1, 251, 1
1, 97, 0
1, 51, 0
0, 1, 0
0, 1, 0
0, 1, 0
0, 1, 0
0, 1, 0
0, 1, 0
0, 1, 0
0, 1, 0
0, 1, 0
0, 1, 0
0, 1, 0
0, 1, 0
0, 1, 0
0, 1, 0
0, 1, 0
1, 101, 0
1, 63, 0
1, 30, 0
1, 53, 1
1, 82, 0
1, 62, 0
0, 45, 0
0, 19, 0
1, 90, 0
0, 7, 0
1, 92, 0
1, 63, 1
1, 27, 0
1, 116, 0
0, 135, 1
0, 26, 0
0, 35, 0
1, 83, 0
0, 37, 0
1, 91, 0
1, 88, 0
0, 28, 0
1, 143, 0
1, 18, 0
1, 104, 0
1, 28, 0
0, 144, 0
1, 17, 0
1, 87, 0
1, 39, 1
1, 82, 0
0, 55, 0
1, 43, 0
1, 17, 0
1, 89, 0
1, 79, 0
0, 189, 1
1, 24, 0
1, 25, 0
1, 94, 0
0, 99, 1
1, 28, 0
1, 142, 0
1, 25, 1
1, 124, 0
1, 39, 0
0, 185, 1
1, 24, 0
1, 41, 0
0, 39, 0
1, 9, 0
0, 70, 0
1, 39, 0
1, 41, 0
1, 71, 0
1, 10, 0
1, 51, 0
1, 13, 0
1, 93, 0
1, 23, 0
1, 25, 0
1, 34, 0
1, 110, 0
1, 63, 0
1, 60, 1
1, 75, 0
1, 70, 0
0, 4, 0
0, 10, 0
1, 75, 0
1, 75, 0
1, 109, 0
1, 30, 0
1, 4, 0
0, 45, 0
1, 51, 0
1, 28, 0
1, 100, 0
1, 7, 0
1, 27, 0
1, 9, 0
1, 21, 0
0, 104, 0
1, 136, 0
1, 32, 0
1, 50, 0
1, 109, 0
0, 94, 1
0, 30, 0
1, 62, 0
1, 24, 0
0, 105, 1
1, 32, 0
1, 64, 0
1, 28, 0
1, 258, 0
1, 103, 0
1, 30, 0
1, 23, 0
1, 22, 1
1, 22, 0
1, 100, 0
1, 40, 0
1, 5, 0
1, 47, 0
1, 57, 0
1, 31, 0
0, 10, 0
1, 30, 0
0, 7, 0
0, 7, 0
0, 119, 0
0, 43, 0
0, 44, 0
1, 115, 0
1, 82, 0
1, 173, 0
1, 226, 0
1, 22, 0
1, 22, 0
0, 18, 0
1, 30, 0
1, 79, 0
0, 30, 0
1, 96, 0
0, 21, 0
1, 55, 0
1, 31, 0
0, 557, 0
1, 73, 0
1, 18, 0
1, 39, 0
0, 147, 0
0, 147, 0
1, 8, 0
1, 42, 0
1, 35, 0
1, 45, 0
1, 38, 0
1, 84, 0
1, 117, 0
1, 29, 0
0, 585, 1
1, 43, 0
1, 31, 0
1, 66, 0
1, 73, 0
1, 73, 0
1, 106, 0
1, 40, 0
0, 4, 0
0, 2, 0
0, 2, 0
0, 2, 0
0, 2, 1
0, 2, 0
0, 2, 0
0, 2, 0
0, 2, 0
1, 139, 0
1, 82, 0
1, 64, 0
1, 64, 0
0, 7, 0
1, 51, 1
0, 5, 0
0, 5, 1
1, 89, 0
1, 29, 0
1, 75, 0
1, 32, 0
1, 107, 0
0, 171, 1
1, 17, 0
1, 94, 0
1, 48, 0
0, 383, 1
1, 78, 0
1, 21, 0
1, 51, 0
1, 119, 0
1, 86, 0
1, 38, 0
1, 27, 0
1, 28, 1
1, 29, 0
1, 83, 0
0, 119, 0
0, 15, 0
1, 37, 0
1, 32, 0
1, 104, 0
1, 51, 0
0, 44, 0
1, 46, 0
1, 65, 0
0, 46, 0
1, 28, 0
1, 20, 0
1, 40, 0
0, 94, 0
1, 41, 0
1, 28, 0
1, 30, 0
0, 9, 0
1, 16, 0
1, 71, 1
1, 35, 0
1, 29, 0
1, 19, 0
1, 45, 0
1, 11, 0
0, 17, 0
1, 111, 0
1, 63, 0
0, 1, 0
0, 160, 0
0, 12, 0
0, 11, 0
1, 96, 0
1, 15, 0
1, 59, 0
1, 31, 0
1, 72, 0
1, 37, 0
1, 78, 0
1, 4, 0
1, 39, 0
1, 89, 0
1, 104, 0
0, 777, 1
0, 46, 0
0, 58, 0
0, 283, 1
1, 52, 0
1, 30, 0
0, 16, 0
0, 43, 0
1, 33, 0
1, 91, 0
0, 38, 0
1, 21, 1
1, 78, 0
0, 27, 0
1, 30, 0
0, 6845, 0
0, 7, 0
0, 7, 0
1, 27, 0
1, 24, 0
1, 66, 0
1, 66, 0
1, 82, 0
1, 154, 0
1, 32, 0
1, 81, 0
1, 19, 1
1, 32, 0
0, 35, 0
1, 27, 0
1, 22, 0
1, 315, 1
1, 70, 0
1, 33, 0
0, 342, 1
1, 27, 0
1, 46, 0
1, 48, 0
1, 24, 0
1, 74, 0
0, 51, 0
1, 89, 0
1, 156, 0
1, 70, 0
1, 83, 0
1, 87, 0
0, 11, 0
1, 72, 0
1, 26, 0
1, 41, 0
1, 41, 0
1, 71, 0
1, 91, 0
1, 53, 0
1, 85, 0
1, 40, 0
0, 22, 0
1, 42, 0
1, 13, 0
1, 26, 0
0, 43, 0
1, 87, 0
0, 26, 0
1, 13, 0
1, 212, 0
1, 41, 0
1, 21, 0
1, 48, 0
1, 70, 0
1, 86, 0
1, 105, 0
0, 33, 0
1, 73, 0
0, 46, 0
1, 9, 0
0, 21, 0
1, 84, 0
0, 28, 0
1, 27, 0
0, 220, 1
1, 275, 0
1, 86, 1
1, 66, 0
1, 74, 0
1, 75, 0
1, 93, 0
1, 49, 1
1, 96, 0
1, 29, 0
1, 79, 0
1, 84, 0
1, 91, 0
1, 38, 0
0, 92, 0
0, 93, 0
1, 29, 0
0, 2, 0
0, 2, 0
0, 2, 0
0, 2, 0
0, 2, 0
0, 2, 0
0, 2, 0
1, 10, 0
0, 4, 0
0, 4, 0
0, 4, 1
0, 4, 0
0, 4, 0
1, 79, 1
1, 77, 1
1, 96, 0
1, 37, 0
1, 114, 0
1, 54, 0
1, 60, 1
1, 72, 0
1, 140, 1
0, 24, 0
1, 80, 0
1, 89, 1
1, 33, 0
1, 85, 0
1, 99, 0
1, 34, 0
1, 59, 0
1, 31, 0
0, 45, 0
1, 56, 0
1, 31, 0
1, 41, 0
1, 70, 1
1, 46, 0
0, 45, 0
1, 20, 0
1, 21, 0
1, 95, 0
1, 71, 0
1, 27, 0
1, 31, 0
1, 76, 0
1, 72, 1
1, 85, 0
0, 197, 0
0, 49, 0
1, 37, 0
1, 34, 0
0, 261, 1
1, 25, 0
0, 114, 0
1, 72, 0
1, 70, 0
0, 12, 0
1, 25, 0
1, 29, 0
0, 44, 0
0, 30, 0
0, 86, 0
1, 68, 0
1, 83, 0
1, 41, 0
1, 54, 0
1, 31, 0
1, 51, 0
1, 33, 1
1, 78, 0
0, 46, 0
1, 112, 1
1, 64, 0
1, 199, 0
0, 3, 0
0, 3, 0
0, 3, 0
0, 3, 0
0, 5, 0
0, 5, 0
0, 5, 0
1, 26, 0
1, 45, 0
1, 17, 0
1, 22, 0
1, 41, 0
1, 92, 0
1, 81, 0
1, 57, 0
1, 1, 0
1, 24, 0
0, 364, 1
0, 1768, 1
0, 92, 1
0, 10, 0
1, 1, 0
1, 88, 0
0, 4, 0
0, 4, 0
0, 5, 0
0, 5, 0
1, 101, 0
0, 15, 0
0, 33, 0
1, 66, 0
1, 67, 0
1, 44, 0
1, 73, 0
1, 48, 0
1, 62, 0
1, 31, 0
1, 68, 0
1, 69, 0
1, 72, 0
1, 28, 0
1, 172, 0
1, 125, 0
0, 48, 0
1, 84, 0
1, 126, 0
1, 19, 0
1, 77, 0
1, 54, 0
0, 37, 0
1, 9, 0
0, 38, 0
1, 155, 0
1, 3, 0
1, 24, 0
0, 44, 0
1, 95, 0
0, 41, 0
1, 78, 0
1, 31, 0
0, 108, 0
0, 62, 1
0, 65, 0
1, 25, 1
1, 45, 0
1, 66, 0
1, 34, 0
1, 36, 0
1, 100, 0
1, 78, 0
1, 15, 0
1, 31, 0
1, 68, 1
0, 47, 0
1, 67, 0
1, 24, 0
0, 217, 1
1, 46, 0
0, 49, 0
1, 14, 0
1, 18, 0
1, 79, 0
0, 90, 1
0, 34, 0
1, 41, 0
1, 163, 0
0, 80, 0
0, 1460, 1
1, 59, 0
1, 86, 0
1, 16, 0
1, 32, 0
1, 46, 0
1, 78, 0
1, 40, 0
1, 35, 0
1, 102, 0
1, 38, 0
1, 41, 0
1, 61, 0
1, 17, 0
1, 70, 0
1, 69, 0
1, 32, 0
1, 9, 0
1, 89, 0
1, 55, 0
0, 18, 0
0, 14, 1
0, 40, 0
1, 8, 0
0, 18, 1
1, 60, 0
1, 25, 0
0, 23, 0
0, 151, 0
1, 72, 0
1, 88, 0
1, 42, 0
0, 12, 0
1, 173, 0
1, 29, 0
1, 88, 0
1, 71, 0
0, 134, 0
1, 60, 0
1, 123, 0
1, 25, 0
0, 21, 0
1, 35, 0
1, 40, 0
0, 345, 1
1, 87, 0
0, 48, 0
1, 61, 0
1, 346, 0
1, 60, 0
1, 78, 0
1, 55, 0
1, 30, 0
1, 101, 0
1, 81, 0
0, 55, 0
1, 75, 0
0, 19, 0
1, 30, 0
0, 67, 0
1, 125, 0
1, 30, 0
1, 82, 0
1, 38, 0
0, 6, 0
0, 6, 0
0, 5, 0
0, 5, 0
1, 8, 0
0, 3, 0
0, 3, 0
0, 3, 0
0, 3, 0
0, 3, 1
0, 3, 0
1, 33, 0
1, 37, 0
0, 117, 1
1, 761, 1
1, 73, 0
1, 53, 0
1, 115, 0
1, 125, 0
1, 33, 0
1, 63, 0
1, 90, 0
1, 14, 0
1, 50, 0
0, 19, 0
1, 46, 0
1, 91, 0
0, 20, 0
1, 35, 0
1, 69, 1
1, 8, 0
0, 12, 0
0, 109, 0
1, 114, 0
1, 70, 0
1, 150, 0
1, 66, 0
1, 44, 0
1, 68, 0
0, 241, 0
0, 19, 0
1, 111, 0
1, 38, 0
1, 25, 0
1, 37, 0
0, 21, 0
1, 79, 0
0, 64, 0
1, 58, 0
1, 85, 0
0, 10, 0
1, 29, 0
0, 16, 0
0, 16, 0
1, 42, 0
1, 84, 0
1, 24, 0
1, 45, 1
1, 86, 0
0, 98, 1
1, 101, 0
0, 518, 1
1, 60, 0
1, 29, 1
1, 63, 0
1, 76, 0
0, 12, 0
1, 44, 1
1, 34, 0
1, 597, 0
1, 149, 0
1, 109, 0
1, 120, 0
1, 88, 0
1, 116, 0
1, 27, 0
1, 70, 0
0, 76, 0
1, 38, 0
1, 10, 0
1, 39, 0
1, 16, 0
1, 63, 0
0, 51, 0
1, 80, 0
1, 205, 0
1, 1, 0
0, 19, 0
0, 132, 0
1, 32, 0
0, 48, 0
0, 16, 0
0, 152, 0
0, 103, 0
1, 23, 0
1, 74, 0
1, 25, 0
1, 32, 0
1, 45, 1
0, 16, 1
1, 72, 0
1, 39, 0
1, 64, 0
0, 1025, 1
1, 22, 0
0, 47, 0
1, 41, 1
1, 32, 0
1, 63, 0
1, 93, 0
1, 190, 0
1, 28, 0
1, 115, 0
1, 29, 0
1, 134, 1
1, 78, 0
0, 11, 0
1, 89, 0
1, 66, 0
0, 6, 0
0, 167, 0
1, 66, 0
1, 34, 0
0, 446, 1
1, 33, 0
1, 25, 0
1, 79, 0
1, 29, 0
1, 82, 0
1, 71, 0
1, 13, 0
1, 1, 0
1, 42, 0
1, 44, 0
1, 19, 0
1, 28, 1
1, 67, 0
1, 107, 0
1, 83, 0
1, 25, 0
1, 61, 0
1, 18, 1
0, 44, 0
0, 34, 0
1, 93, 0
1, 54, 0
1, 33, 0
1, 32, 0
0, 44, 0
1, 39, 0
1, 674, 0
0, 15, 0
1, 18, 0
1, 37, 0
1, 2, 0
1, 17, 0
0, 510, 1
0, 510, 1
1, 62, 0
0, 37, 0
1, 36, 0
1, 26, 0
1, 18, 0
1, 72, 0
0, 16, 1
1, 56, 0
1, 43, 0
1, 32, 1
1, 74, 0
1, 72, 0
0, 52, 0
1, 32, 0
1, 47, 0
1, 83, 0
1, 100, 0
0, 50, 0
1, 29, 0
1, 42, 0
1, 7, 0
1, 98, 0
1, 45, 0
1, 24, 0
1, 83, 0
1, 63, 0
0, 98, 0
1, 45, 0
1, 25, 0
1, 104, 0
0, 53, 0
1, 61, 0
1, 86, 0
1, 50, 0
1, 37, 0
1, 23, 0
1, 102, 0
1, 74, 0
1, 23, 0
1, 31, 0
1, 197, 0
0, 182, 1
1, 72, 0
1, 69, 0
1, 71, 0
1, 76, 0
0, 17, 0
1, 30, 0
1, 88, 0
1, 132, 0
1, 52, 0
1, 89, 0
1, 76, 0
0, 96, 0
1, 368, 0
1, 12, 0
1, 63, 0
0, 5, 0
0, 5, 0
0, 5, 0
0, 3, 0
0, 3, 0
0, 3, 0
0, 3, 0
0, 3, 0
1, 100, 0
1, 42, 0
1, 92, 0
0, 10, 0
1, 49, 0
1, 47, 0
0, 45, 0
1, 36, 0
1, 25, 0
1, 92, 0
0, 35, 0
1, 71, 0
1, 42, 0
0, 20, 0
1, 40, 0
1, 71, 0
1, 32, 0
1, 35, 0
1, 68, 0
1, 33, 0
1, 59, 0
1, 46, 0
1, 24, 0
1, 15, 0
0, 39, 1
1, 21, 0
1, 66, 0
1, 38, 0
1, 113, 0
1, 60, 1
0, 39, 0
1, 48, 0
0, 51, 0
0, 179, 1
1, 122, 0
1, 63, 0
0, 20, 0
1, 110, 0
0, 454, 1
0, 11, 1
0, 6, 0
0, 7, 0
0, 6, 0
0, 4, 0
0, 10, 0
0, 4, 0
0, 2, 0
0, 2, 0
0, 2, 0
0, 2, 0
0, 2, 0
0, 2, 0
0, 2, 0
0, 2, 0
0, 2, 0
1, 103, 0
1, 362, 1
0, 72, 0
1, 24, 0
1, 86, 0
0, 257, 0
1, 81, 0
0, 43, 0
1, 34, 0
1, 77, 0
0, 11, 0
1, 1, 0
0, 9, 0
0, 8, 0
1, 101, 0
0, 5, 1
0, 5, 0
0, 6, 1
1, 15, 0
1, 98, 0
1, 52, 0
1, 124, 0
1, 2, 0
1, 84, 0
1, 29, 0
1, 17, 0
1, 180, 0
1, 29, 0
1, 109, 0
0, 21, 0
1, 38, 0
1, 144, 0
1, 161, 0
1, 71, 0
0, 33, 0
1, 3, 0
1, 37, 0
1, 79, 0
0, 57, 0
0, 730, 1
1, 20, 0
1, 34, 0
1, 52, 0
0, 21, 0
1, 37, 0
1, 62, 0
1, 18, 0
1, 14, 0
0, 52, 0
1, 17, 0
1, 27, 0
1, 29, 0
1, 66, 0
1, 82, 0
1, 30, 0
0, 97, 0
1, 38, 0
1, 50, 0
1, 49, 0
1, 62, 0
1, 92, 0
1, 38, 0
0, 512, 1
1, 32, 0
1, 44, 0
1, 29, 0
1, 28, 0
0, 18, 0
1, 79, 0
1, 42, 0
1, 58, 0
1, 46, 1
1, 25, 0
1, 57, 0
0, 9, 0
