81,16
178,35
105,21
238,48
81,16
184,36
141,29
128,26
174,35
157,31
224,45
106,21
22,4
216,43
231,46
9,1
290,58
206,41
161,32
17,4
199,40
66,14
214,43
55,11
94,18
168,33
152,31
134,27
120,24
239,48
177,35
114,22
225,45
11,2
61,12
165,33
326,65
213,43
213,43
104,21
207,42
193,39
102,20
161,32
106,21
10,2
121,24
155,31
99,20
177,35
122,24
173,35
189,38
165,33
39,8
81,16
216,44
157,31
209,42
197,40
136,27
90,18
220,44
197,39
189,37
67,13
59,12
47,9
148,30
223,45
10,2
155,31
121,24
282,57
119,23
94,18
25,5
158,31
203,41
204,40
245,49
93,18
80,16
124,25
187,37
41,8
178,36
97,19
137,28
24,4
54,11
223,44
207,42
163,33
11,2
208,41
52,10
116,23
186,38
130,26
75,15
394,79
83,16
25,5
211,42
27,5
204,40
252,50
229,46
8,1
108,21
58,11
111,23
216,43
161,32
121,24
176,36
28,5
291,58
48,9
50,10
175,35
163,33
194,38
143,29
169,34
100,20
13,2
193,39
202,40
202,41
119,24
184,37
240,48
9,1
231,47
180,36
266,53
23,4
125,25
183,36
70,14
226,45
381,76
222,44
10,2
121,24
75,15
34,7
52,10
206,42
207,41
217,43
112,22
130,26
143,29
17,3
79,16
126,25
91,18
13,3
134,26
130,26
21,4
237,48
174,34
183,36
2,1
251,50
171,35
169,34
133,27
136,27
102,20
189,38
118,24
14,2
165,33
98,19
63,12
17,4
201,40
213,43
142,28
206,41
358,72
8,1
204,40
49,9
147,29
33,6
105,21
121,25
160,32
161,32
96,19
28,6
204,40
63,12
100,20
67,13
303,60
113,22
5,1
93,19
104,21
184,36
16,3
2,1
245,49
174,34
59,11
9,2
5,1
118,23
83,16
158,31
126,25
49,10
15,3
240,48
79,15
20,4
69,13
45,9
113,23
79,15
2,0
167,33
173,34
34,7
227,46
264,53
221,45
129,26
88,18
111,23
154,31
53,10
136,27
91,18
100,20
103,20
104,20
190,38
52,10
264,53
130,26
222,44
8,1
56,11
13,2
141,29
169,33
8,2
143,28
132,26
154,31
183,37
10,2
181,36
217,44
133,26
211,42
176,35
124,24
144,28
12,2
9,2
59,12
149,30
149,30
22,5
97,19
76,15
59,12
214,43
155,31
103,21
112,23
146,29
1,0
205,41
4,1
87,18
40,8
49,9
26,5
219,44
127,25
199,40
56,11
43,9
219,44
154,30
26,5
77,15
208,41
100,20
159,32
57,11
157,31
149,30
385,77
90,18
120,24
227,46
244,48
58,12
59,11
55,11
243,49
146,29
157,31
1,1
60,12
153,30
56,11
201,40
163,33
62,12
180,36
174,34
221,44
71,14
201,40
156,31
157,31
106,21
25,5
201,40
191,38
85,17
179,36
132,26
107,21
93,18
58,12
47,9
110,22
7,1
150,30
9,2
205,41
54,10
190,38
75,15
59,12
145,29
40,8
91,19
24,5
80,16
47,9
21,4
188,38
151,30
67,13
141,28
40,8
84,17
42,8
87,17
184,37
108,21
83,17
157,32
44,8
192,39
9,1
60,12
187,38
37,7
72,14
91,18
19,3
172,34
100,20
7,1
160,32
92,18
88,18
7,1
94,18
73,14
30,6
44,8
99,20
154,30
13,2
6,2
123,24
220,44
112,22
118,23
125,25
195,39
71,14
206,42
131,27
129,25
155,31
97,20
12,2
24,4
130,26
111,22
181,36
94,18
5,1
80,16
80,16
59,11
3,1
45,9
145,29
114,23
171,34
218,43
14,3
109,21
37,8
79,15
184,36
39,7
126,25
77,15
26,5
235,47
148,29
84,16
174,35
44,8
3,0
36,8
169,34
211,42
213,42
61,12
168,33
149,30
3,0
190,38
125,25
228,46
47,9
201,40
55,11
94,19
14,2
127,25
88,17
137,28
198,39
139,27
215,43
173,34
86,18
37,7
142,28
9,1
83,17
80,16
124,24
47,9
57,11
143,28
58,11
130,26
15,3
235,47
80,16
66,13
207,41
203,41
142,28
167,34
171,34
100,20
106,22
117,23
172,34
12,2
28,6
219,44
85,17
228,46
197,40
163,33
202,41
36,8
200,40
30,6
110,22
33,6
108,22
99,19
161,32
123,24
47,9
1,1
186,37
232,47
35,7
143,29
209,41
185,37
35,7
123,24
57,11
156,32
91,19
141,28
94,18
76,15
34,7
94,19
319,64
48,9
134,27
23,4
144,28
6,1
414,83
6,2
112,22
90,18
219,43
71,14
21,4
200,40
7,2
72,14
202,40
162,32
16,3
26,5
5,1
128,26
1,0
2,0
226,45
191,38
43,8
188,37
95,19
27,5
140,28
161,32
14,2
138,27
58,11
116,24
184,37
211,43
110,22
167,33
36,8
196,39
134,27
142,29
228,46
207,42
32,6
30,6
134,26
158,31
23,4
52,10
10,2
161,32
145,29
76,15
131,26
155,31
87,17
107,21
96,19
241,48
40,8
46,9
181,36
186,37
125,25
75,15
52,10
46,9
136,27
59,11
190,38
143,28
92,18
4,1
181,36
45,9
160,32
28,6
22,4
107,21
171,34
205,41
140,28
11,3
15,3
74,15
189,37
87,17
165,33
30,6
113,22
79,15
9,2
184,36
79,16
9,1
176,36
1,0
62,12
86,17
7,1
216,43
89,17
230,46
1,0
196,39
80,16
41,8
39,7
162,33
4,0
145,29
15,3
66,13
95,19
1,1
18,3
26,5
138,27
162,32
136,27
123,24
61,12
21,4
60,12
153,30
116,23
214,43
128,25
166,33
104,21
32,6
75,15
65,13
156,31
94,19
153,30
12,2
1,1
147,29
182,36
185,37
244,49
123,24
14,2
182,36
185,37
67,13
54,10
220,44
6,1
46,9
186,38
59,11
137,28
2,0
160,32
185,37
212,43
132,26
133,27
89,17
100,20
11,2
4,1
21,4
131,26
76,15
28,6
90,18
89,17
222,44
90,18
105,21
176,35
191,38
98,19
162,32
95,19
56,11
75,15
108,21
36,7
219,44
100,20
297,59
14,2
89,17
81,16
226,45
15,3
22,4
118,23
1,1
145,29
148,29
64,12
216,43
101,20
172,35
18,3
45,9
206,41
145,29
9,2
198,39
42,8
37,8
49,9
4,1
63,13
78,15
177,35
110,22
70,14
110,22
93,18
18,3
211,42
19,4
175,35
125,25
225,45
57,11
38,8
76,15
120,24
199,40
94,18
53,11
154,30
162,32
153,31
182,37
130,26
40,8
86,17
75,15
209,41
128,25
161,32
122,24
17,3
78,15
201,40
65,13
111,22
68,14
248,50
132,26
83,17
3,1
84,16
218,43
156,31
47,9
63,12
61,12
39,8
110,22
216,43
221,44
108,21
261,53
221,45
126,25
52,10
220,44
149,30
31,6
152,30
5,1
149,29
57,11
59,11
168,33
150,30
183,36
173,34
66,13
126,25
75,15
128,25
92,18
28,6
29,5
68,13
17,3
65,13
227,45
5,1
170,34
221,44
86,17
11,2
115,23
209,42
11,3
125,25
161,33
226,45
98,19
36,7
73,14
143,28
113,22
137,27
53,10
62,13
186,37
53,10
41,8
239,48
243,48
4,1
105,21
194,38
186,37
9,2
165,33
206,41
196,39
88,17
17,3
77,15
273,54
24,4
136,27
159,31
4,1
29,5
205,41
78,15
147,30
9,2
127,25
150,30
102,20
37,7
31,6
120,24
31,6
154,30
30,6
147,29
76,15
210,42
218,43
170,34
385,77
89,18
56,11
62,12
84,16
93,18
91,18
203,40
232,46
22,4
91,18
54,10
1,0
208,41
157,31
229,46
92,18
183,37
30,6
72,14
219,44
34,6
100,20
117,23
110,22
86,17
133,26
120,24
118,23
11,2
61,12
53,10
179,36
132,26
149,29
3,1
225,45
75,15
80,16
74,14
262,52
48,9
1,0
15,3
109,21
134,26
8,1
31,6
116,23
5,1
163,32
71,14
103,20
104,20
80,16
29,5
166,33
159,31
43,9
113,22
60,12
78,15
27,5
15,3
1,0
151,30
93,18
1,0
201,40
144,28
156,31
2,1
117,23
125,25
87,17
45,9
118,24
41,8
113,23
184,36
187,37
153,31
105,21
68,13
114,22
17,3
72,14
45,9
5,1
143,28
176,35
103,20
260,52
13,3
6,1
229,46
49,9
90,18
45,9
225,45
106,21
57,11
92,18
115,23
189,37
70,14
37,7
19,3
44,9
109,21
137,27
6,2
5,1
96,19
7,1
117,24
212,42
248,49
76,15
232,46
129,26
169,33
153,30
338,67
91,18
123,24
112,22
191,38
112,22
59,11
193,38
60,12
161,32
49,10
58,11
87,17
185,37
21,4
65,13
192,38
126,25
59,11
118,23
78,15
162,32
23,4
141,28
126,25
142,29
145,29
68,13
33,6
210,42
118,23
97,19
156,31
155,31
10,2
10,2
122,24
206,41
154,31
224,45
216,43
47,9
177,35
229,45
98,19
219,43
161,32
174,35
4,1
93,18
80,16
135,27
229,46
20,4
176,35
221,44
8,1
130,26
28,5
23,4
109,21
59,11
6,1
122,24
10,2
59,11
10,2
69,13
3,0
68,13
144,28
192,38
69,13
84,16
182,36
106,21
113,22
18,4
27,5
252,50
95,19
136,27
11,2
14,3
217,43
76,16
80,16
252,50
140,28
134,26
32,6
166,33
57,11
176,35
21,4
195,39
250,50
263,53
54,11
75,15
138,27
28,5
39,8
186,37
153,30
55,11
37,7
29,5
86,17
63,12
203,40
26,5
102,21
213,42
23,4
104,20
179,35
363,73
252,51
27,5
55,11
75,15
174,35
22,4
43,8
11,3
38,7
35,7
34,6
177,35
113,22
78,16
87,18
105,21
152,30
214,43
197,39
17,3
177,35
137,27
68,14
27,5
75,15
6,1
171,34
16,4
205,41
259,52
34,6
85,17
55,11
15,3
33,6
45,9
90,18
109,21
46,9
94,18
52,10
46,9
76,15
181,36
14,2
23,4
22,5
213,42
113,22
140,28
18,3
225,45
41,8
115,23
4,0
105,21
2,0
57,11
153,30
197,40
200,40
13,2
119,24
26,5
120,24
239,47
90,18
90,18
107,21
2,0
2,0
134,26
197,40
69,13
16,3
281,56
57,11
57,11
45,9
49,9
53,10
17,4
54,11
158,31
64,12
112,22
212,43
41,8
223,44
57,11
76,15
183,36
245,49
193,38
41,8
78,15
237,47
153,30
21,4
15,3
19,4
166,33
7,1
19,3
11,2
122,24
117,23
13,2
78,15
132,26
147,30
163,32
200,40
165,33
4,1
153,30
12,2
45,9
20,4
34,6
79,15
120,24
18,3
102,20
80,16
150,30
44,9
38,7
135,27
70,14
31,6
205,41
129,26
149,29
44,8
99,19
42,8
205,41
19,3
43,9
207,41
88,17
152,30
123,24
25,5
82,16
83,17
63,12
31,6
68,13
96,19
10,2
163,32
309,61
164,33
27,5
78,16
82,16
9,2
55,11
73,15
101,21
188,37
190,38
76,15
245,49
17,4
9,1
360,72
5,1
22,4
80,16
178,35
17,3
223,44
89,17
151,30
258,51
169,33
47,9
140,28
134,27
107,21
52,10
202,40
140,28
256,51
120,24
159,32
156,31
33,7
63,12
184,37
215,43
184,36
36,7
105,21
225,45
3,0
134,26
180,36
25,5
65,13
147,29
227,46
86,17
76,15
89,17
421,84
53,11
49,10
128,25
211,42
189,37
208,42
123,24
164,32
192,38
14,3
83,16
22,5
134,26
102,20
48,9
100,20
125,25
74,14
38,7
50,10
218,43
61,12
42,8
166,33
20,4
210,42
229,46
3,0
54,10
91,18
173,35
82,17
23,5
95,19
28,5
65,13
134,26
72,15
99,19
236,47
216,43
144,29
89,17
30,6
186,37
90,18
25,5
